5.875113506465018E-10 2.937556753232509E-8 1.4687783766162545E-6 0.02 0.0 7.343891883081273E-5 5.875113506552865E-10 0.0
1.8800363220688058E-8 9.106425935020778E-7 4.406335129848763E-5 0.02 0.0 0.002129728646093569 1.880036322069473E-8 0.0
1.427652582070999E-7 6.1982447493205925E-6 2.643801077909257E-4 0.02 0.0 0.011015837824621903 1.4276525820711025E-7 0.0
6.016116230620179E-7 2.29423182427459E-5 8.372036746712653E-4 0.02 0.0 0.02864117834401698 6.016116230620179E-7 0.0
1.8359729707703185E-6 6.171806738541503E-5 0.0019387874571334565 0.02 0.0 0.05507918912310956 1.8359729707703264E-6 0.0
4.568488262627197E-6 1.366257645928439E-4 0.0037453848603714434 0.02 0.0 0.09032987016189935 4.568488262627203E-6 0.0
9.874303270315758E-6 2.6529075038442805E-4 0.006433249289579207 0.02 0.0 0.13439322146038818 9.874303270315762E-6 0.0
1.925157193798457E-5 4.6886343338344065E-4 0.01017863414995063 0.02 0.0 0.18726924301857117 1.9251571937984578E-5 0.0
3.469195774432528E-5 7.720192903170353E-4 0.01515779284667973 0.02 0.0 0.24895793483645495 3.469195774432528E-5 0.0
5.875113506465019E-5 0.0012029588660162458 0.021546978784960525 0.02 0.0 0.3194592969140398 5.8751135064650186E-5 0.0
9.461929053296976E-5 0.0017934077734159785 0.029522445369986636 0.02 0.0 0.39877332925130554 9.461929053296978E-5 0.0
1.461916244040703E-4 0.002578616693555027 0.03926044600695242 0.02 0.0 0.4869000318482893 1.4619162440407027E-4 0.0
2.181388519155916E-4 0.0035973613755760653 0.05093723410105192 0.02 0.0 0.583839404704975 2.181388519155916E-4 0.0
3.1597770465010427E-4 0.004891942636725633 0.06472906305747839 0.02 0.0 0.6895914478213232 3.1597770465010427E-4 0.0
4.461410715330586E-4 0.006508168344147716 0.08081128537110417 0.02 0.0 0.8041111156812892 4.461410715330586E-4 0.0
6.160287406665392E-4 0.00849438345667403 0.09931075562631567 0.02 0.0 0.9249735127605747 6.160287406665392E-4 0.0
8.339836499198928E-4 0.01089774546266768 0.12016810029968254 0.02 0.0 1.0428672336683438 8.339836499198926E-4 0.0
0.0011092244374463587 0.013762039376323292 0.14321469568278059 0.02 0.0 1.1523297691549022 0.0011092244374463587 0.0
0.0014517749408068995 0.01712752516802704 0.16827428958518745 0.02 0.0 1.2529796951203431 0.0014517749408068995 0.0
0.0018723936956081195 0.021030937740060998 0.19517062860169784 0.02 0.0 1.3448169508255197 0.0018723936956081186 0.0
0.002382503434140188 0.025505486926603427 0.22372745932712143 0.02 0.0 1.4278415362711794 0.002382503434140186 0.0
0.002994120584014768 0.03058085749372899 0.2537685283562782 0.02 0.0 1.5020534514578396 0.002994120584014764 0.0
0.0037197847668029274 0.03628320913940798 0.2851175822839495 0.02 0.0 1.5674526963835644 0.003719784766802922 0.0
0.0045724882966730685 0.04263517649350705 0.3175983677049535 0.02 0.0 1.6240392710501983 0.00457248829667306 0.0
0.0055656056790288535 0.04965586911778925 0.3510346312141099 0.02 0.0 1.6718131754578203 0.005565605679028843 0.0
0.006712823109147118 0.05736087150591323 0.38525011940619897 0.02 0.0 1.7107744096044541 0.006712823109147104 0.0
0.008028067970815803 0.06576224308343422 0.42006857887604937 0.02 0.0 1.7409229734925202 0.008028067970815785 0.0
0.009525438334971863 0.07486851820780303 0.4553137562184409 0.02 0.0 1.762258867119576 0.009525438334971843 0.0
0.011219132458339203 0.08468470616836699 0.49080939802819756 0.02 0.0 1.7747820904878335 0.011219132458339177 0.0
0.01312337828206661 0.09521229118637031 0.5263792509001664 0.02 0.0 1.7784926435984394 0.01312337828206658 0.0
0.015252362930365639 0.10644923241495147 0.5618470614290577 0.02 0.0 1.7733905264445682 0.015252362930365604 0.0
0.017620162209148575 0.11838996393914682 0.5970365762097675 0.02 0.0 1.7594757390354876 0.017620162209148534 0.0
0.020240670104666323 0.1310253947758874 0.6317715418370291 0.02 0.0 1.736748281363082 0.020240670104666278 0.0
0.02312752828214635 0.1443429088740013 0.6658757049056954 0.02 0.0 1.705208153433313 0.023127528282146294 0.0
0.026294055584430612 0.1583263651142131 0.69917281201059 0.02 0.0 1.664855355244732 0.026294055584430674 0.0
0.029753177530613434 0.1729560973091411 0.7314866097463998 0.02 0.0 1.615689886790489 0.029753177530613635 0.0
0.03351735581467954 0.18820891420330518 0.7626408447082039 0.02 0.0 1.557711748090207 0.03351735581467989 0.0
0.037598517804141834 0.20405809947311482 0.7924592634904817 0.02 0.0 1.4909209391138878 0.03759851780414236 0.0
0.042007986038679404 0.22047341172687848 0.8207656126881832 0.02 0.0 1.4153174598850737 0.04200798603868011 0.0
0.04675640772877544 0.23742108450480193 0.8473836388961722 0.02 0.0 1.3309013103994516 0.04675640772877634 0.0
0.05185368425435513 0.2548638262789844 0.872137088709124 0.02 0.0 1.23767249064759 0.051853684254356235 0.0
0.0573089006634236 0.27276082045342326 0.8948497087219426 0.02 0.0 1.1356310006409298 0.05730890066342492 0.0
0.0631302551786804 0.2910677257628402 0.915345265470846 0.02 0.0 1.0247778374451733 0.06313025517868195 0.0
0.0693249942946908 0.30973695580052 0.933461501883992 0.02 0.0 0.9058118206572985 0.06932499429469262 0.0
0.07589940173269191 0.3287203719000556 0.9491708049767789 0.02 0.0 0.7854651546393421 0.075899401732694 0.0
0.08285885594680137 0.3479727107054728 0.9626169402708606 0.02 0.0 0.6723067647040892 0.08285885594680373 0.0
0.09020790050730407 0.36745222802513494 0.9739758659831066 0.02 0.0 0.5679462856122974 0.09020790050730673 0.0
0.0979503146020145 0.38712070473552185 0.9834238355193453 0.02 0.0 0.47239847681193603 0.09795031460201747 0.0
0.10608918353763871 0.4069434467812105 0.991137102284434 0.02 0.0 0.3856633382544328 0.10608918353764202 0.0
0.11462696924113638 0.42688928517488345 0.997291919683646 0.02 0.0 0.30774086996060435 0.11462696924114002 0.0
0.1235655807610829 0.4469305759973258 1.0020645411221163 0.02 0.0 0.23863107192351185 0.12356558076108691 0.0
0.13290644476903143 0.46704320039742675 1.0056312200050488 0.02 0.0 0.17833394414662473 0.13290644476903585 0.0
0.14265057606087506 0.4872065645921811 1.008168209737717 0.02 0.0 0.1268494866334069 0.14265057606087983 0.0
0.15279864805820884 0.5074035998666889 1.0098517637253916 0.02 0.0 0.0841776993837362 0.15279864805821403 0.0
0.16335106330969176 0.5276207625741464 1.0108581353728718 0.02 0.0 0.050318582374009324 0.1633510633096974 0.0
0.17430802399240902 0.5478480341358629 1.0113635780858277 0.02 0.0 0.025272135647791405 0.1743080239924151 0.0
0.18566960241311867 0.5680789210354822 1.0115443449809636 0.02 0.0 0.009038344756795436 0.1856696024131252 0.0
0.1974358090644475 0.5883103325664413 1.0115705765479543 0.02 0.0 0.0013115783495387667 0.19743580906445107 0.0
0.20960662037342717 0.6085405654489839 1.0115116441271332 0.02 0.0 -0.002946621041055586 0.20960662037342698 0.0
0.22218193063564723 0.6287655131110028 1.0112473831009439 0.02 0.0 -0.013213051309468593 0.22218193063564318 0.0
0.23516148201146073 0.6489775687906748 1.0106027839835996 0.02 0.0 -0.032229955867213445 0.23516148201145276 0.0
0.24854479402462232 0.6691656006580795 1.009401593370235 0.02 0.0 -0.060059530668232775 0.24854479402461024 0.0
0.2623310930609258 0.6893149518151731 1.00746755785468 0.02 0.0 -0.09670177577775219 0.26233109306090946 0.0
0.2765192418668424 0.7094074402958311 1.0046244240329016 0.02 0.0 -0.1421566910889127 0.27651924186682175 0.0
0.29110766904815844 0.7294213590658016 1.0006959384985248 0.02 0.0 -0.19642427671884288 0.29110766904813334 0.0
0.3060942985686135 0.7493314760227521 0.995505847847522 0.02 0.0 -0.2595045325501366 0.3060942985685838 0.0
0.32147647924853795 0.7691090339962237 0.9888778986735791 0.02 0.0 -0.3313974586971469 0.32147647924850353 0.0
0.3372509142634913 0.7887217507476674 0.9806358375721858 0.02 0.0 -0.41210305506966805 0.33725091426345205 0.0
0.35341359064289996 0.8081338189704329 0.9706034111382766 0.02 0.0 -0.5016213216954557 0.3534135906428557 0.0
0.3699597087686951 0.8273059062897575 0.9586043659662313 0.02 0.0 -0.5999522586022654 0.3699597087686458 0.0
0.3868836118739504 0.8461951552627633 0.9444624486502906 0.02 0.0 -0.7070958657970361 0.3868836118739043 0.0
0.4041787164382678 0.8647552282158716 0.9280036476554121 0.02 0.0 -0.8229400497439254 0.40417871643822834 0.0
0.42183747011064765 0.8829376836189923 0.9091227701560345 0.02 0.0 -0.9440438749688806 0.421837470110615 0.0
0.4398513869889241 0.9006958439138235 0.8879080147415619 0.02 0.0 -1.0607377707236298 0.4398513869888985 0.0
0.45821111660267444 0.917986480687516 0.8645318386846235 0.02 0.0 -1.1688088028469212 0.4582111166026559 0.0
0.4769065144145803 0.9347698905952939 0.8391704953888968 0.02 0.0 -1.268067164786335 0.47690651441456905 0.0
0.4959267123217903 0.9510098953604995 0.8120002382602798 0.02 0.0 -1.358512856430849 0.49592671232178637 0.0
0.5152601891572817 0.9666738417745679 0.7831973207034215 0.02 0.0 -1.4401458778429133 0.5152601891572852 0.0
0.5348948411912227 0.9817326016970496 0.7529379961240812 0.02 0.0 -1.5129662289670165 0.5348948411912338 0.0
0.5548180526323343 0.9961605720555822 0.7213985179266302 0.02 0.0 -1.5769739098725477 0.5548180526323532 0.0
0.5750167661292526 1.0099356748459132 0.6887551395165503 0.02 0.0 -1.6321689205039958 0.5750167661292793 0.0
0.5954775532718909 1.0230393571319163 0.6551841143001558 0.02 0.0 -1.6785512608197273 0.5954775532719256 0.0
0.6161866850928012 1.0354565910455138 0.6208616956798751 0.02 0.0 -1.7161209310140313 0.6161866850928439 0.0
0.6371302025685371 1.0471758737867987 0.5859641370642432 0.02 0.0 -1.7448779307815965 0.6371302025685881 0.0
0.6582939871210159 1.0581892276239402 0.5506676918570763 0.02 0.0 -1.7648222603583452 0.658293987121075 0.0
0.6796638311188801 1.0684921998932062 0.515148613463301 0.02 0.0 -1.7759539196887664 0.6796638311189473 0.0
0.7012255083788586 1.0780838629989242 0.4795831552859009 0.02 0.0 -1.7782729088700044 0.7012255083789343 0.0
0.7229648446671311 1.0869668144136257 0.44414757073507616 0.02 0.0 -1.771779227541237 0.7229648446672152 0.0
0.7448677882006884 1.0951471766778687 0.4090181132121451 0.02 0.0 -1.7564728761465531 0.744867788200781 0.0
0.7669204801486955 1.1026345974003537 0.3743710361242547 0.02 0.0 -1.7323538543945194 0.7669204801487732 0.0
0.7891093251338527 1.1094422492578582 0.3403825928752213 0.02 0.0 -1.6994221624516692 0.7891093251339081 0.0
0.8114210617337582 1.1155868299952743 0.30722903687080416 0.02 0.0 -1.657677800220858 0.8114210617337912 0.0
0.8338428329822701 1.1210885624255984 0.27508662151620733 0.02 0.0 -1.6071207677298416 0.8338428329822808 0.0
0.856362256870869 1.1259711944299422 0.24413160021719005 0.02 0.0 -1.5477510649508641 0.8563622568708572 0.0
0.8789674968500191 1.1302619989575047 0.21454022637812376 0.02 0.0 -1.4795686919533146 0.8789674968499847 0.0
0.9016473323305304 1.1339917740255667 0.18648875340310234 0.02 0.0 -1.402573648751071 0.9016473323304733 0.0
0.9243912291849224 1.1371948427196021 0.1601534347017708 0.02 0.0 -1.3167659350665772 0.9243912291848426 0.0
0.9471894102487842 1.1399090531930889 0.13571052367433722 0.02 0.0 -1.2221455513716784 0.9471894102486815 0.0
0.9700329258221371 1.1421757786676423 0.11333627372767108 0.02 0.0 -1.1187124973333074 0.9700329258220115 0.0
0.9929137241233345 1.144039915059869 0.09320681961133559 0.02 0.0 -1.0064727058167744 0.9929137241231861 0.0
1.0158247122936856 1.14554940851756 0.07547467288454568 0.02 0.0 -0.8866073363394955 1.0158247122935142 0.0
1.0387597541739937 1.146752094015402 0.06013427489209855 0.02 0.0 -0.7670198996223565 1.0387597541737996 0.0
1.0617136078297271 1.1476926827866718 0.04702943856349506 0.02 0.0 -0.6552418164301743 1.06171360782951 0.0
1.0846818550776758 1.148412362397433 0.03598398053805685 0.02 0.0 -0.5522729012719108 1.0846818550774358 0.0
1.1076608309845866 1.148948795345539 0.026821647405306237 0.02 0.0 -0.45811665663753054 1.1076608309843234 0.0
1.130647553365803 1.1493361190608176 0.019366185763924904 0.02 0.0 -0.3727730820690667 1.130647553365517 0.0
1.1536396522839023 1.1496049459049695 0.013441342207598517 0.02 0.0 -0.29624217781631934 1.1536396522835932 0.0
1.1766352995473341 1.149782363171592 0.008870863331122969 0.02 0.0 -0.2285239438237774 1.176635299547002 0.0
1.1996331382090575 1.1498919330861668 0.005478495728739041 0.02 0.0 -0.1696183801191964 1.1996331382087024 0.0
1.2226322120651796 1.149953692806105 0.0030879859969079604 0.02 0.0 -0.11952548659155404 1.2226322120648014 0.0
1.245631895153593 1.149984154420669 0.0015230807282051728 0.02 0.0 -0.07824526343513938 1.2456318951531917 0.0
1.2686318212526142 1.149996304951062 6.07526519647017E-4 0.02 0.0 -0.04577771042790779 1.26863182125219 0.0
1.291631813379621 1.1499996063503382 1.6506996380893924E-4 0.02 0.0 -0.022122827791903887 1.2916318133791738 0.0
1.3146318132915367 1.1499999955957851 1.9462272349279885E-5 0.02 0.0 -0.0072803845729829675 1.3146318132910666 0.0
1.3376318132915368 1.1500000000000066 2.2021107159986286E-7 0.02 0.0 -9.621030638840011E-4 1.3376318132910439 0.0
1.3606318132915363 1.1499999999999733 -1.6653345369377348E-12 0.02 0.0 -1.101063684671999E-5 1.3606318132910202 0.0
1.3836318132915362 1.1499999999999955 1.1102230246251565E-12 0.02 0.0 1.3877787807814457E-10 1.383631813290997 0.0
1.406631813291536 1.1499999999999955 0.0 0.02 0.0 -5.551115123125783E-11 1.406631813290974 0.0
1.4296318132915362 1.1500000000000066 5.551115123125783E-13 0.02 0.0 2.7755575615628914E-11 1.4296318132909511 0.0
1.4526318132915363 1.1500000000000066 0.0 0.02 0.0 -2.7755575615628914E-11 1.4526318132909282 0.0
1.4756318132915363 1.1499999999999955 -5.551115123125783E-13 0.02 0.0 -2.7755575615628914E-11 1.4756318132909052 0.0
1.4986318132915362 1.1499999999999955 0.0 0.02 0.0 2.7755575615628914E-11 1.498631813290882 0.0
1.5216318132915363 1.1500000000000066 5.551115123125783E-13 0.02 0.0 2.7755575615628914E-11 1.5216318132908593 0.0
1.5446318132915362 1.1499999999999955 -5.551115123125783E-13 0.02 0.0 -5.551115123125783E-11 1.544631813290836 0.0
1.5676318132915363 1.1500000000000066 5.551115123125783E-13 0.02 0.0 5.551115123125783E-11 1.5676318132908134 0.0
1.5906318132915362 1.1499999999999955 -5.551115123125783E-13 0.02 0.0 -5.551115123125783E-11 1.59063181329079 0.0
1.6136318132915364 1.1500000000000066 5.551115123125783E-13 0.02 0.0 5.551115123125783E-11 1.6136318132907672 0.0
1.6366318132915365 1.1500000000000066 0.0 0.02 0.0 -2.7755575615628914E-11 1.6366318132907445 0.0
1.6596318132915366 1.1500000000000066 0.0 0.02 0.0 0.0 1.6596318132907215 0.0
1.6826318132915363 1.1499999999999844 -1.1102230246251565E-12 0.02 0.0 -5.551115123125783E-11 1.6826318132906983 0.0
1.7056318132915365 1.1500000000000066 1.1102230246251565E-12 0.02 0.0 1.1102230246251565E-10 1.7056318132906751 0.0
1.7286318132915366 1.1500000000000066 0.0 0.02 0.0 -5.551115123125783E-11 1.7286318132906522 0.0
1.7516318132915367 1.1500000000000066 0.0 0.02 0.0 0.0 1.7516318132906294 0.0
1.7746318132915364 1.1499999999999844 -1.1102230246251565E-12 0.02 0.0 -5.551115123125783E-11 1.7746318132906063 0.0
1.7976318132915365 1.1500000000000066 1.1102230246251565E-12 0.02 0.0 1.1102230246251565E-10 1.7976318132905833 0.0
1.8206318132915367 1.1500000000000066 0.0 0.02 0.0 -5.551115123125783E-11 1.8206318132905606 0.0
1.8436318132915368 1.1500000000000066 0.0 0.02 0.0 0.0 1.8436318132905378 0.0
1.866631813291537 1.1500000000000066 0.0 0.02 0.0 0.0 1.8666318132905149 0.0
1.8896318132915366 1.1499999999999844 -1.1102230246251565E-12 0.02 0.0 -5.551115123125783E-11 1.8896318132904915 0.0
1.9126318132915368 1.1500000000000066 1.1102230246251565E-12 0.02 0.0 1.1102230246251565E-10 1.9126318132904685 0.0
1.9356318132915364 1.1499999999999844 -1.1102230246251565E-12 0.02 0.0 -1.1102230246251565E-10 1.9356318132904453 0.0
1.9586318132915361 1.1499999999999844 0.0 0.02 0.0 5.551115123125783E-11 1.9586318132904221 0.0
1.9816318132915363 1.1500000000000066 1.1102230246251565E-12 0.02 0.0 5.551115123125783E-11 1.9816318132903992 0.0
2.004631813291536 1.1499999999999955 -5.551115123125783E-13 0.02 0.0 -8.326672684688674E-11 2.004631813290376 0.0
2.0276318132915367 1.1500000000000288 1.6653345369377348E-12 0.02 0.0 1.1102230246251565E-10 2.0276318132903537 0.0
2.0506318132915364 1.1499999999999844 -2.220446049250313E-12 0.02 0.0 -1.942890293094024E-10 2.0506318132903303 0.0
2.073631813291537 1.1500000000000288 2.220446049250313E-12 0.02 0.0 2.220446049250313E-10 2.0736318132903078 0.0
2.0966318132915367 1.1499999999999844 -2.220446049250313E-12 0.02 0.0 -2.220446049250313E-10 2.0966318132902844 0.0
2.1196318132915364 1.1499999999999844 0.0 0.02 0.0 1.1102230246251565E-10 2.119631813290261 0.0
2.142631813291537 1.1500000000000288 2.220446049250313E-12 0.02 0.0 1.1102230246251565E-10 2.1426318132902384 0.0
2.1656318132915366 1.1499999999999844 -2.220446049250313E-12 0.02 0.0 -2.220446049250313E-10 2.1656318132902155 0.0
2.1886318132915363 1.1499999999999844 0.0 0.02 0.0 1.1102230246251565E-10 2.188631813290192 0.0
2.211631813291537 1.1500000000000288 2.220446049250313E-12 0.02 0.0 1.1102230246251565E-10 2.21163181329017 0.0
2.2346318132915366 1.1499999999999844 -2.220446049250313E-12 0.02 0.0 -2.220446049250313E-10 2.234631813290146 0.0
2.257631813291537 1.1500000000000288 2.220446049250313E-12 0.02 0.0 2.220446049250313E-10 2.257631813290124 0.0
2.280631813291537 1.1499999999999844 -2.220446049250313E-12 0.02 0.0 -2.220446049250313E-10 2.2806318132901007 0.0
2.3036318132915365 1.1499999999999844 0.0 0.02 0.0 1.1102230246251565E-10 2.3036318132900773 0.0
2.326631813291537 1.1500000000000288 2.220446049250313E-12 0.02 0.0 1.1102230246251565E-10 2.3266318132900548 0.0
2.349631813291537 1.1499999999999844 -2.220446049250313E-12 0.02 0.0 -2.220446049250313E-10 2.349631813290032 0.0
2.3726318132915365 1.1499999999999844 0.0 0.02 0.0 1.1102230246251565E-10 2.3726318132900084 0.0
2.395631813291537 1.1500000000000288 2.220446049250313E-12 0.02 0.0 1.1102230246251565E-10 2.395631813289986 0.0
2.4186318132915368 1.1499999999999844 -2.220446049250313E-12 0.02 0.0 -2.220446049250313E-10 2.418631813289963 0.0
2.4416318132915373 1.1500000000000288 2.220446049250313E-12 0.02 0.0 2.220446049250313E-10 2.4416318132899404 0.0
2.464631813291537 1.1499999999999844 -2.220446049250313E-12 0.02 0.0 -2.220446049250313E-10 2.464631813289917 0.0
2.4876318132915367 1.1499999999999844 0.0 0.02 0.0 1.1102230246251565E-10 2.487631813289893 0.0
2.5106318132915373 1.1500000000000288 2.220446049250313E-12 0.02 0.0 1.1102230246251565E-10 2.510631813289871 0.0
2.533631813291536 1.14999999999994 -4.440892098500626E-12 0.02 0.0 -3.3306690738754696E-10 2.5336318132898468 0.0
2.5566318132915367 1.1500000000000288 4.440892098500626E-12 0.02 0.0 4.440892098500626E-10 2.5566318132898243 0.0
2.5796318132915363 1.1499999999999844 -2.220446049250313E-12 0.02 0.0 -3.3306690738754696E-10 2.5796318132898013 0.0
2.602631813291537 1.1500000000000288 2.220446049250313E-12 0.02 0.0 2.220446049250313E-10 2.6026318132897788 0.0
2.6256318132915366 1.1499999999999844 -2.220446049250313E-12 0.02 0.0 -2.220446049250313E-10 2.6256318132897554 0.0
2.6486318132915363 1.1499999999999844 0.0 0.02 0.0 1.1102230246251565E-10 2.648631813289732 0.0
2.671631813291536 1.1499999999999844 0.0 0.02 0.0 0.0 2.671631813289709 0.0
2.6946318132915366 1.1500000000000288 2.220446049250313E-12 0.02 0.0 1.1102230246251565E-10 2.6946318132896865 0.0
2.7176318132915362 1.1499999999999844 -2.220446049250313E-12 0.02 0.0 -2.220446049250313E-10 2.717631813289663 0.0
2.740631813291537 1.1500000000000288 2.220446049250313E-12 0.02 0.0 2.220446049250313E-10 2.7406318132896406 0.0
2.7636318132915365 1.1499999999999844 -2.220446049250313E-12 0.02 0.0 -2.220446049250313E-10 2.763631813289617 0.0
2.786631813291536 1.1499999999999844 0.0 0.02 0.0 1.1102230246251565E-10 2.786631813289594 0.0
2.8096318132915368 1.1500000000000288 2.220446049250313E-12 0.02 0.0 1.1102230246251565E-10 2.8096318132895712 0.0
2.8326318132915365 1.1499999999999844 -2.220446049250313E-12 0.02 0.0 -2.220446049250313E-10 2.8326318132895483 0.0
2.855631813291536 1.1499999999999844 0.0 0.02 0.0 1.1102230246251565E-10 2.8556318132895244 0.0
2.8786318132915367 1.1500000000000288 2.220446049250313E-12 0.02 0.0 1.1102230246251565E-10 2.8786318132895024 0.0
2.9016318132915364 1.1499999999999844 -2.220446049250313E-12 0.02 0.0 -2.220446049250313E-10 2.901631813289479 0.0
2.924631813291537 1.1500000000000288 2.220446049250313E-12 0.02 0.0 2.220446049250313E-10 2.924631813289457 0.0
2.9476318132915367 1.1499999999999844 -2.220446049250313E-12 0.02 0.0 -2.220446049250313E-10 2.9476318132894335 0.0
2.9706318132915364 1.1499999999999844 0.0 0.02 0.0 1.1102230246251565E-10 2.97063181328941 0.0
2.993631813291537 1.1500000000000288 2.220446049250313E-12 0.02 0.0 1.1102230246251565E-10 2.9936318132893875 0.0
3.0166318132915366 1.1499999999999844 -2.220446049250313E-12 0.02 0.0 -2.220446049250313E-10 3.016631813289457 0.0
3.0396318132915363 1.1499999999999844 0.0 0.02 0.0 1.1102230246251565E-10 3.039631813289561 0.0
3.062631813291536 1.1499999999999844 0.0 0.02 0.0 0.0 3.0626318132896655 0.0
3.0856318132915366 1.1500000000000288 2.220446049250313E-12 0.02 0.0 1.1102230246251565E-10 3.0856318132897704 0.0
3.1086318132915363 1.1499999999999844 -2.220446049250313E-12 0.02 0.0 -2.220446049250313E-10 3.1086318132898754 0.0
3.131631813291536 1.1499999999999844 0.0 0.02 0.0 1.1102230246251565E-10 3.131631813289979 0.0
3.1546318132915356 1.1499999999999844 0.0 0.02 0.0 0.0 3.154631813290084 0.0
3.177631813291536 1.1500000000000288 2.220446049250313E-12 0.02 0.0 1.1102230246251565E-10 3.1776318132901893 0.0
3.200631813291536 1.1499999999999844 -2.220446049250313E-12 0.02 0.0 -2.220446049250313E-10 3.2006318132902933 0.0
3.2236318132915356 1.1499999999999844 0.0 0.02 0.0 1.1102230246251565E-10 3.223631813290398 0.0
3.2466318132915353 1.1499999999999844 0.0 0.02 0.0 0.0 3.2466318132905023 0.0
3.269631813291536 1.1500000000000288 2.220446049250313E-12 0.02 0.0 1.1102230246251565E-10 3.2696318132906077 0.0
3.2926318132915355 1.1499999999999844 -2.220446049250313E-12 0.02 0.0 -2.220446049250313E-10 3.292631813290712 0.0
3.315631813291536 1.1500000000000288 2.220446049250313E-12 0.02 0.0 2.220446049250313E-10 3.3156318132908176 0.0
3.338631813291536 1.1499999999999844 -2.220446049250313E-12 0.02 0.0 -2.220446049250313E-10 3.3386318132909216 0.0
3.3616318132915364 1.1500000000000288 2.220446049250313E-12 0.02 0.0 2.220446049250313E-10 3.361631813291027 0.0
3.384631813291536 1.1499999999999844 -2.220446049250313E-12 0.02 0.0 -2.220446049250313E-10 3.384631813291131 0.0
3.407631813291535 1.14999999999994 -2.220446049250313E-12 0.02 0.0 0.0 3.4076318132912347 0.0
3.4306318132915354 1.1500000000000288 4.440892098500626E-12 0.02 0.0 3.3306690738754696E-10 3.43063181329134 0.0
3.453631813291535 1.1499999999999844 -2.220446049250313E-12 0.02 0.0 -3.3306690738754696E-10 3.4536318132914436 0.0
3.4766318132915357 1.1500000000000288 2.220446049250313E-12 0.02 0.0 2.220446049250313E-10 3.476631813291549 0.0
3.4996318132915354 1.1499999999999844 -2.220446049250313E-12 0.02 0.0 -2.220446049250313E-10 3.499631813291654 0.0
3.522631813291536 1.1500000000000288 2.220446049250313E-12 0.02 0.0 2.220446049250313E-10 3.5226318132917593 0.0
3.5456318132915357 1.1499999999999844 -2.220446049250313E-12 0.02 0.0 -2.220446049250313E-10 3.5456318132918634 0.0
3.5686318132915362 1.1500000000000288 2.220446049250313E-12 0.02 0.0 2.220446049250313E-10 3.5686318132919688 0.0
3.591631813291535 1.14999999999994 -4.440892098500626E-12 0.02 0.0 -3.3306690738754696E-10 3.5916318132920724 0.0
3.6146318132915356 1.1500000000000288 4.440892098500626E-12 0.02 0.0 4.440892098500626E-10 3.614631813292177 0.0
3.6376318132915353 1.1499999999999844 -2.220446049250313E-12 0.02 0.0 -3.3306690738754696E-10 3.6376318132922822 0.0
3.660631813291536 1.1500000000000288 2.220446049250313E-12 0.02 0.0 2.220446049250313E-10 3.6606318132923867 0.0
3.6836318132915356 1.1499999999999844 -2.220446049250313E-12 0.02 0.0 -2.220446049250313E-10 3.6836318132924917 0.0
3.706631813291536 1.1500000000000288 2.220446049250313E-12 0.02 0.0 2.220446049250313E-10 3.7066318132925966 0.0
3.729631813291536 1.1499999999999844 -2.220446049250313E-12 0.02 0.0 -2.220446049250313E-10 3.729631813292701 0.0
3.7526318132915355 1.1499999999999844 0.0 0.02 0.0 1.1102230246251565E-10 3.752631813292805 0.0
3.775631813291535 1.1499999999999844 0.0 0.02 0.0 0.0 3.775631813292909 0.0
3.7986318132915358 1.1500000000000288 2.220446049250313E-12 0.02 0.0 1.1102230246251565E-10 3.7986318132930146 0.0
3.8216318132915355 1.1499999999999844 -2.220446049250313E-12 0.02 0.0 -2.220446049250313E-10 3.8216318132931186 0.0
3.844631813291536 1.1500000000000288 2.220446049250313E-12 0.02 0.0 2.220446049250313E-10 3.8446318132932245 0.0
3.8676318132915357 1.1499999999999844 -2.220446049250313E-12 0.02 0.0 -2.220446049250313E-10 3.867631813293329 0.0
3.8906318132915363 1.1500000000000288 2.220446049250313E-12 0.02 0.0 2.220446049250313E-10 3.8906318132934343 0.0
3.913631813291536 1.1499999999999844 -2.220446049250313E-12 0.02 0.0 -2.220446049250313E-10 3.913631813293538 0.0
3.9366318132915357 1.1499999999999844 0.0 0.02 0.0 1.1102230246251565E-10 3.936631813293643 0.0
3.9596318132915354 1.1499999999999844 0.0 0.02 0.0 0.0 3.959631813293747 0.0
3.982631813291536 1.1500000000000288 2.220446049250313E-12 0.02 0.0 1.1102230246251565E-10 3.982631813293853 0.0
4.005631813291536 1.1499999999999844 -2.220446049250313E-12 0.02 0.0 -2.220446049250313E-10 4.005631813293957 0.0
4.028631813291535 1.1499999999999844 0.0 0.02 0.0 1.1102230246251565E-10 4.028631813294061 0.0
4.051631813291536 1.1500000000000288 2.220446049250313E-12 0.02 0.0 1.1102230246251565E-10 4.051631813294167 0.0
4.074631813291536 1.1499999999999844 -2.220446049250313E-12 0.02 0.0 -2.220446049250313E-10 4.07463181329427 0.0
4.097631813291536 1.1500000000000288 2.220446049250313E-12 0.02 0.0 2.220446049250313E-10 4.097631813294376 0.0
4.120631813291535 1.14999999999994 -4.440892098500626E-12 0.02 0.0 -3.3306690738754696E-10 4.120631813294479 0.0
4.1436318132915355 1.1500000000000288 4.440892098500626E-12 0.02 0.0 4.440892098500626E-10 4.143631813294585 0.0
4.166631813291535 1.1499999999999844 -2.220446049250313E-12 0.02 0.0 -3.3306690738754696E-10 4.166631813294689 0.0
4.189631813291536 1.1500000000000288 2.220446049250313E-12 0.02 0.0 2.220446049250313E-10 4.1896318132947945 0.0
4.2126318132915355 1.1499999999999844 -2.220446049250313E-12 0.02 0.0 -2.220446049250313E-10 4.212631813294899 0.0
4.235631813291536 1.1500000000000288 2.220446049250313E-12 0.02 0.0 2.220446049250313E-10 4.235631813295004 0.0
4.258631813291536 1.1499999999999844 -2.220446049250313E-12 0.02 0.0 -2.220446049250313E-10 4.258631813295108 0.0
4.281631813291535 1.1499999999999844 0.0 0.02 0.0 1.1102230246251565E-10 4.2816318132952125 0.0
4.304631813291535 1.1499999999999844 0.0 0.02 0.0 0.0 4.304631813295317 0.0
4.327631813291536 1.1500000000000288 2.220446049250313E-12 0.02 0.0 1.1102230246251565E-10 4.327631813295422 0.0
4.350631813291536 1.1500000000000288 0.0 0.02 0.0 -1.1102230246251565E-10 4.350631813295528 0.0
4.373631813291536 1.1499999999999844 -2.220446049250313E-12 0.02 0.0 -1.1102230246251565E-10 4.373631813295631 0.0
4.396631813291536 1.1499999999999844 0.0 0.02 0.0 1.1102230246251565E-10 4.396631813295737 0.0
4.419631813291536 1.1500000000000288 2.220446049250313E-12 0.02 0.0 1.1102230246251565E-10 4.419631813295841 0.0
4.442631813291536 1.1499999999999844 -2.220446049250313E-12 0.02 0.0 -2.220446049250313E-10 4.442631813295946 0.0
4.4656318132915365 1.1500000000000288 2.220446049250313E-12 0.02 0.0 2.220446049250313E-10 4.465631813296051 0.0
4.488631813291536 1.1499999999999844 -2.220446049250313E-12 0.02 0.0 -2.220446049250313E-10 4.488631813296156 0.0
4.511631813291537 1.1500000000000288 2.220446049250313E-12 0.02 0.0 2.220446049250313E-10 4.511631813296261 0.0
4.534631813291536 1.1499999999999844 -2.220446049250313E-12 0.02 0.0 -2.220446049250313E-10 4.534631813296365 0.0
4.557631813291536 1.1499999999999844 0.0 0.02 0.0 1.1102230246251565E-10 4.557631813296469 0.0
4.580631813291536 1.1499999999999844 0.0 0.02 0.0 0.0 4.5806318132965735 0.0
4.6036318132915355 1.1499999999999844 0.0 0.02 0.0 0.0 4.603631813296678 0.0
4.626631813291536 1.1500000000000288 2.220446049250313E-12 0.02 0.0 1.1102230246251565E-10 4.6266318132967825 0.0
4.649631813291535 1.14999999999994 -4.440892098500626E-12 0.02 0.0 -3.3306690738754696E-10 4.649631813296886 0.0
4.672631813291535 1.1500000000000288 4.440892098500626E-12 0.02 0.0 4.440892098500626E-10 4.672631813296992 0.0
4.695631813291514 1.1499999999989186 -5.551115123125783E-11 0.02 0.0 -2.9976021664879227E-9 4.695631813297075 0.0
4.718631812207001 1.1499999457743382 -2.7112290190700605E-6 0.02 0.0 -1.3555867539594146E-4 4.718631812212667 0.0
4.741631787507108 1.149998765005389 -5.903844746413256E-5 0.02 0.0 -0.002816360922253125 4.74163178751288 0.0
4.764631636671664 1.1499924582277998 -3.1533887945300876E-4 0.02 0.0 -0.01281502159944381 4.76463163667754 0.0
4.787631106981937 1.149973515513647 -9.471357076407116E-4 0.02 0.0 -0.031589841409385144 4.787631106987917 0.0
4.810629725019282 1.1499309018672577 -0.0021306823194677804 0.02 0.0 -0.05917733059135344 4.810629725025367 0.0
4.833626726163774 1.1498500572245884 -0.004042232133460999 0.02 0.0 -0.09557749069966093 4.833626726169964 0.0
4.856620984092851 1.1497128964538472 -0.0068580385370609065 0.02 0.0 -0.14079032017999538 4.856620984099146 0.0
4.879610940279945 1.1494978093546937 -0.010754354957676071 0.02 0.0 -0.19481582103075823 4.8796109402863435 0.0
4.902594533493127 1.1491796606590832 -0.015907434780526586 0.02 0.0 -0.25765399114252574 4.90259453349963 0.0
4.925569129293737 1.1487297900305116 -0.022493531428580127 0.02 0.0 -0.32930483240267705 4.925569129300345 0.0
4.948531449535031 1.148116012064726 -0.030688898289277233 0.02 0.0 -0.4097683430348553 4.948531449541744 0.0
4.971477501860813 1.1473026162890587 -0.040669788783365135 0.02 0.0 -0.4990445247043951 4.9714775018676285 0.0
4.994402509204073 1.1462503671630042 -0.05261245630272526 0.02 0.0 -0.5971333759680064 4.994402509210994 0.0
5.017300839285626 1.1449165040776865 -0.0666931542658844 0.02 0.0 -0.704034898157957 5.017300839292652 0.0
5.040165934886817 1.1432547800595216 -0.08308620090824448 0.02 0.0 -0.8196523321180038 5.040165934893946 0.0
5.062990270129337 1.141216762125996 -0.10190089667627689 0.02 0.0 -0.9407347884016204 5.06299027013657 0.0
5.085765383855777 1.1387556863220016 -0.12305379019972307 0.02 0.0 -1.057644676172309 5.085765383863114 0.0
5.108481948403784 1.1358282274003706 -0.14637294608155216 0.02 0.0 -1.1659577940914545 5.1084819484112245 0.0
5.131129840107432 1.1323945851823947 -0.17168211089879648 0.02 0.0 -1.2654582408622161 5.131129840114975 0.0
5.153698209798575 1.1284184845571588 -0.19880503126179505 0.02 0.0 -1.3561460181499285 5.153698209806222 0.0
5.176175553308217 1.123867175482074 -0.22756545375424153 0.02 0.0 -1.438021124622324 5.176175553315965 0.0
5.19854978196787 1.1187114329826553 -0.2577871249709318 0.02 0.0 -1.5110835608345141 5.19854978197572 0.0
5.220808293110912 1.1129255571521224 -0.2892937915266458 0.02 0.0 -1.5753333277856996 5.220808293118864 0.0
5.24293804057396 1.106487373152376 -0.3219091999873136 0.02 0.0 -1.6307704230333897 5.242938040582012 0.0
5.264925605198219 1.0993782312129774 -0.35545709696993555 0.02 0.0 -1.6773948491310975 5.264925605206372 0.0
5.286757265330858 1.0915830066319465 -0.389761229051544 0.02 0.0 -1.7152066040804215 5.28675726533911 0.0
5.308419067326358 1.0830900997749637 -0.42464534284913924 0.02 0.0 -1.744205689879763 5.308419067334707 0.0
5.329896896047885 1.0738914360763907 -0.45993318492865143 0.02 0.0 -1.7643921039756094 5.329896896056333 0.0
5.351176545368646 1.063982466038027 -0.4954485019181831 0.02 0.0 -1.775765849476585 5.351176545377191 0.0
5.372243788673256 1.053362165230487 -0.5310150403770031 0.02 0.0 -1.7783269229409981 5.372243788681896 0.0
5.393084449359091 1.0420330342917783 -0.5664565469354343 0.02 0.0 -1.7720753279215629 5.3930844493678265 0.0
5.413684471337663 1.0300010989285902 -0.601596768159407 0.02 0.0 -1.7570110611986323 5.413684471346492 0.0
5.434029989535969 1.0172759099153161 -0.6362594506637009 0.02 0.0 -1.733134125214697 5.434029989544892 0.0
5.454107400397867 1.003870543094898 -0.6702683410209076 0.02 0.0 -1.7004445178603333 5.454107400406881 0.0
5.473903432385422 0.9898015993777154 -0.7034471858591296 0.02 0.0 -1.6589422419110988 5.4739034323945255 0.0
5.493405216480283 0.9750892047430515 -0.7356197317331947 0.02 0.0 -1.6086272937032575 5.493405216489474 0.0
5.512600356685032 0.9597570102374497 -0.7666097252800874 0.02 0.0 -1.5494996773446346 5.512600356694311 0.0
5.5314770005245615 0.9438321919764903 -0.7962409130479742 0.02 0.0 -1.4815593883943379 5.531477000533926 0.0
5.550023909547417 0.9273454511427914 -0.8243370416849416 0.02 0.0 -1.404806431848371 5.5500239095568675 0.0
5.568230529827182 0.9103310139882304 -0.850721857728054 0.02 0.0 -1.319240802155619 5.568230529836715 0.0
5.586087062463817 0.8928266318317668 -0.8752191078231775 0.02 0.0 -1.2248625047561745 5.586087062473431 0.0
5.603584534085038 0.874873581061042 -0.8976525385362422 0.02 0.0 -1.1216715356532347 5.603584534094732 0.0
5.620714867311368 0.8565166613164976 -0.9178459872272171 0.02 0.0 -1.0096724345487473 5.620714867321139 0.0
5.637470942549942 0.8378037619286793 -0.9356449693909141 0.02 0.0 -0.889949108184851 5.637470942559789 0.0
5.653846598090495 0.8187827770276712 -0.951049245050406 0.02 0.0 -0.7702137829745936 5.653846598100417 0.0
5.669836568374991 0.7994985142247835 -0.9642131401443876 0.02 0.0 -0.6581947546990818 5.669836568384985 0.0
5.685436413533391 0.7799922579200036 -0.9753128152389934 0.02 0.0 -0.5549837547302872 5.6854364135434565 0.0
5.700642448882298 0.7603017674453483 -0.984524523732766 0.02 0.0 -0.46058542468863095 5.700642448892433 0.0
5.715451674423599 0.740461277065041 -0.9920245190153665 0.02 0.0 -0.374999764130024 5.715451674433801 0.0
5.729861704343089 0.7205014959745348 -0.9979890545253056 0.02 0.0 -0.298226775496957 5.7298617043533575 0.0
5.743870696509126 0.7004496083018452 -1.0025943836344808 0.02 0.0 -0.2302664554587608 5.743870696519458 0.0
5.757477281971252 0.680329273106306 -1.006016759776962 0.02 0.0 -0.1711188071240599 5.757477281981647 0.0
5.770680494458847 0.6601606243797242 -1.0084324363290875 0.02 0.0 -0.12078382760627449 5.7706804944693015 0.0
5.783479699879753 0.6399602710453145 -1.0100176667204863 0.02 0.0 -0.07926151956993976 5.783479699890266 0.0
5.795874525818921 0.6197412969584093 -1.0109487043452603 0.02 0.0 -0.04655188123869891 5.79587452582949 0.0
5.807864791037047 0.5995132609062814 -1.0114018026063931 0.02 0.0 -0.022654913056641135 5.8078647910476695 0.0
5.819450434971548 0.5792821967250728 -1.011553209060434 0.02 0.0 -0.007570322702044052 5.819450434982224 0.0
5.830631451394092 0.5590508211271938 -1.0115687798939454 0.02 0.0 -7.785416755723418E-4 5.83063145140482 0.0
5.841407870810434 0.5388209708170777 -1.0114925155058074 0.02 0.0 0.003813219406900714 5.841407870821209 0.0
5.851779814770524 0.518597198004489 -1.0111886406294346 0.02 0.0 0.015193743818642247 5.851779814781347 0.0
5.861747566155378 0.49838756924271976 -1.010481438088462 0.02 0.0 0.03536012704863367 5.861747566166247 0.0
5.87131163967844 0.47820367615312165 -1.0091946544799058 0.02 0.0 0.06433918042780817 5.8713116396893525 0.0
5.880472852386948 0.45806063542537245 -1.0071520363874598 0.02 0.0 0.10213090462229957 5.880472852397901 0.0
5.889232394163287 0.4379770888169432 -1.004177330421463 0.02 0.0 0.14873529829984022 5.88923239417428 0.0
5.897591898226363 0.41797520315380865 -1.0000942831567272 0.02 0.0 0.20415236323678698 5.897591898237394 0.0
5.9055535116329505 0.39808067032938155 -0.9947266412213551 0.02 0.0 0.2683820967686046 5.905553511644018 0.0
5.913119965779073 0.3783227073061113 -0.9878981511635132 0.02 0.0 0.3414245028920959 5.913119965790175 0.0
5.920294646901347 0.35873405611370757 -0.9794325596201858 0.02 0.0 0.4232795771663689 5.920294646912482 0.0
5.927081666578355 0.33935098385038387 -0.9691536131661849 0.02 0.0 0.513947322700048 5.927081666589521 0.0
5.933485932232003 0.32021328268241334 -0.9568850583985267 0.02 0.0 0.6134277383829101 5.933485932243197 0.0
5.939513217628885 0.3013642698441288 -0.9424506419142276 0.02 0.0 0.7217208242149553 5.9395132176401075 0.0
5.945170231672545 0.2828507021829907 -0.9256783830569049 0.02 0.0 0.8386129428661349 5.945170231683793 0.0
5.950464651942992 0.264721013522351 -0.9064844330319843 0.02 0.0 0.9596975012460263 5.950464651954264 0.0
5.955405081110351 0.24702145836794642 -0.8849777577202289 0.02 0.0 1.0753337655877715 5.955405081121645 0.0
5.960000977217176 0.22979480534122132 -0.8613326513362551 0.02 0.0 1.1822553191986884 5.960000977228491 0.0
5.964262583177083 0.21308029799538275 -0.8357253672919285 0.02 0.0 1.280364202216333 5.964262583188418 0.0
5.968200856273395 0.1969136548155781 -0.8083321589902326 0.02 0.0 1.3696604150847946 5.9682008562847475 0.0
5.971827397657776 0.1813270692190727 -0.7793292798252693 0.02 0.0 1.4501439582481623 5.971827397669146 0.0
5.975154381848869 0.16634920955462817 -0.7488929832222269 0.02 0.0 1.521814830152124 5.9751543818602535 0.0
5.978194486230933 0.15200521910321285 -0.7171995225707661 0.02 0.0 1.5846730325730363 5.978194486242331 0.0
5.9809608205524825 0.13831671607746898 -0.6844251512871935 0.02 0.0 1.6387185641786317 5.980960820563894 0.0
5.983466856424926 0.12530179362215677 -0.6507461227656108 0.02 0.0 1.6839514260791333 5.983466856436348 0.0
5.9857263568212 0.11297501981371028 -0.6163386904223245 0.02 0.0 1.720371617164318 5.985726356832632 0.0
5.987753305574417 0.10134743766085919 -0.5813791076425545 0.02 0.0 1.747979138988498 5.9877533055858585 0.0
5.989561836876488 0.09042656510356295 -0.5460436278648118 0.02 0.0 1.766773988887138 5.989561836887939 0.0
5.991166164776772 0.08021639501420985 -0.5105085044676549 0.02 0.0 1.7767561698578405 5.99116616478823 0.0
5.992580512680715 0.0707173951971285 -0.47494999085406775 0.02 0.0 1.7779256806793597 5.99258051269218 0.0
5.993819042848474 0.061926508387966095 -0.4395443404581201 0.02 0.0 1.7702825197973837 5.993819042859943 0.0
5.994895785893575 0.053837152255020726 -0.40446780664726845 0.02 0.0 1.7538266905425814 5.994895785905049 0.0
5.99582457028153 0.046439219397775844 -0.3698966428622441 0.02 0.0 1.728558189251217 5.995824570293009 0.0
5.996618951828498 0.03971907734836577 -0.3360071024705036 0.02 0.0 1.6944770195870262 5.99661895183998 0.0
5.997292143199895 0.033659568569888165 -0.30297543892388035 0.02 0.0 1.6515831773311618 5.99729214321138 0.0
5.9978569434090625 0.028240010458358 -0.27097790557650825 0.02 0.0 1.599876667368605 5.99785694342055 0.0
5.998325667315878 0.023436195340753585 -0.24019075588022076 0.02 0.0 1.5393574848143743 5.998325667327368 0.0
5.998710075125412 0.019220390476704097 -0.21079024320247441 0.02 0.0 1.4700256338873174 5.998710075136903 0.0
5.999021301886555 0.015561338057157315 -0.1829526209773391 0.02 0.0 1.3918811112567653 5.999021301898048 0.0
5.999269786990664 0.012424255205445434 -0.15685414258559405 0.02 0.0 1.304923919587253 5.999269787002158 0.0
5.999465203670192 0.009770833976396887 -0.13267106145242735 0.02 0.0 1.2091540566583348 5.999465203681687 0.0
5.999616388497329 0.007559241356869251 -0.1105796309763818 0.02 0.0 1.104571523802278 5.999616388508826 0.0
5.99973127102623 0.005744126445028641 -0.09075574559203048 0.02 0.0 0.9911942692175657 5.999731271037726 0.0
5.999816817241191 0.004277310748079799 -0.07334078484744211 0.02 0.0 0.8707480372294185 5.999816817252688 0.0
5.99987904268399 0.0031112721399217946 -0.058301930407900215 0.02 0.0 0.7519427219770947 5.999879042695486 0.0
5.9999230778451444 0.002201758057740477 -0.04547570410906587 0.02 0.0 0.6413113149417171 5.999923077856642 0.0
5.999953238659684 0.0015080407269607576 -0.03468586653898598 0.02 0.0 0.5394918785039948 5.999953238671181 0.0
5.999973097008509 9.92917441244856E-4 -0.02575616428579508 0.02 0.0 0.4464851126595448 5.999973097020006 0.0
5.999985551219755 6.227105623146656E-4 -0.018510343946509522 0.02 0.0 0.3622910169642779 5.999985551231252 0.0
5.99999289657015 3.672675197741171E-4 -0.012772152127027425 0.02 0.0 0.28690959097410484 5.999992896581648 0.0
5.999996895786385 1.9996081173090374E-4 -0.008365335402160667 0.02 0.0 0.2203408362433379 5.999996895797882 0.0
5.999998849546467 9.768800408593847E-5 -0.0051136403822482634 0.02 0.0 0.1625847509956202 5.999998849557964 0.0
5.999999666981086 4.087173097744312E-5 -0.0028408136554247676 0.02 0.0 0.11364133634117479 5.999999666992584 0.0
5.999999936174978 1.3459694603312755E-5 -0.0013706018187065183 0.02 0.0 0.07351059183591246 5.999999936186476 0.0
5.999999994668283 2.9246652211156743E-6 -5.26751469109854E-4 0.02 0.0 0.042192517479833214 5.99999999467978 0.0
5.999999999957909 2.6448132572909344E-7 -1.3300919476932904E-4 0.02 0.0 0.01968711371702625 5.999999999969407 0.0
5.9999999999885025 1.5296652833285407E-9 -1.3147583022288245E-5 0.02 0.0 0.00599308058735204 6.0 0.0
5.9999999999885025 0.0 -7.648326416642703E-8 0.02 0.0 6.535549879060909E-4 6.0 0.0
