5.875113506465018E-10 2.937556753232509E-8 1.4687783766162545E-6 0.02 0.0 7.343891883081273E-5 5.875113506466468E-10 0.0
1.8800363220688058E-8 9.106425935020778E-7 4.406335129848763E-5 0.02 0.0 0.002129728646093569 1.8800363220688124E-8 0.0
1.427652582070999E-7 6.1982447493205925E-6 2.643801077909257E-4 0.02 0.0 0.011015837824621903 1.427652582071001E-7 0.0
6.016116230620179E-7 2.29423182427459E-5 8.372036746712653E-4 0.02 0.0 0.02864117834401698 6.016116230620179E-7 0.0
1.8359729707703185E-6 6.171806738541503E-5 0.0019387874571334565 0.02 0.0 0.05507918912310956 1.8359729707703187E-6 0.0
4.568488262627197E-6 1.366257645928439E-4 0.0037453848603714434 0.02 0.0 0.09032987016189935 4.568488262627197E-6 0.0
9.874303270315758E-6 2.6529075038442805E-4 0.006433249289579207 0.02 0.0 0.13439322146038818 9.874303270315758E-6 0.0
1.925157193798457E-5 4.6886343338344065E-4 0.01017863414995063 0.02 0.0 0.18726924301857117 1.925157193798457E-5 0.0
3.469195774432528E-5 7.720192903170353E-4 0.01515779284667973 0.02 0.0 0.24895793483645495 3.469195774432525E-5 0.0
5.875113506465019E-5 0.0012029588660162458 0.021546978784960525 0.02 0.0 0.3194592969140398 5.875113506465011E-5 0.0
9.461929053296976E-5 0.0017934077734159785 0.029522445369986636 0.02 0.0 0.39877332925130554 9.461929053296959E-5 0.0
1.461916244040703E-4 0.002578616693555027 0.03926044600695242 0.02 0.0 0.4869000318482893 1.4619162440406998E-4 0.0
2.181388519155916E-4 0.0035973613755760653 0.05093723410105192 0.02 0.0 0.583839404704975 2.1813885191559112E-4 0.0
3.1597770465010427E-4 0.004891942636725633 0.06472906305747839 0.02 0.0 0.6895914478213232 3.159777046501035E-4 0.0
4.461410715330586E-4 0.006508168344147716 0.08081128537110417 0.02 0.0 0.8041111156812892 4.4614107153305996E-4 0.0
6.160287406665392E-4 0.00849438345667403 0.09931075562631567 0.02 0.0 0.9249735127605747 6.160287406665475E-4 0.0
8.339836499198928E-4 0.01089774546266768 0.12016810029968254 0.02 0.0 1.0428672336683438 8.339836499199099E-4 0.0
0.0011092244374463587 0.013762039376323292 0.14321469568278059 0.02 0.0 1.1523297691549022 0.001109224437446387 0.0
0.0014517749408068995 0.01712752516802704 0.16827428958518745 0.02 0.0 1.2529796951203431 0.0014517749408069418 0.0
0.0018723936956081195 0.021030937740060998 0.19517062860169784 0.02 0.0 1.3448169508255197 0.0018723936956081787 0.0
0.002382503434140188 0.025505486926603427 0.22372745932712143 0.02 0.0 1.4278415362711794 0.0023825034341402682 0.0
0.002994120584014768 0.03058085749372899 0.2537685283562782 0.02 0.0 1.5020534514578396 0.0029941205840148728 0.0
0.0037197847668029274 0.03628320913940798 0.2851175822839495 0.02 0.0 1.5674526963835644 0.003719784766802855 0.0
0.0045724882966730685 0.04263517649350705 0.3175983677049535 0.02 0.0 1.6240392710501983 0.004572488296672735 0.0
0.0055656056790288535 0.04965586911778925 0.3510346312141099 0.02 0.0 1.6718131754578203 0.005565605679028217 0.0
0.006712823109147118 0.05736087150591323 0.38525011940619897 0.02 0.0 1.7107744096044541 0.00671282310914645 0.0
0.008028067970815803 0.06576224308343422 0.42006857887604937 0.02 0.0 1.7409229734925202 0.008028067970815646 0.0
0.009525438334971863 0.07486851820780303 0.4553137562184409 0.02 0.0 1.762258867119576 0.009525438334972287 0.0
0.011219132458339203 0.08468470616836699 0.49080939802819756 0.02 0.0 1.7747820904878335 0.011219132458340282 0.0
0.01312337828206661 0.09521229118637031 0.5263792509001664 0.02 0.0 1.7784926435984394 0.013123378282067562 0.0
0.015252362930365639 0.10644923241495147 0.5618470614290577 0.02 0.0 1.7733905264445682 0.015252362930364461 0.0
0.017620162209148575 0.11838996393914682 0.5970365762097675 0.02 0.0 1.7594757390354876 0.01762016220914503 0.0
0.020240670104666323 0.1310253947758874 0.6317715418370291 0.02 0.0 1.736748281363082 0.020240670104660158 0.0
0.02312752828214635 0.1443429088740013 0.6658757049056954 0.02 0.0 1.705208153433313 0.023127528282137298 0.0
0.026294055584430612 0.1583263651142131 0.69917281201059 0.02 0.0 1.664855355244732 0.026294055584418392 0.0
0.029753177530613434 0.1729560973091411 0.7314866097463998 0.02 0.0 1.615689886790489 0.02975317753059776 0.0
0.03351735581467954 0.18820891420330518 0.7626408447082039 0.02 0.0 1.557711748090207 0.03351735581466009 0.0
0.037598517804141834 0.20405809947311482 0.7924592634904817 0.02 0.0 1.4909209391138878 0.03759851780411831 0.0
0.042007986038679404 0.22047341172687848 0.8207656126881832 0.02 0.0 1.4153174598850737 0.04200798603865147 0.0
0.04675640772877544 0.23742108450480193 0.8473836388961722 0.02 0.0 1.3309013103994516 0.04675640772874276 0.0
0.05185368425435513 0.2548638262789844 0.872137088709124 0.02 0.0 1.23767249064759 0.05185368425432764 0.0
0.0573089006634236 0.27276082045342326 0.8948497087219426 0.02 0.0 1.1356310006409298 0.057308900663420925 0.0
0.0631302551786804 0.2910677257628402 0.915345265470846 0.02 0.0 1.0247778374451733 0.06313025517870423 0.0
0.0693249942946908 0.30973695580052 0.933461501883992 0.02 0.0 0.9058118206572985 0.06932499429474283 0.0
0.07589940173269191 0.3287203719000556 0.9491708049767789 0.02 0.0 0.7854651546393421 0.07589940173277386 0.0
0.08285885594680137 0.3479727107054728 0.9626169402708606 0.02 0.0 0.6723067647040892 0.082858855946915 0.0
0.09020790050730407 0.36745222802513494 0.9739758659831066 0.02 0.0 0.5679462856122974 0.09020790050745113 0.0
0.0979503146020145 0.38712070473552185 0.9834238355193453 0.02 0.0 0.47239847681193603 0.0979503146021968 0.0
0.10608918353763871 0.4069434467812105 0.991137102284434 0.02 6.28316041610054 0.3856633382544328 0.10608918353905854 -5.055861492919006E-8
0.11462696924113638 0.42688928517488345 0.997291919683646 0.02 6.283042242868953 0.30774086996060435 0.11462696921667292 -6.986961512064904E-7
0.1235655807610829 0.4469305759973258 1.0020645411221163 0.02 6.282815404262304 0.23863107192351185 0.12356558044915913 -2.9131435722098975E-6
0.13290644476903143 0.46704320039742675 1.0056312200050488 0.02 6.282466809993126 0.17833394414662473 0.1329064430756675 -7.908133004299461E-6
0.14265057606087506 0.4872065645921811 1.008168209737717 0.02 6.281982824406289 0.1268494866334069 0.1426505698731121 -1.716792624241112E-5
0.15279864805820884 0.5074035998666889 1.0098517637253916 0.02 6.281349248388086 0.0841776993837362 0.15279863016812667 -3.247425687839117E-5
0.16335106330969176 0.5276207625741464 1.0108581353728718 0.02 6.280551288677446 0.050318582374009324 0.1633510190655641 -5.5934948730022166E-5
0.17430802399240902 0.5478480341358629 1.0113635780858277 0.02 6.27957351315117 0.025272135647791405 0.17430792631527914 -9.001398389311271E-5
0.18566960241311867 0.5680789210354822 1.0115443449809636 0.02 6.278399790602604 0.009038344756795436 0.18566940458620002 -1.3756337723248857E-4
0.1974358090644475 0.5883103325664413 1.0115705765479543 0.02 6.2770132137165575 0.0013115783495387667 0.19743543463767924 -2.0185729101431654E-4
0.20960662037342717 0.6085405654489839 1.0115116441271332 0.02 6.27539600904943 -0.002946621041055586 0.2096059493917531 -2.866286168964338E-4
0.22218193063564723 0.6287655131110028 1.0112473831009439 0.02 6.2735294420450725 -0.013213051309468593 0.22218078127003596 -3.9610780486321745E-4
0.23516148201146073 0.6489775687906748 1.0106027839835996 0.02 6.271393714704163 -0.032229955867213445 0.23515958635727505 -5.350639828069215E-4
0.24854479402462232 0.6691656006580795 1.009401593370235 0.02 6.268967853341187 -0.060059530668232775 0.24854176672756936 -7.088484697714559E-4
0.2623310930609258 0.6893149518151731 1.00746755785468 0.02 6.266229585444853 -0.09670177577775219 0.26232639123107726 -9.234407154340013E-4
0.2765192418668424 0.7094074402958311 1.0046244240329016 0.02 6.263155204709342 -0.1421566910889127 0.27651211415125077 -0.001185496666715788
0.29110766904815844 0.7294213590658016 1.0006959384985248 0.02 6.259719423157538 -0.19642427671884288 0.2910970917027399 -0.0015023995386975603
0.3060942985686135 0.7493314760227521 0.995505847847522 0.02 6.2558952093242155 -0.2595045325501366 0.30607889592203397 -0.0018823129252360932
0.32147647924853795 0.7691090339962237 0.9888778986735791 0.02 6.2516536116719 -0.3313974586971469 0.3214544249165866 -0.002334236116624616
0.3372509142634913 0.7887217507476674 0.9806358375721858 0.02 6.246963566055758 -0.41210305506966805 0.3372198102421531 -0.0028680614723604753
0.35341359064289996 0.8081338189704329 0.9706034111382766 0.02 6.241791687065708 -0.5016213216954557 0.3533703190478661 -0.003494633530889635
0.3699597087686951 0.8273059062897575 0.9586043659662313 0.02 6.236102042699825 -0.5999522586022654 0.36990025151785777 -0.0042258094954218395
0.3868836118739504 0.8461951552627633 0.9444624486502906 0.02 6.229855912630004 -0.7070958657970361 0.38680283283617534 -0.0050745205685902295
0.4041787164382678 0.8647552282158716 0.9280036476554121 0.02 6.223011531307544 -0.8229400497439254 0.4040700983986937 -0.006054833394105341
0.42183747011064765 0.8829376836189923 0.9091227701560345 0.02 6.215523805862768 -0.9440438749688806 0.42169279947669946 -0.007182012528555798
0.4398513869889241 0.9006958439138235 0.8879080147415619 0.02 6.2073439841673235 -1.0607377707236298 0.4396603759672175 -0.008472587875038268
0.45821111660267444 0.917986480687516 0.8645318386846235 0.02 6.198419281465088 -1.1688088028469212 0.4579609531782751 -0.00994442700111578
0.4769065144145803 0.9347698905952939 0.8391704953888968 0.02 6.188692480347729 -1.268067164786335 0.47658132575508805 -0.011616810869125749
0.4959267123217903 0.9510098953604995 0.8120002382602798 0.02 6.178101508769182 -1.358512856430849 0.4955069284909255 -0.013510512887046217
0.5152601891572817 0.9666738417745679 0.7831973207034215 0.02 6.166579006901954 -1.4401458778429133 0.5147217887021777 -0.01564788040952575
0.5348948411912227 0.9817326016970496 0.7529379961240812 0.02 6.154051896930102 -1.5129662289670165 0.5342084588797816 -0.018052917579683497
0.5548180526323343 0.9961605720555822 0.7213985179266302 0.02 6.140440977648766 -1.5769739098725477 0.5539479267752739 -0.020751367573693225
0.5750167661292526 1.0099356748459132 0.6887551395165503 0.02 6.125660576548752 -1.6321689205039958 0.5739194986661671 -0.023770791094817
0.5954775532718909 1.0230393571319163 0.6551841143001558 0.02 6.109618304932636 -1.6785512608197273 0.5941006525922681 -0.027140636632633164
0.6161866850928012 1.0354565910455138 0.6208616956798751 0.02 6.092214978665113 -1.7161209310140313 0.6144668591185937 -0.030892296263588248
0.6371302025685371 1.0471758737867987 0.5859641370642432 0.02 6.073344792020812 -1.7448779307815965 0.6349913649397493 -0.03505913788910811
0.6582939871210159 1.0581892276239402 0.5506676918570763 0.02 6.05289585805964 -1.7648222603583452 0.6556449388520688 -0.039676502206777986
0.6796638311188801 1.0684921998932062 0.515148613463301 0.02 6.030751264988058 -1.7759539196887664 0.6763955787500432 -0.04478164845106253
0.7012255083788586 1.0780838629989242 0.4795831552859009 0.02 6.006790834897954 -1.7782729088700044 0.697208182714185 -0.05041362864631149
0.7229648446671311 1.0869668144136257 0.44414757073507616 0.02 5.980893808186829 -1.771779227541237 0.7180441927817983 -0.05661306541736594
0.7448677882006884 1.0951471766778687 0.4090181132121451 0.02 5.952942710315644 -1.7564728761465531 0.73886122426694 -0.06342180273301817
0.7669204801486955 1.1026345974003537 0.3743710361242547 0.02 5.922828663007863 -1.7323538543945194 0.7596127066874984 -0.07088239578113686
0.7891093251338527 1.1094422492578582 0.3403825928752213 0.02 5.8904583722449795 -1.6994221624516692 0.7802475726379346 -0.07903740390534991
0.8114210617337582 1.1155868299952743 0.30722903687080416 0.02 5.8557629220603555 -1.657677800220858 0.8007100475945769 -0.0879284538157058
0.8338428329822701 1.1210885624255984 0.27508662151620733 0.02 5.818708299514771 -1.6071207677298416 0.8209396102606972 -0.09759505075094527
0.856362256870869 1.1259711944299422 0.24413160021719005 0.02 5.779307245263942 -1.5477510649508641 0.8408712075263577 -0.10807313609077179
0.8789674968500191 1.1302619989575047 0.21454022637812376 0.02 5.737631557896924 -1.4795686919533146 0.8604358176754549 -0.11939342470243752
0.9016473323305304 1.1339917740255667 0.18648875340310234 0.02 5.693823432744191 -1.402573648751071 0.8795614482769012 -0.13157960198101754
0.9243912291849224 1.1371948427196021 0.1601534347017708 0.02 5.648103899295575 -1.3167659350665772 0.8981746282095812 -0.1446465165545483
0.9471894102487842 1.1399090531930889 0.13571052367433722 0.02 5.600776135652618 -1.2221455513716784 0.9162023994354022 -0.1585985589436662
0.9700329258221371 1.1421757786676423 0.11333627372767108 0.02 5.55222162394124 -1.1187124973333074 0.9335747327375216 -0.17342845093674797
0.9929137241233345 1.144039915059869 0.09320681961133559 0.02 5.502887932778347 -1.0064727058167744 0.950227197372521 -0.18911666765887297
1.0158247122936856 1.14554940851756 0.07547467288454568 0.02 5.453268367312146 -0.8866073363394955 0.9661036230789793 -0.20563165354781693
1.0387597541739937 1.146752094015402 0.06013427489209855 0.02 5.403875558044705 -0.7670198996223565 0.9811584195224271 -0.2229308524128626
1.0617136078297271 1.1476926827866718 0.04702943856349506 0.02 5.355212413349735 -0.6552418164301743 0.9953582827808191 -0.24096247131603477
1.0846818550776758 1.148412362397433 0.03598398053805685 0.02 5.30774444067913 -0.5522729012719108 1.0086831246309966 -0.25966781532631883
1.1076608309845866 1.148948795345539 0.026821647405306237 0.02 5.261877185412661 -0.45811665663753054 1.0211261459497603 -0.27898392162703767
1.130647553365803 1.1493361190608176 0.019366185763924904 0.02 5.217941294126628 -0.3727730820690667 1.0326931046161067 -0.2988461939207487
1.1536396522839023 1.1496049459049695 0.013441342207598517 0.02 5.17618600989312 -0.29624217781631934 1.0434009393137686 -0.31919077729697626
1.1766352995473341 1.149782363171592 0.008870863331122969 0.02 5.136780332365712 -0.2285239438237774 1.0532759737460589 -0.33995649555605767
1.1996331382090575 1.1498919330861668 0.005478495728739041 0.02 5.09982002968653 -0.1696183801191964 1.062351935409253 -0.36108626814163497
1.2226322120651796 1.149953692806105 0.0030879859969079604 0.02 5.065338294282845 -0.11952548659155404 1.0706679909415966 -0.3825280079684534
1.245631895153593 1.149984154420669 0.0015230807282051728 0.02 5.033317977369469 -0.07824526343513938 1.0782669451313007 -0.4042350602709063
1.2686318212526142 1.149996304951062 6.07526519647017E-4 0.02 5.003703792731191 -0.04577771042790779 1.0851936913311135 -0.42616627380841293
1.291631813379621 1.1499996063503382 1.6506996380893924E-4 0.02 4.976413434071519 -0.022122827791903887 1.0914939492018398 -0.4482858026908339
1.3146318132915367 1.1499999955957851 1.9462272349279885E-5 0.02 4.951347050604875 -0.0072803845729829675 1.0972132878743135 -0.4705627294081991
1.3376318132915368 1.1500000000000066 2.2021107159986286E-7 0.02 4.9283949030359615 -9.621030638840011E-4 1.102396409259708 -0.4929705858808488
1.3606318132915363 1.1499999999999733 -1.6653345369377348E-12 0.02 4.907443252426123 -1.101063684671999E-5 1.1070866578767098 -0.5154868514760866
1.3836318132915362 1.1499999999999955 1.1102230246251565E-12 0.02 4.888378692864709 1.3877787807814457E-10 1.1113257146112638 -0.5380924785776466
1.406631813291536 1.1499999999999955 0.0 0.02 4.871091223682603 -5.551115123125783E-11 1.115153427151546 -0.560771443338187
1.4296318132915362 1.1500000000000066 5.551115123125783E-13 0.02 4.855476325137529 2.7755575615628914E-11 1.1186077426323542 -0.5835103297744552
1.4526318132915363 1.1500000000000066 0.0 0.02 4.841436270336748 -2.7755575615628914E-11 1.1217247151144158 -0.6062979534659423
1.4756318132915363 1.1499999999999955 -5.551115123125783E-13 0.02 4.828880869948257 -2.7755575615628914E-11 1.1245385660967209 -0.6291250271688746
1.4986318132915362 1.1499999999999955 0.0 0.02 4.817727808908306 2.7755575615628914E-11 1.1270817810708988 -0.6519838673419869
1.5216318132915363 1.1500000000000066 5.551115123125783E-13 0.02 4.807902699541489 2.7755575615628914E-11 1.129385229249857 -0.6748681386037032
1.5446318132915362 1.1499999999999955 -5.551115123125783E-13 0.02 4.799338945450049 -5.551115123125783E-11 1.1314782969990025 -0.6977726323462367
1.5676318132915363 1.1500000000000066 5.551115123125783E-13 0.02 4.7919774859955195 5.551115123125783E-11 1.1333890281713346 -0.7206930755691583
1.5906318132915362 1.1499999999999955 -5.551115123125783E-13 0.02 4.785766472076665 -5.551115123125783E-11 1.1351442665390161 -0.7436259654240271
1.6136318132915364 1.1500000000000066 5.551115123125783E-13 0.02 4.780660908673979 5.551115123125783E-11 1.136769797133364 -0.7665684260784779
1.6366318132915365 1.1500000000000066 0.0 0.02 4.776622288718935 -2.7755575615628914E-11 1.1382904843470014 -0.7895180838231093
1.6596318132915366 1.1500000000000066 0.0 0.02 4.773618234155768 0.0 1.139730405537486 -0.8124729575719445
1.6826318132915363 1.1499999999999844 -1.1102230246251565E-12 0.02 4.771622154021358 -5.551115123125783E-11 1.1411129793834602 -0.8354313615536944
1.7056318132915365 1.1500000000000066 1.1102230246251565E-12 0.02 4.770612924626971 1.1102230246251565E-10 1.1424610886636293 -0.8583918179077149
1.7286318132915366 1.1500000000000066 0.0 0.02 4.7705745935585595 -5.551115123125783E-11 1.1437971973285759 -0.881352976699654
1.7516318132915367 1.1500000000000066 0.0 0.02 4.771496106509148 0.0 1.145143461876781 -0.904313541454224
1.7746318132915364 1.1499999999999844 -1.1102230246251565E-12 0.02 4.773371053851446 -5.551115123125783E-11 1.146521837065599 -0.9272721983490559
1.7976318132915365 1.1500000000000066 1.1102230246251565E-12 0.02 4.776197432023627 1.1102230246251565E-10 1.1479541759477618 -0.9502275474572777
1.8206318132915367 1.1500000000000066 0.0 0.02 4.779977413102838 -5.551115123125783E-11 1.1494623241147501 -0.9731780345708098
1.8436318132915368 1.1500000000000066 0.0 0.02 4.78471711422467 0.0 1.1510682078585819 -0.9961218822510591
1.866631813291537 1.1500000000000066 0.0 0.02 4.790426356686343 0.0 1.1527939157412856 -1.0190570189485861
1.8896318132915366 1.1499999999999844 -1.1102230246251565E-12 0.02 4.797118402494583 -5.551115123125783E-11 1.1546617727611888 -1.0419810049772158
1.9126318132915368 1.1500000000000066 1.1102230246251565E-12 0.02 4.804809653910098 1.1102230246251565E-10 1.1566944059821207 -1.0648909546385512
1.9356318132915364 1.1499999999999844 -1.1102230246251565E-12 0.02 4.813519298880375 -1.1102230246251565E-10 1.1589148000465346 -1.087783453547306
1.9586318132915361 1.1499999999999844 0.0 0.02 4.823268882431668 5.551115123125783E-11 1.16134634051525 -1.110654470588096
1.9816318132915363 1.1500000000000066 1.1102230246251565E-12 0.02 4.834081781255471 5.551115123125783E-11 1.1640128424598943 -1.1334992645632607
2.004631813291536 1.1499999999999955 -5.551115123125783E-13 0.02 4.845982555650259 -8.326672684688674E-11 1.1669385610907403 -1.156312285578819
2.0276318132915367 1.1500000000000288 1.6653345369377348E-12 0.02 4.858996150203362 1.1102230246251565E-10 1.1701481805109553 -1.1790870715670168
2.0506318132915364 1.1499999999999844 -2.220446049250313E-12 0.02 4.873146913479962 -1.942890293094024E-10 1.1736667761875572 -1.201816142307494
2.073631813291537 1.1500000000000288 2.220446049250313E-12 0.02 4.888457405779137 2.220446049250313E-10 1.177519745877943 -1.224490892377316
2.0966318132915367 1.1499999999999844 -2.220446049250313E-12 0.02 4.904946967028862 -2.220446049250313E-10 1.1817327034577356 -1.2471014872716237
2.1196318132915364 1.1499999999999844 0.0 0.02 4.922630022189744 1.1102230246251565E-10 1.1863313297095992 -1.2696367674193068
2.142631813291537 1.1500000000000288 2.220446049250313E-12 0.02 4.941514112376092 1.1102230246251565E-10 1.1913411742668658 -1.29208416673132
2.1656318132915366 1.1499999999999844 -2.220446049250313E-12 0.02 4.961597656901004 -2.220446049250313E-10 1.1967874035485762 -1.314429654076607
2.1886318132915363 1.1499999999999844 0.0 0.02 4.982867475852909 1.1102230246251565E-10 1.2026944908900044 -1.3366577078243347
2.211631813291537 1.1500000000000288 2.220446049250313E-12 0.02 5.005296135474117 1.1102230246251565E-10 1.2090858474606083 -1.3587513354946537
2.2346318132915366 1.1499999999999844 -2.220446049250313E-12 0.02 5.028839217629776 -2.220446049250313E-10 1.2159833957971975 -1.3806921510967285
2.257631813291537 1.1500000000000288 2.220446049250313E-12 0.02 5.053432659772492 2.220446049250313E-10 1.2234070925745373 -1.4024605240275407
2.280631813291537 1.1499999999999844 -2.220446049250313E-12 0.02 5.07899035415717 -2.220446049250313E-10 1.2313744124077615 -1.4240358111757343
2.3036318132915365 1.1499999999999844 0.0 0.02 5.105402231612868 1.1102230246251565E-10 1.2398998110130246 -1.4453966824491
2.326631813291537 1.1500000000000288 2.220446049250313E-12 0.02 5.132533070969485 1.1102230246251565E-10 1.2489941918279994 -1.4665215441637276
2.349631813291537 1.1499999999999844 -2.220446049250313E-12 0.02 5.160222264108003 -2.220446049250313E-10 1.2586644055367109 -1.4873890586666814
2.3726318132915365 1.1499999999999844 0.0 0.02 5.188284717189878 1.1102230246251565E-10 1.2689128148569968 -1.5079787498299317
2.395631813291537 1.1500000000000288 2.220446049250313E-12 0.02 5.216512979737481 1.1102230246251565E-10 1.2797369568787498 -1.5282716750519694
2.4186318132915368 1.1499999999999844 -2.220446049250313E-12 0.02 5.244680568903547 -2.220446049250313E-10 1.2911293308871843 -1.5482511352291137
2.4416318132915373 1.1500000000000288 2.220446049250313E-12 0.02 5.2725463139587845 2.220446049250313E-10 1.3030773315818536 -1.5679033879998923
2.464631813291537 1.1499999999999844 -2.220446049250313E-12 0.02 5.299859405891719 -2.220446049250313E-10 1.3155633353513914 -1.5872183255762493
2.4876318132915367 1.1499999999999844 0.0 0.02 5.326364728798842 1.1102230246251565E-10 1.3285649333962652 -1.6061900800668016
2.5106318132915373 1.1500000000000288 2.220446049250313E-12 0.02 5.351807993721301 1.1102230246251565E-10 1.3420552911319263 -1.6248175248862513
2.533631813291536 1.14999999999994 -4.440892098500626E-12 0.02 5.375940204875535 -3.3306690738754696E-10 1.3560036009507992 -1.6431046507130556
2.5566318132915367 1.1500000000000288 4.440892098500626E-12 0.02 5.398521060239278 4.440892098500626E-10 1.3703755866784675 -1.6610608067323478
2.5796318132915363 1.1499999999999844 -2.220446049250313E-12 0.02 5.41932100765842 -3.3306690738754696E-10 1.3851340139964448 -1.6787008107539003
2.602631813291537 1.1500000000000288 2.220446049250313E-12 0.02 5.438121819607911 2.220446049250313E-10 1.400239161591502 -1.6960449430506392
2.6256318132915366 1.1499999999999844 -2.220446049250313E-12 0.02 5.454715689393135 -2.220446049250313E-10 1.41564921208558 -1.7131188470106444
2.6486318132915363 1.1499999999999844 0.0 0.02 5.468902969201457 1.1102230246251565E-10 1.4313205284670696 -1.7299533639702318
2.671631813291536 1.1499999999999844 0.0 0.02 5.480488756326151 0.0 1.4472077892267101 -1.7465843296549892
2.6946318132915366 1.1500000000000288 2.220446049250313E-12 0.02 5.489278589565042 1.1102230246251565E-10 1.4632639624548196 -1.7630523558505953
2.7176318132915362 1.1499999999999844 -2.220446049250313E-12 0.02 5.49507355428989 -2.220446049250313E-10 1.479440104823458 -1.7794026136108534
2.740631813291537 1.1500000000000288 2.220446049250313E-12 0.02 5.497665130711544 2.220446049250313E-10 1.495684975662442 -1.7956846241295537
2.7636318132915365 1.1499999999999844 -2.220446049250313E-12 0.02 5.497651575321375 -2.220446049250313E-10 1.5119477138418995 -1.8119487978280162
2.786631813291536 1.1499999999999844 0.0 0.02 5.4970470068247765 1.1102230246251565E-10 1.528204686212328 -1.8282187343060359
2.8096318132915368 1.1500000000000288 2.220446049250313E-12 0.02 5.4959865406468245 1.1102230246251565E-10 1.544448065273868 -1.8445022408957754
2.8326318132915365 1.1499999999999844 -2.220446049250313E-12 0.02 5.494501130778319 -2.220446049250313E-10 1.560670660668704 -1.8608064520440089
2.855631813291536 1.1499999999999844 0.0 0.02 5.492621452794444 1.1102230246251565E-10 1.5768657581406926 -1.8771379756084157
2.8786318132915367 1.1500000000000288 2.220446049250313E-12 0.02 5.490377832426271 1.1102230246251565E-10 1.593027109245727 -1.8935028926049398
2.9016318132915364 1.1499999999999844 -2.220446049250313E-12 0.02 5.487800181494823 -2.220446049250313E-10 1.6091489219170267 -1.9099067599260198
2.924631813291537 1.1500000000000288 2.220446049250313E-12 0.02 5.484917940065874 2.220446049250313E-10 1.6252258517746279 -1.9263546157109421
2.9476318132915367 1.1499999999999844 -2.220446049250313E-12 0.02 5.481760023953509 -2.220446049250313E-10 1.6412529940891702 -1.9428509871117654
2.9706318132915364 1.1499999999999844 0.0 0.02 5.478354776945785 1.1102230246251565E-10 1.6572258762625913 -1.9593999001797822
2.993631813291537 1.1500000000000288 2.220446049250313E-12 0.02 5.474729927328311 1.1102230246251565E-10 1.6731404506998686 -1.976004891628527
3.0166318132915366 1.1499999999999844 -2.220446049250313E-12 0.02 5.470912548446008 -2.220446049250313E-10 1.6889930879588024 -1.992669022254089
3.0396318132915363 1.1499999999999844 0.0 0.02 5.466929023187623 1.1102230246251565E-10 1.704780570019615 -2.0093948917504045
3.062631813291536 1.1499999999999844 0.0 0.02 5.462805012353867 0.0 1.720500083622572 -2.0261846547675146
3.0856318132915366 1.1500000000000288 2.220446049250313E-12 0.02 5.458565426970604 1.1102230246251565E-10 1.7361492134994434 -2.0430400379271023
3.1086318132915363 1.1499999999999844 -2.220446049250313E-12 0.02 5.45423440461532 -2.220446049250313E-10 1.7517259354786476 -2.0599623576642174
3.131631813291536 1.1499999999999844 0.0 0.02 5.449835289871541 1.1102230246251565E-10 1.7672286093418272 -2.076952538646745
3.1546318132915356 1.1499999999999844 0.0 0.02 5.445390618999736 0.0 1.782655971413973 -2.0940111326259023
3.177631813291536 1.1500000000000288 2.220446049250313E-12 0.02 5.4409221089103355 1.1102230246251565E-10 1.7980071268232647 -2.111138337512436
3.200631813291536 1.1499999999999844 -2.220446049250313E-12 0.02 5.4364506504797 -2.220446049250313E-10 1.8132815414287968 -2.1283340165324267
3.2236318132915356 1.1499999999999844 0.0 0.02 5.431996306221883 1.1102230246251565E-10 1.828479033383773 -2.1455977172761775
3.2466318132915353 1.1499999999999844 0.0 0.02 5.427578312266373 0.0 1.8435997643714532 -2.162928690526742
3.269631813291536 1.1500000000000288 2.220446049250313E-12 0.02 5.423215084563245 1.1102230246251565E-10 1.8586442304938546 -2.1803259086878364
3.2926318132915355 1.1499999999999844 -2.220446049250313E-12 0.02 5.418924229165899 -2.220446049250313E-10 1.8736132528801797 -2.1977880837293284
3.315631813291536 1.1500000000000288 2.220446049250313E-12 0.02 5.414722556415262 2.220446049250313E-10 1.8885079680211923 -2.2153136845019348
3.338631813291536 1.1499999999999844 -2.220446049250313E-12 0.02 5.410626098787271 -2.220446049250313E-10 1.9033298179102602 -2.232900953363534
3.3616318132915364 1.1500000000000288 2.220446049250313E-12 0.02 5.406650132152795 2.220446049250313E-10 1.9180805399906395 -2.2505479219716906
3.384631813291536 1.1499999999999844 -2.220446049250313E-12 0.02 5.4028092001384636 -2.220446049250313E-10 1.9327621570162163 -2.268252426232186
3.407631813291535 1.14999999999994 -2.220446049250313E-12 0.02 5.399117141280463 0.0 1.947376966834614 -2.2860121202881265
3.4306318132915354 1.1500000000000288 4.440892098500626E-12 0.02 5.395587118622574 3.3306690738754696E-10 1.9619275321858556 -2.3038244895463453
3.453631813291535 1.1499999999999844 -2.220446049250313E-12 0.02 5.392231651417425 -3.3306690738754696E-10 1.9764166705381037 -2.321686862665032
3.4766318132915357 1.1500000000000288 2.220446049250313E-12 0.02 5.389062648570519 2.220446049250313E-10 1.990847444034825 -2.3395964225040453
3.4996318132915354 1.1499999999999844 -2.220446049250313E-12 0.02 5.386091443478061 -2.220446049250313E-10 2.005223149580154 -2.357550215995836
3.522631813291536 1.1500000000000288 2.220446049250313E-12 0.02 5.383328829903476 2.220446049250313E-10 2.019547309135613 -2.375545162966815
3.5456318132915357 1.1499999999999844 -2.220446049250313E-12 0.02 5.380785098563141 -2.220446049250313E-10 2.033823660220562 -2.3935780638532744
3.5686318132915362 1.1500000000000288 2.220446049250313E-12 0.02 5.378470074085359 2.220446049250313E-10 2.0480561466910023 -2.4116456063727574
3.591631813291535 1.14999999999994 -4.440892098500626E-12 0.02 5.376393152037164 -3.3306690738754696E-10 2.062248909787249 -2.429744371120869
3.6146318132915356 1.1500000000000288 4.440892098500626E-12 0.02 5.374563335715969 4.440892098500626E-10 2.076406279509304 -2.447870836163355
3.6376318132915353 1.1499999999999844 -2.220446049250313E-12 0.02 5.3729892724350155 -3.3306690738754696E-10 2.0905327662745683 -2.4660213805741167
3.660631813291536 1.1500000000000288 2.220446049250313E-12 0.02 5.371679289030352 2.220446049250313E-10 2.1046330529168715 -2.4841922870151825
3.6836318132915356 1.1499999999999844 -2.220446049250313E-12 0.02 5.370641426345782 -2.220446049250313E-10 2.1187119869915483 -2.502379743346718
3.706631813291536 1.1500000000000288 2.220446049250313E-12 0.02 5.369883472459362 2.220446049250313E-10 2.1327745733835224 -2.5205798433075723
3.729631813291536 1.1499999999999844 -2.220446049250313E-12 0.02 5.3694129944276305 -2.220446049250313E-10 2.1468259672096024 -2.5387885863107322
3.7526318132915355 1.1499999999999844 0.0 0.02 5.369237368334364 1.1102230246251565E-10 2.160871466977997 -2.557001876372315
3.775631813291535 1.1499999999999844 0.0 0.02 5.369363807435327 0.0 2.1749165079847246 -2.5752155202246514
3.7986318132915358 1.1500000000000288 2.220446049250313E-12 0.02 5.369799388195086 1.1102230246251565E-10 2.188966655903606 -2.59342522464451
3.8216318132915355 1.1499999999999844 -2.220446049250313E-12 0.02 5.370551074011592 -2.220446049250313E-10 2.2030276005265734 -2.611626593037781
3.844631813291536 1.1500000000000288 2.220446049250313E-12 0.02 5.371625736421328 2.220446049250313E-10 2.2171051496019896 -2.629815121320516
3.8676318132915357 1.1499999999999844 -2.220446049250313E-12 0.02 5.3730301735717525 -2.220446049250313E-10 2.2312052227161034 -2.647986193143491
3.8906318132915363 1.1500000000000288 2.220446049250313E-12 0.02 5.374771125738037 2.220446049250313E-10 2.245333845148995 -2.666135074500521
3.913631813291536 1.1499999999999844 -2.220446049250313E-12 0.02 5.376855287648815 -2.220446049250313E-10 2.2594971416354594 -2.684256907771113
3.9366318132915357 1.1499999999999844 0.0 0.02 5.379289317371223 1.1102230246251565E-10 2.2737013299562214 -2.7023467052534906
3.9596318132915354 1.1499999999999844 0.0 0.02 5.382079841486411 0.0 2.287952714267118 -2.720399342234125
3.982631813291536 1.1500000000000288 2.220446049250313E-12 0.02 5.385233456269906 1.1102230246251565E-10 2.302257678084141 -2.7384095496665806
4.005631813291536 1.1499999999999844 -2.220446049250313E-12 0.02 5.388756724569886 -2.220446049250313E-10 2.3166226768252383 -2.756371906525125
4.028631813291535 1.1499999999999844 0.0 0.02 5.392656168055537 1.1102230246251565E-10 2.3310542298035797 -2.774280831905976
4.051631813291536 1.1500000000000288 2.220446049250313E-12 0.02 5.396938254488302 1.1102230246251565E-10 2.345558911563903 -2.7921305769613314
4.074631813291536 1.1499999999999844 -2.220446049250313E-12 0.02 5.401609379655834 -2.220446049250313E-10 2.3601433424620435 -2.8099152167781027
4.097631813291536 1.1500000000000288 2.220446049250313E-12 0.02 5.406675843584226 2.220446049250313E-10 2.374814178346882 -2.827628642279878
4.120631813291535 1.14999999999994 -4.440892098500626E-12 0.02 5.412143820645155 -3.3306690738754696E-10 2.3895780992374656 -2.845264552289869
4.1436318132915355 1.1500000000000288 4.440892098500626E-12 0.02 5.418019323181282 4.440892098500626E-10 2.4044417968977463 -2.862816445919849
4.166631813291535 1.1499999999999844 -2.220446049250313E-12 0.02 5.424308158256886 -3.3306690738754696E-10 2.419411961140143 -2.880277615381106
4.189631813291536 1.1500000000000288 2.220446049250313E-12 0.02 5.4310158771949535 2.220446049250313E-10 2.4344952647810967 -2.897641139439326
4.2126318132915355 1.1499999999999844 -2.220446049250313E-12 0.02 5.438147717575361 -2.220446049250313E-10 2.4496983471067235 -2.9148998776704067
4.235631813291536 1.1500000000000288 2.220446049250313E-12 0.02 5.445708537454642 2.220446049250313E-10 2.465027795780343 -2.9320464657703242
4.258631813291536 1.1499999999999844 -2.220446049250313E-12 0.02 5.453702741598633 -2.220446049250313E-10 2.48049012702667 -2.949073312068295
4.281631813291535 1.1499999999999844 0.0 0.02 5.462134199724441 1.1102230246251565E-10 2.4960917641447207 -2.965972595638439
4.304631813291535 1.1499999999999844 0.0 0.02 5.47100615675151 0.0 2.5118390141469806 -2.982736266114526
4.327631813291536 1.1500000000000288 2.220446049250313E-12 0.02 5.48032113534197 1.1102230246251565E-10 2.5277380425784317 -2.9993560455885433
4.350631813291536 1.1500000000000288 0.0 0.02 5.490080831209348 -1.1102230246251565E-10 2.5437948465656834 -3.015823432939262
4.373631813291536 1.1499999999999844 -2.220446049250313E-12 0.02 5.5002860018422295 -1.1102230246251565E-10 2.560015226056662 -3.0321297108107976
4.396631813291536 1.1499999999999844 0.0 0.02 5.510936349614315 1.1102230246251565E-10 2.5764047533493155 -3.048265955568474
4.419631813291536 1.1500000000000288 2.220446049250313E-12 0.02 5.522030400616877 1.1102230246251565E-10 2.592968741134305 -3.064223050625846
4.442631813291536 1.1499999999999844 -2.220446049250313E-12 0.02 5.5335653808279295 -2.220446049250313E-10 2.609712209227034 -3.07999170340993
4.4656318132915365 1.1500000000000288 2.220446049250313E-12 0.02 5.54553709155728 2.220446049250313E-10 2.6266398501838557 -3.0955624661726002
4.488631813291536 1.1499999999999844 -2.220446049250313E-12 0.02 5.557939786636519 -2.220446049250313E-10 2.643755994296657 -3.1109257610385024
4.511631813291537 1.1500000000000288 2.220446049250313E-12 0.02 5.570766053981979 2.220446049250313E-10 2.6610645742272743 -3.1260719093405
4.534631813291536 1.1499999999999844 -2.220446049250313E-12 0.02 5.584006704673529 -2.220446049250313E-10 2.678569089869905 -3.1409911654707914
4.557631813291536 1.1499999999999844 0.0 0.02 5.597650672904923 1.1102230246251565E-10 2.69627257397914 -3.1556737552795227
4.580631813291536 1.1499999999999844 0.0 0.02 5.611684930384248 0.0 2.7141775591717687 -3.170109918966138
4.6036318132915355 1.1499999999999844 0.0 0.02 5.626094418892406 0.0 2.732286046977337 -3.1842899583109965
4.626631813291536 1.1500000000000288 2.220446049250313E-12 0.02 5.640862004695825 1.1102230246251565E-10 2.750599479645272 -3.198204287966691
4.649631813291535 1.14999999999994 -4.440892098500626E-12 0.02 5.655968458382197 -3.3306690738754696E-10 2.769118715474311 -3.211843490423485
4.672631813291535 1.1500000000000288 4.440892098500626E-12 0.02 5.671392463322931 4.440892098500626E-10 2.7878440083810108 -3.225198374085663
4.695631813291535 1.1499999999999844 -2.220446049250313E-12 0.02 5.687110655436353 -3.3306690738754696E-10 2.8067749923753205 -3.2382600337452816
4.718631813291536 1.1500000000000288 2.220446049250313E-12 0.02 5.7030976963194435 2.220446049250313E-10 2.8259106716622537 -3.2510199126840122
4.741631813291535 1.1499999999999844 -2.220446049250313E-12 0.02 5.7193263808354695 -2.220446049250313E-10 2.845249416864924 -3.2634698654135965
4.764631813291536 1.1500000000000288 2.220446049250313E-12 0.02 5.735767779329989 2.220446049250313E-10 2.864788967872123 -3.275602220053296
4.787631813291536 1.1499999999999844 -2.220446049250313E-12 0.02 5.752391413441368 -2.220446049250313E-10 2.884526443574313 -3.2874098392033693
4.810631813291535 1.1499999999999844 0.0 0.02 5.769165463350181 1.1102230246251565E-10 2.9044583586620414 -3.2988861781851737
4.833631813291535 1.1499999999999844 0.0 0.02 5.7860570031099385 0.0 2.924580647454559 -3.3100253394996586
4.856631813291536 1.1500000000000288 2.220446049250313E-12 0.02 5.803032259572942 1.1102230246251565E-10 2.944888694515508 -3.3208221223864025
4.879631813291535 1.1499999999999844 -2.220446049250313E-12 0.02 5.820056889476682 -2.220446049250313E-10 2.965377371651395 -3.3312720664676005
4.902631813291536 1.1500000000000288 2.220446049250313E-12 0.02 5.837096268498101 2.220446049250313E-10 2.98604108072505 -3.3413714885932766
4.9256318132915355 1.1499999999999844 -2.220446049250313E-12 0.02 5.854115785517565 -2.220446049250313E-10 3.0068738015000607 -3.3511175121368604
4.948631813291536 1.1500000000000288 2.220446049250313E-12 0.02 5.87108113514565 2.220446049250313E-10 3.0278691436493226 -3.3605080882096994
4.971631813291536 1.1499999999999844 -2.220446049250313E-12 0.02 5.8879586016245264 -2.220446049250313E-10 3.049020401945687 -3.3695420084662304
4.9946318132915355 1.1499999999999844 0.0 0.02 5.904715327511668 1.1102230246251565E-10 3.070320613497122 -3.3782189093570025
5.017631813291535 1.1499999999999844 0.0 0.02 5.921319561399837 0.0 3.0917626161228267 -3.3865392680205444
5.040631813291536 1.1500000000000288 2.220446049250313E-12 0.02 5.937740879510303 1.1102230246251565E-10 3.1133391066279126 -3.394504390063522
5.063631813291535 1.1499999999999844 -2.220446049250313E-12 0.02 5.953950377193613 -2.220446049250313E-10 3.1350426979781822 -3.402116389764827
5.086631813291536 1.1500000000000288 2.220446049250313E-12 0.02 5.969920827556806 2.220446049250313E-10 3.156865974519503 -3.4093781634214464
5.109631813291536 1.1499999999999844 -2.220446049250313E-12 0.02 5.9856268055559525 -2.220446049250313E-10 3.178801544425891 -3.4162933566546094
5.132631813291536 1.1500000000000288 2.220446049250313E-12 0.02 6.00104477696989 2.220446049250313E-10 3.2008420885846194 -3.4228663265610813
5.155631813291536 1.1499999999999844 -2.220446049250313E-12 0.02 6.01615315283705 -2.220446049250313E-10 3.2229804053955458 -3.4291020997027957
5.178631813291536 1.1499999999999844 0.0 0.02 6.030932310842424 1.1102230246251565E-10 3.2452094510628 -3.435006326935846
5.201631813291536 1.1500000000000288 2.220446049250313E-12 0.02 6.045364586076417 1.1102230246251565E-10 3.267522375344501 -3.440585236131006
5.224631813291536 1.1499999999999844 -2.220446049250313E-12 0.02 6.059434233702173 -2.220446049250313E-10 3.289912552135747 -3.445845583606414
5.2476318132915365 1.1500000000000288 2.220446049250313E-12 0.02 6.073127367218196 2.220446049250313E-10 3.3123736054870587 -3.4507946053256138
5.270631813291535 1.14999999999994 -4.440892098500626E-12 0.02 6.086431875480611 -3.3306690738754696E-10 3.3348994306149695 -3.4554399685321187
5.293631813291537 1.1500000000000732 6.661338147750939E-12 0.02 6.099337322304882 5.551115123125783E-10 3.3574842104354485 -3.459789724625451
5.316631813291536 1.14999999999994 -6.661338147750939E-12 0.02 6.11183483216217 -6.661338147750939E-10 3.3801224278709165 -3.4638522638842897
5.339631813291536 1.1500000000000288 4.440892098500626E-12 0.02 6.123916965247004 5.551115123125783E-10 3.402808874114177 -3.4676362725230385
5.362631813291536 1.1499999999999844 -2.220446049250313E-12 0.02 6.135577585023691 -3.3306690738754696E-10 3.4255386532161585 -3.471150692503236
5.385631813291536 1.1500000000000288 2.220446049250313E-12 0.02 6.146811721110207 2.220446049250313E-10 3.448307183548775 -3.474404684446375
5.408631813291536 1.1499999999999844 -2.220446049250313E-12 0.02 6.157615429762722 -2.220446049250313E-10 3.47111019626177 -3.477407593835303
5.431631813291537 1.1500000000000288 2.220446049250313E-12 0.02 6.167985654188851 2.220446049250313E-10 3.4939437315343067 -3.4801689207163573
5.454631813291536 1.1499999999999844 -2.220446049250313E-12 0.02 6.177920086021068 -2.220446049250313E-10 3.516804132352653 -3.4826982928991725
5.477631813291536 1.1499999999999844 0.0 0.02 6.187417029532592 1.1102230246251565E-10 3.5396880368098635 -3.4850054427698733
5.500631813291536 1.1499999999999844 0.0 0.02 6.19647526933969 0.0 3.5625923688885512 -3.4871001876472505
5.523631813291536 1.1500000000000288 2.220446049250313E-12 0.02 6.20509394216596 1.1102230246251565E-10 3.5855143279169575 -3.4889924136246844
5.546631813291536 1.1499999999999844 -2.220446049250313E-12 0.02 6.213272413196465 -2.220446049250313E-10 3.6084513775041347 -3.490692062865456
5.569631813291537 1.1500000000000288 2.220446049250313E-12 0.02 6.22101015677504 2.220446049250313E-10 3.6314012334013923 -3.4922091241832938
5.592631813291536 1.1499999999999844 -2.220446049250313E-12 0.02 6.228306641527104 -2.220446049250313E-10 3.6543618511059006 -3.493553626858122
5.615631813291537 1.1500000000000288 2.220446049250313E-12 0.02 6.2351612194450095 2.220446049250313E-10 3.677331413109879 -3.4947356375533425
5.6386318132915365 1.1499999999999844 -2.220446049250313E-12 0.02 6.241573018430093 -2.220446049250313E-10 3.7003083159859904 -3.4957652602342595
5.661631813291536 1.1499999999999844 0.0 0.02 6.247540837552269 1.1102230246251565E-10 3.7232911571601806 -3.4966526389822574
5.684631813291536 1.1499999999999844 0.0 0.02 6.253063044399185 0.0 3.7462787220684515 -3.4974079636510362
5.7076318132915365 1.1500000000000288 2.220446049250313E-12 0.02 6.258137473366577 1.1102230246251565E-10 3.7692699709096127 -3.498041478264403
5.730631813291536 1.1499999999999844 -2.220446049250313E-12 0.02 6.262761324069666 -2.220446049250313E-10 3.7922640257765283 -3.4985634921451902
5.753631813291537 1.1500000000000288 2.220446049250313E-12 0.02 6.266931058594271 2.220446049250313E-10 3.81526015753278 -3.498984393735819
5.776631813291536 1.1499999999999844 -2.220446049250313E-12 0.02 6.270642296469395 -2.220446049250313E-10 3.8382577728832703 -3.4993146671352964
5.799631813291536 1.1499999999999844 0.0 0.02 6.273889705970706 1.1102230246251565E-10 3.861256401390549 -3.4995649113850122
5.822631813291537 1.1500000000000288 2.220446049250313E-12 0.02 6.276666890278092 1.1102230246251565E-10 3.884255682164396 -3.4997458625753026
5.8456318132915355 1.14999999999994 -4.440892098500626E-12 0.02 6.2789662669706345 -3.3306690738754696E-10 3.9072553505742422 -3.499868418886388
5.868631813291536 1.1500000000000288 4.440892098500626E-12 0.02 6.280778939052749 4.440892098500626E-10 3.9302552243244726 -3.4999436687041134
5.891631813291536 1.1499999999999844 -2.220446049250313E-12 0.02 6.282094555670972 -3.3306690738754696E-10 3.953255189170807 -3.4999829220023893
5.914631813291536 1.1500000000000288 2.220446049250313E-12 0.02 6.282901160394522 2.220446049250313E-10 3.97625518376695 -3.4999977452223563
5.937631813291536 1.1499999999999844 -2.220446049250313E-12 0.02 6.283185024766929 -2.220446049250313E-10 3.9992551835789394 -3.4999999999298783
5.960631813291537 1.1500000000000288 2.220446049250313E-12 0.02 6.349658126634239E-4 2.220446049250313E-10 4.022255182690661 -3.4999952760273207
5.983631813291536 1.1499999999999844 -2.220446049250313E-12 0.02 0.00259837747106062 -2.220446049250313E-10 4.045255152844893 -3.499960605937106
6.006631813291536 1.1499999999999844 0.0 0.02 0.005861270184964185 1.1102230246251565E-10 4.068254947205167 -3.4998657922998553
6.029631813291536 1.1499999999999844 0.0 0.02 0.01040964664803734 0.0 4.0912541861076495 -3.4996811382615065
6.052631813291536 1.1500000000000288 2.220446049250313E-12 0.02 0.016243929560680104 1.1102230246251565E-10 4.11425214389747 -3.4993771048210873
6.075631813291536 1.1499999999999844 -2.220446049250313E-12 0.02 0.02337808384008644 -2.220446049250313E-10 4.13724763143477 -3.4989239946954265
6.0986318132915365 1.1500000000000288 2.220446049250313E-12 0.02 0.03183904987456987 2.220446049250313E-10 4.160238868688015 -3.498291655825076
6.121631813291536 1.1499999999999844 -2.220446049250313E-12 0.02 0.04166642130590947 -2.220446049250313E-10 4.183223341890205 -3.497449199290926
6.144631813291537 1.1500000000000288 2.220446049250313E-12 0.02 0.05291230617994136 2.220446049250313E-10 4.206197639468846 -3.4963647282206884
6.167631813291536 1.1499999999999844 -2.220446049250313E-12 0.02 0.06564130901833054 -2.220446049250313E-10 4.229157260598801 -3.495005076164208
6.190631813291536 1.1499999999999844 0.0 0.02 0.07993056381845953 1.1102230246251565E-10 4.2520963909482195 -3.4933355554963432
6.213631813291536 1.1499999999999844 0.0 0.02 0.09586973053649073 0.0 4.275007637182799 -3.491319719153456
6.236631813291536 1.1500000000000288 2.220446049250313E-12 0.02 0.11356084407795586 1.1102230246251565E-10 4.2978817149321 -3.488919142118687
6.259631813291536 1.1499999999999844 -2.220446049250313E-12 0.02 0.13311786703246375 -2.220446049250313E-10 4.320707082015871 -3.4860932334798473
6.282631813291537 1.1500000000000288 2.220446049250313E-12 0.02 0.15466574996025562 2.220446049250313E-10 4.343469511225416 -3.482799095236184
6.305631813291536 1.1499999999999844 -2.220446049250313E-12 0.02 0.1783387434673176 -2.220446049250313E-10 4.366151599762897 -3.478991450703022
6.328631813291537 1.1500000000000288 2.220446049250313E-12 0.02 0.20427763364936236 2.220446049250313E-10 4.388732213891735 -3.4746226740386663
6.351631813291537 1.1499999999999844 -2.220446049250313E-12 0.02 0.23262550369631196 -2.220446049250313E-10 4.41118587818242 -3.4696429614791757
6.374631813291535 1.14999999999994 -2.220446049250313E-12 0.02 0.2635215654825407 0.0 4.433482127886145 -3.464000695090453
6.397631813291536 1.1500000000000288 4.440892098500626E-12 0.02 0.2970925930138169 3.3306690738754696E-10 4.455584860216563 -3.457643058523425
6.420631813291536 1.1499999999999844 -2.220446049250313E-12 0.02 0.3334415704983696 -3.3306690738754696E-10 4.47745174370983 -3.450516968479596
6.443631813291536 1.1500000000000288 2.220446049250313E-12 0.02 0.3726334063716957 2.220446049250313E-10 4.499033773914469 -3.4425703805154093
6.466631813291536 1.1499999999999844 -2.220446049250313E-12 0.02 0.41467802690589567 -2.220446049250313E-10 4.5202750931287135 -3.4337540080145272
6.4896318132915365 1.1500000000000288 2.220446049250313E-12 0.02 0.45951190740206993 2.220446049250313E-10 4.541113221873941 -3.424023449493288
6.512631813291536 1.1499999999999844 -2.220446049250313E-12 0.02 0.5069800739067183 -2.220446049250313E-10 4.561479857291815 -3.413341651181694
6.535631813291536 1.1499999999999844 0.0 0.02 0.5568216542863631 1.1102230246251565E-10 4.581302375146558 -3.401681537429171
6.5586318132915356 1.1499999999999844 0.0 0.02 0.6086627848185062 0.0 4.600506102287189 -3.3890285393315986
6.581631813291536 1.1500000000000288 2.220446049250313E-12 0.02 0.6620205918109524 1.1102230246251565E-10 4.619017306444558 -3.375382668959558
6.604631813291536 1.1499999999999844 -2.220446049250313E-12 0.02 0.7163206254368967 -2.220446049250313E-10 4.636766690260104 -3.3607597637976103
6.627631813291536 1.1500000000000288 2.220446049250313E-12 0.02 0.7709275067317276 2.220446049250313E-10 4.653693019606791 -3.345191594936439
6.650631813291536 1.1499999999999844 -2.220446049250313E-12 0.02 0.8251852824659992 -2.220446049250313E-10 4.669746416876578 -3.3287247002676468
6.673631813291537 1.1500000000000288 2.220446049250313E-12 0.02 0.8784612470006166 2.220446049250313E-10 4.684890858931018 -3.311418033436207
6.696631813291536 1.1499999999999844 -2.220446049250313E-12 0.02 0.9301859518004679 -2.220446049250313E-10 4.6991055485299515 -3.2933397417951373
6.719631813291536 1.1499999999999844 0.0 0.02 0.9798832601438823 1.1102230246251565E-10 4.712385041454089 -3.2745635289573856
6.742631813291536 1.1499999999999844 0.0 0.02 1.0271870971712704 0.0 4.724738238954745 -3.255165079213912
6.765631813291536 1.1500000000000288 2.220446049250313E-12 0.02 1.0718448051367497 1.1102230246251565E-10 4.736186526392016 -3.2352189319925033
6.788631813291536 1.1499999999999844 -2.220446049250313E-12 0.02 1.1137095807077724 -2.220446049250313E-10 4.746761416213756 -3.214796041939962
6.8116318132915366 1.1500000000000288 2.220446049250313E-12 0.02 1.1527257492172553 2.220446049250313E-10 4.756502040020099 -3.1939620999419436
6.834631813291536 1.1499999999999844 -2.220446049250313E-12 0.02 1.1889106687926447 -2.220446049250313E-10 4.765452760094194 -3.17277656503848
6.857631813291537 1.1500000000000288 2.220446049250313E-12 0.02 1.2223362989192892 2.220446049250313E-10 4.773661073279037 -3.1512922837019643
6.8806318132915365 1.1499999999999844 -2.220446049250313E-12 0.02 1.2531124223933578 -2.220446049250313E-10 4.781175889613879 -3.1295555456018342
6.903631813291536 1.1499999999999844 0.0 0.02 1.2813725369026827 1.1102230246251565E-10 4.78804619929385 -3.1076064307887066
6.926631813291536 1.1499999999999844 0.0 0.02 1.3072627035463609 0.0 4.794320097330685 -3.08547932846647
6.949631813291536 1.1499999999999844 0.0 0.02 1.3309331883825473 0.0 4.800044113707429 -3.06320353581699
6.972631813291536 1.1500000000000288 2.220446049250313E-12 0.02 1.3525325039102658 1.1102230246251565E-10 4.805262789868738 -3.0408038738339473
6.995631813291536 1.1499999999999844 -2.220446049250313E-12 0.02 1.37220338269289 -2.220446049250313E-10 4.81001844486467 -3.018301280928055
7.018631813291536 1.1500000000000288 2.220446049250313E-12 0.02 1.3900802335839981 2.220446049250313E-10 4.814351082297617 -2.995713360136432
7.041631813291536 1.1499999999999844 -2.220446049250313E-12 0.02 1.4062876874175854 -2.220446049250313E-10 4.818298397371589 -2.9730548710610893
7.064631813291536 1.1499999999999844 0.0 0.02 1.4209399156548224 1.1102230246251565E-10 4.821895852811102 -2.9503381624421228
7.0876318132915355 1.1499999999999844 0.0 0.02 1.4341404755803047 0.0 4.82517679977778 -2.9275735472212236
7.110631813291536 1.1500000000000288 2.220446049250313E-12 0.02 1.4459824972105948 1.1102230246251565E-10 4.828172626157745 -2.904769625595591
7.133631813291536 1.1499999999999844 -2.220446049250313E-12 0.02 1.4565490788507263 -2.220446049250313E-10 4.830912919981985 -2.881933560503171
7.156631813291536 1.1500000000000288 2.220446049250313E-12 0.02 1.4659137957203443 2.220446049250313E-10 4.833425639223101 -2.8590713126977425
7.179631813291536 1.1499999999999844 -2.220446049250313E-12 0.02 1.4741412565943004 -2.220446049250313E-10 4.835737282416709 -2.836187840022039
7.202631813291537 1.1500000000000288 2.220446049250313E-12 0.02 1.4812876635147108 2.220446049250313E-10 4.837873056347916 -2.8132872675704803
7.225631813291536 1.1499999999999844 -2.220446049250313E-12 0.02 1.4874013459374478 -2.220446049250313E-10 4.839857038839456 -2.790373032557331
7.248631813291536 1.1499999999999844 0.0 0.02 1.492523250606037 1.1102230246251565E-10 4.841712335566698 -2.7674480087375186
7.271631813291536 1.1499999999999844 0.0 0.02 1.496687376055529 0.0 4.843461230668687 -2.7445146138489456
7.294631813291536 1.1500000000000288 2.220446049250313E-12 0.02 1.4999211453183983 1.1102230246251565E-10 4.845125331392416 -2.7215749035801307
7.317631813291536 1.1499999999999844 -2.220446049250313E-12 0.02 1.5022457136135432 -2.220446049250313E-10 4.846725707397653 -2.698630654666
7.3406318132915365 1.1500000000000288 2.220446049250313E-12 0.02 1.5036762095726601 2.220446049250313E-10 4.848283025546127 -2.67568343980545
7.363631813291536 1.1499999999999844 -2.220446049250313E-12 0.02 1.5042219096491714 -2.220446049250313E-10 4.849817681173322 -2.652734696515057
7.386631813291537 1.1500000000000288 2.220446049250313E-12 0.02 1.5038863457883869 2.220446049250313E-10 4.851349926921104 -2.629785792015989
7.409631813291536 1.1499999999999844 -2.220446049250313E-12 0.02 1.5026673465608362 -2.220446049250313E-10 4.852900000265997 -2.6068380860995255
7.432631813291536 1.1499999999999844 0.0 0.02 1.5005570118642861 1.1102230246251565E-10 4.854488250910612 -2.5838929937402204
7.455631813291536 1.1499999999999844 0.0 0.02 1.4975416211277164 0.0 4.856135269200036 -2.5609520493441846
7.478631813291536 1.1500000000000288 2.220446049250313E-12 0.02 1.493601474829787 1.1102230246251565E-10 4.857862016709604 -2.538016974502302
7.501631813230326 1.1499999969394992 -1.5302648037618383E-7 0.02 1.4887106691934167 -7.651435041111654E-6 4.859689960100986 -2.5150897512710175
7.524631806402905 1.1499996586289196 -1.6915528977534677E-5 0.02 1.4828368061010122 -8.381251248579247E-4 4.8616412086855725 -2.492172709693914
7.5476317384974045 1.1499966047249899 -1.5269519648697383E-4 0.02 1.4759406504156194 -0.0067889833754719575 4.863738653618238 -2.4692686597363958
7.570631439847353 1.1499850674974166 -5.768613786649723E-4 0.02 1.4679757462979421 -0.021208309108899925 4.866006108146504 -2.4463810623120006
7.593630554934056 1.1499557543351635 -0.001465658112653756 0.02 1.4588879997057778 -0.044439836699439184 4.8684684492487635 -2.423514218830964
7.616628471885232 1.1498958475587795 -0.0029953388192005548 0.02 1.4486152412896356 -0.07648403532733994 4.871151758962005 -2.400673479316434
7.639624251973655 1.1497890044211534 -0.005342156881305016 0.02 1.437086792714143 -0.11734090310522305 4.8740834624784775 -2.377865472823607
7.662616559115787 1.1496153571066259 -0.008682365726375707 0.02 1.4242230710195105 -0.16701044225353456 4.87729245876083 -2.3550983640630214
7.685603589370424 1.1493515127318332 -0.013192218739632722 0.02 1.4099352814465191 -0.22549265066285074 4.880809237663273 -2.3323821399718323
7.708583000437323 1.1489705533449524 -0.019047969344043736 0.02 1.394125270886658 -0.2927875302205507 4.884665975116845 -2.309728930217134
7.731551841155851 1.1484420359264114 -0.02642587092704929 0.02 1.3766856429372476 -0.36889507915027764 4.88889659475524 -2.287153365347593
7.754506481003615 1.147731992388179 -0.035502176911617056 0.02 1.3575002712108446 -0.45381529922838837 4.893536780619855 -2.2646729737314297
7.777442539595104 1.1468029295744753 -0.04645314068518758 0.02 1.336445394930387 -0.5475481886785261 4.898623920133481 -2.2423086190323143
7.800354816180324 1.1456138292609719 -0.05945501567516942 0.02 1.3133915301590189 -0.6500937494990922 4.904196951489748 -2.22008497187087
7.823237219159853 1.1441201489764463 -0.07468401422627835 0.02 1.2882064902487893 -0.7614499275554465 4.910296081998032 -2.198031008525498
7.846082702420925 1.1422741630536137 -0.09229929614162913 0.02 1.2607598453129982 -0.8807640957675389 4.91696234052336 -2.176180508736558
7.86888325906836 1.1400278323717483 -0.1123165340932708 0.02 1.2309291145796502 -1.0008618975820838 4.9242369367583265 -2.154572475894748
7.8916299809277906 1.1373360929715304 -0.13458697001089703 0.02 1.1986079698135774 -1.1135217958813115 4.9321603957966245 -2.1332514273804866
7.914313128973585 1.1341574022897039 -0.15893453409132619 0.02 1.1637166949736475 -1.2173782040214576 4.940771420428966 -2.112267546319398
7.936922203830199 1.130453742830717 -0.18518297294933816 0.02 1.1262148619164725 -1.312421942900599 4.950105455071986 -2.0916766222584138
7.95944601627354 1.1261906221670337 -0.21315603318416976 0.02 1.0861157379985693 -1.3986530117415796 4.960192955921759 -2.071539679303662
7.981872757732332 1.121337072939621 -0.24267746137063284 0.02 1.04350132477163 -1.4760714093231542 4.971057415789819 -2.0519221840013975
8.004190070789475 1.115865652857151 -0.2735710041235073 0.02 0.9985361769019809 -1.544677137643724 4.982713254066146 -2.0328927339623064
8.026385119683415 1.1097524446969764 -0.3056604080087233 0.02 0.9514774527326709 -1.6044701942607986 4.995163752027137 -2.014521169806415
8.048444660809485 1.1029770563035335 -0.3387694196721469 0.02 0.9026782780933409 -1.6554505831711808 5.008399279401694 -1.996876125697774
8.070355113221295 1.0955226205904722 -0.3727217856530629 0.02 0.8525818245145279 -1.6976182990458 5.022396091305035 -1.9800221422825282
8.092102629132073 1.0873757955389252 -0.40734125257735343 0.02 0.8017047213570772 -1.730973346214526 5.037115956167076 -1.964016581350561
8.113673164416035 1.0785267641980845 -0.4424515670420348 0.02 0.7506104743508275 -1.755515723234069 5.052506784883294 -1.9489066795577654
8.135052549109751 1.0689692346858237 -0.47787647561303714 0.02 0.6998759144078506 -1.7712454285501167 5.068504282401222 -1.9347271134785242
8.156226557913497 1.0587004401872768 -0.5134397249273448 0.02 0.6500555426358221 -1.7781624657153827 5.085034467587924 -1.9214983996871093
8.177180980692626 1.0477211389564367 -0.5489650615420061 0.02 0.6016492218236987 -1.7762668307330642 5.102016758830444 -1.9092263232420956
8.197901692978924 1.0360356143149119 -0.5842762320762418 0.02 0.5550777460905598 -1.7655585267117857 5.119367244940078 -1.8979024134228082
8.218374726471978 1.0236516746527258 -0.6191969831093047 0.02 0.5106687825148266 -1.7460375516531457 5.137001773637682 -1.8875053176512897
8.238586339540532 1.010580653427695 -0.6535510612515338 0.02 0.4686533261277146 -1.7177039071114564 5.15483857684475 -1.8780028100160027
8.258523087723855 0.9968374091661403 -0.6871622130777411 0.02 0.42917092059283884 -1.680557591310361 5.17280027566609 -1.8693541300668932
8.278171894233099 0.982440325462175 -0.7198541851982654 0.02 0.3922808845985363 -1.6345986060262163 5.190815231607431 -1.8615123717313737
8.29752012045266 0.9674113109780613 -0.7514507242056823 0.02 0.35797665852081473 -1.579826950370844 5.208818301850782 -1.8544267096811928
8.316555636441544 0.95177579944421 -0.7817755766925671 0.02 0.3262008588283798 -1.516242624344244 5.226751110245871 -1.8480443305395535
8.335266891434726 0.9355627496590913 -0.8106524892559364 0.02 0.29685936555365927 -1.4438456281684608 5.244561962157403 -1.842312010021744
8.353642984344516 0.9188046454895016 -0.8379052084794836 0.02 0.2698334960119886 -1.3626359611773609 5.262205525220157 -1.837177331826075
8.371673734261918 0.9015374958701194 -0.8633574809691069 0.02 0.2449899013707313 -1.272613624481167 5.27964237566075 -1.8325895796534963
8.389349750957987 0.8838008348034165 -0.8868330533351454 0.02 0.22218820888836688 -1.1737786183019239 5.296838486722821 -1.8285003506759823
8.406662505385203 0.8656377213608124 -0.9081556721302064 0.02 0.20128665245821198 -1.0661309397530516 5.313764711948458 -1.824863944074665
8.42360439897665 0.8470946795723577 -0.9271520894227336 0.02 0.18214602949626868 -0.9498208646263606 5.330396294723494 -1.8216375760504944
8.440168802125072 0.8282201574211001 -0.9437261075628811 0.02 0.16463236192560005 -0.8287009070073736 5.346712394074211 -1.81878147035093
8.456350015111907 0.8090606493417418 -0.9579754039679145 0.02 0.14861860985782172 -0.7124648202516681 5.362695588955686 -1.816258864371674
8.472143198754289 0.7896591821190846 -0.9700733611328616 0.02 0.13398563545107012 -0.6048978582473552 5.378331407893755 -1.8140359465250602
8.487544303903684 0.7700552574697817 -0.980196232465147 0.02 0.12062260348906617 -0.50614356661427 5.393607912719671 -1.8120817429190403
8.50255000094454 0.7502848520427818 -0.9885202713499908 0.02 0.10842699528244737 -0.41620194424218937 5.408515331834165 -1.8103679724870476
8.517157609292902 0.7303804174180861 -0.9952217312347855 0.02 0.09730436618820693 -0.3350729942397379 5.423045739753236 -1.808868884212917
8.53136502689507 0.7103708801084352 -1.0004768654825469 0.02 0.08716794400457561 -0.2627567123880681 5.43719277667844 -1.8075610864827458
8.54517065972623 0.6902816415579771 -1.0044619275229039 0.02 0.0779381377062216 -0.19925310201784896 5.450951401532293 -1.8064233755061303
8.55857335128909 0.6701345781429779 -1.0073531707499583 0.02 0.06954200238521524 -0.1445621613527237 5.464317676052716 -1.805436567155899
8.571572312112517 0.6499480411713776 -1.0093268485800166 0.02 0.06191269476965633 -0.09868389150291534 5.477288572673304 -1.8045833354556102
8.584167049250183 0.6297368568833228 -1.0105592144027398 0.02 0.05498893934009752 -0.061618291136156245 5.48986180370049 -1.8038480593511173
8.596357295779192 0.6095123264504565 -1.0112265216433158 0.02 0.04871451830491691 -0.03336536202880325 5.502035668421794 -1.8032166787453718
8.608142940298729 0.589282225976806 -1.011505023682524 0.02 0.043037793650810174 -0.013925101960410302 5.51380891418837 -1.802676560249536
8.619523956799627 0.5690508250449255 -1.0115700465940236 0.02 0.03791126425454161 -0.003251145574978409 5.525180610643803 -1.8022163725686928
8.630500354146971 0.5488198673671896 -1.0115478838867986 0.02 0.03329115219508427 0.0011081353612496514 5.536150053221367 -1.8018259707081572
8.641072200183094 0.5285923018061744 -1.0113782780507563 0.02 0.029137000507860278 0.008480291802115403 5.54671674980218 -1.8014962875284524
8.651239689234133 0.5083744525519407 -1.0108924627116878 0.02 0.025411305203441703 0.02429076695342758 5.556880457588656 -1.8012192347274627
8.66100321261096 0.48817616884138104 -1.0099141855279825 0.02 0.022079197865540467 0.048913859185262254 5.566641228676494 -1.8009876138461847
8.670363429110541 0.4680108249790038 -1.0082671931188614 0.02 0.01910817482625804 0.08234962045605698 5.575999460466791 -1.8007950359309897
8.67932133551731 0.4478953203384428 -1.00577523202805 0.02 0.016467867997518093 0.12459805454057005 5.584955949739411 -1.8006358485726497
8.687878337104513 0.4278500793601481 -1.0022620489147371 0.02 0.014129852591053815 0.17565915566564172 5.593511949966938 -1.800505069227653
8.696036318135587 0.4078990515536951 -0.9975513903226485 0.02 0.012067487441367208 0.23553292960443173 5.601669231150798 -1.8003983239207764
8.703797712365503 0.3880697114958309 -0.9914670028932093 0.02 0.010255783819477449 0.30421937147195877 5.609430141937336 -1.8003117905848989
8.711165573542155 0.36839305883260565 -0.9838326331612635 0.02 0.00867129903886843 0.38171848659729335 5.616797673164151 -1.800242146449355
8.718143645907695 0.34890361827697447 -0.9744720277815588 0.02 0.0072920510610337 0.46803026898523115 5.6237755232468665 -1.8001865190023276
8.724736434699912 0.3296394396108404 -0.9632089333067029 0.02 0.006097450851098918 0.5631547237427981 5.630368164303553 -1.8001424401828758
8.730949276653583 0.31064209768354445 -0.9498670963647982 0.02 0.005068249043679862 0.6670918470952358 5.636580909426449 -1.8001078035377716
8.73678841042235 0.2919566884383329 -0.934270462260578 0.02 0.004186493834006488 0.7798317052110093 5.642419980693857 -1.8000808241675064
8.742261035777709 0.27363126776798197 -0.9162710335175461 0.02 0.0034354986072947513 0.8999714371515921 5.647892566297665 -1.800060001386269
8.747375306571456 0.2557135396873633 -0.8958864040309322 0.02 0.00279982192080086 1.0192314743306952 5.653006812236507 -1.8000440841307788
8.752140266860774 0.2382480144659027 -0.8732762610730305 0.02 0.002265251110685318 1.1305071478950879 5.65777175725934 -1.8000320388430304
8.756565780421612 0.22127567804188786 -0.8486168212007428 0.02 0.0018187792726169771 1.2329719936143846 5.6621972615831995 -1.8000230196811038
8.760662460247316 0.20483399128519153 -0.8220843378348164 0.02 0.001448574646261247 1.3266241682963198 5.666293935949696 -1.8000163412037251
8.764441598047265 0.1889568899974492 -0.7938550643871167 0.02 0.0011439427503429078 1.4114636723849827 5.670073070571246 -1.800011453632335
8.767915093745508 0.17367478491214783 -0.7641052542650684 0.02 8.952816747117565E-4 1.487490506102418 5.67354656446781 -1.8000079207189499
8.771095384979413 0.15901456169524764 -0.7330111608450096 0.02 6.94031187448374E-4 1.5547046710029377 5.676726854698378 -1.8000054001869183
8.773995376598286 0.14499958094367216 -0.7007490375787739 0.02 5.326163840203568E-4 1.6131061633117838 5.679626845773621 -1.8000036266570145
8.776628370162026 0.1316496781869958 -0.6674951378338179 0.02 4.043867693075409E-4 1.6626949872478036 5.682259839051996 -1.8000023969289227
8.779007993439755 0.11898116388646685 -0.6334257150264477 0.02 3.0355173846952077E-4 1.7034711403685066 5.684639462181483 -1.800001557454916
8.781148129908459 0.10700682343518508 -0.5987170225640881 0.02 2.251134945272515E-4 1.7354346231179818 5.6867795985769085 -1.8000009938191381
8.783062848251621 0.09573591715810181 -0.5635453138541635 0.02 1.6479847392569802E-4 1.7585854354962294 5.688694316882275 -1.8000006220215932
8.784766331857863 0.08517418031210866 -0.5280868422996576 0.02 1.189883459578045E-4 1.7729235777252939 5.690397800472454 -1.800000381359361
8.786272808319588 0.07532382308621521 -0.49251786129467234 0.02 8.465162375403956E-5 1.7784490502492645 5.691904276928995 -1.8000002286985528
8.7875964789316 0.06618353060066084 -0.45701462427771844 0.02 5.927685805628968E-5 1.7751618508476952 5.6932279475376495 -1.8000001339369565
8.788751448189773 0.05774846290860225 -0.42175338460292977 0.02 4.0808299543670934E-5 1.7630619837394335 5.694382916794772 -1.8000000764690376
8.789751653289656 0.05001025499415945 -0.3869103957221398 0.02 2.7584806346681034E-5 1.742149444039498 5.695383121894577 -1.8000000424799878
8.790610793625133 0.0429570167738369 -0.35266191101612776 0.02 1.828264746595032E-5 1.7124242353006025 5.696242262229777 -1.8000000229128623
8.791342260287053 0.036573333095990535 -0.3191841838923182 0.02 1.1862718234167957E-5 1.6738863561904793 5.6969737288931555 -1.8000000119718376
8.791959065561866 0.030840263740650187 -0.2866534677670174 0.02 7.522542589288861E-6 1.6265358062650392 5.69759053416772 -1.800000006043887
8.792473772430263 0.025735343419874823 -0.2552460160387682 0.02 4.653294609302527E-6 1.5703725864124607 5.6981052410360915 -1.8000000029397738
8.792898424065822 0.021232581777930193 -0.22513808209723152 0.02 2.801933939311496E-6 1.5053966970768329 5.698529892671904 -1.8000000013733417
8.79324447333363 0.017302463390400646 -0.19650591937647732 0.02 1.6384186757312236E-6 1.4316081360377098 5.698875941940104 -1.800000000613995
8.793522712288933 0.013911947765166133 -0.16952578126172568 0.02 9.27839743924963E-7 1.349006905737582 5.699154180895437 -1.8000000002616283
8.793743201675767 0.011024469341691656 -0.14437392117372383 0.02 5.072150838225653E-7 1.2575930044000927 5.699374670282237 -1.800000000105737
8.793915200425605 0.008599937491915455 -0.12122659248881007 0.02 2.6659289176222956E-7 1.157366434245688 5.699546669032189 -1.800000000040288
8.794047095156118 0.006594736525666889 -0.1002600483124283 0.02 1.340420523465724E-7 1.0483272088190887 5.699678563762769 -1.8000000000143652
8.794146332163644 0.004961850376261623 -0.0816443074702633 0.02 6.405629326966533E-8 0.9307870421082498 5.6997778007703594 -1.8000000000047487
8.794219390016963 0.003652892665950702 -0.06544788551554603 0.02 2.8859685308191274E-8 0.8098210977358633 5.6998508586237255 -1.8000000000014402
8.794271827864494 0.002621892376541979 -0.05155001447043617 0.02 1.2133698712446517E-8 0.6948935522554933 5.699903296471299 -1.8000000000003902
8.794308355451474 0.001826379349001428 -0.03977565137702754 0.02 4.698547328985114E-9 0.5887181546704312 5.699939824058296 -1.800000000000096
8.794332903621314 0.0012274084919994266 -0.02994854285010007 0.02 1.6470291797077152E-9 0.49135542634637375 5.699964372228152 -1.800000000000021
8.79434869481697 7.89559782798932E-4 -0.02189243546002473 0.02 5.105764699919746E-10 0.402805369503767 5.6999801634238105 -1.8000000000000058
8.794358313582297 4.809382663673034E-4 -0.01543107582158143 0.02 1.354703016431813E-10 0.3230679819221649 5.699989782189142 -1.8000000000000032
8.794363777063419 2.7317405608684453E-4 -0.010388210514022944 0.02 2.9325875061658735E-11 0.2521432653779243 5.699995245670268 -1.8000000000000032
8.794366605510081 1.4142233313307884E-4 -0.006587586147688285 0.02 4.810374321095878E-12 0.19003121831673297 5.69999807411693 -1.8000000000000007
8.79436789277702 6.436334691883872E-5 -0.003852949310712006 0.02 5.275779813018744E-13 0.13673184184881393 5.699999361383872 -1.8000000000000032
8.794368376825323 2.4202415183083303E-5 -0.0020080465867877706 0.02 2.8421709430404007E-14 0.09224513619621177 5.699999845432176 -1.8000000000000032
8.79436851022379 6.669923369173603E-6 -8.76624590695485E-4 0.02 0.0 0.05657109980461428 5.699999978830641 -1.8000000000000007
8.794368530650296 1.021325246597371E-6 -2.824299061288116E-4 0.02 6.2831853071795845 0.029709734228333673 5.699999999257148 -1.8000000000000032
8.79436853139315 3.714273333343954E-8 -4.9209125663196573E-5 0.02 6.2831853071795845 0.01166103902328075 5.700000000000001 -1.8000000000000007
8.79436853139315 0.0 -1.8571366666719769E-6 0.02 6.2831853071795845 0.00236759944982623 5.700000000000001 -1.8000000000000007
