5.875113506465018E-10 2.937556753232509E-8 1.4687783766162545E-6 0.02 0.0 7.343891883081273E-5 5.875113510652503E-10 -2.5849394142282115E-26
1.8800363220688058E-8 9.106425935020778E-7 4.406335129848763E-5 0.02 0.0 0.002129728646093569 1.880036323380307E-8 -8.271806125530277E-25
1.427652582070999E-7 6.1982447493205925E-6 2.643801077909257E-4 0.02 6.283185307179583 0.011015837824621903 1.427652583066447E-7 -1.5881867761018131E-22
6.016116230620179E-7 2.29423182427459E-5 8.372036746712653E-4 0.02 6.283185307179526 0.02864117834401698 6.016116234814717E-7 -1.2043749718772083E-20
1.8359729707703185E-6 6.171806738541503E-5 0.0019387874571334565 0.02 6.283185307179028 0.05507918912310956 1.8359729720495977E-6 -3.4198955245392376E-19
4.568488262627197E-6 1.366257645928439E-4 0.0037453848603714434 0.02 6.283185307176126 0.09032987016189935 4.568488265799418E-6 -5.270238997816257E-18
9.874303270315758E-6 2.6529075038442805E-4 0.006433249289579207 0.02 6.283185307163419 0.13439322146038818 9.874303277067594E-6 -5.321442139477779E-17
1.925157193798457E-5 4.6886343338344065E-4 0.01017863414995063 0.02 6.2831853071181305 0.18726924301857117 1.9251571950421837E-5 -3.9437261101097146E-16
3.469195774432528E-5 7.720192903170353E-4 0.01515779284667973 0.02 6.283185306980021 0.24895793483645495 3.469195776274488E-5 -2.307773452046337E-15
5.875113506465019E-5 0.0012029588660162458 0.021546978784960525 0.02 6.283185306607244 0.3194592969140398 5.875113507968782E-5 -1.120863791321744E-14
9.461929053296976E-5 0.0017934077734159785 0.029522445369986636 0.02 6.283185305695093 0.39877332925130554 9.461929058402068E-5 -4.682089134802614E-14
1.461916244040703E-4 0.002578616693555027 0.03926044600695242 0.02 6.283185303635884 0.4869000318482893 1.4619162448864726E-4 -1.7268839488807433E-13
2.181388519155916E-4 0.0035973613755760653 0.05093723410105192 0.02 6.28318529928973 0.583839404704975 2.1813885201904748E-4 -5.737039126098645E-13
3.1597770465010427E-4 0.004891942636725633 0.06472906305747839 0.02 6.283185290625571 0.6895914478213232 3.159777048331766E-4 -1.7436071981851917E-12
4.461410715330586E-4 0.006508168344147716 0.08081128537110417 0.02 6.283185274179264 0.8041111156812892 4.4614107176708094E-4 -4.9077612904614015E-12
6.160287406665392E-4 0.00849438345667403 0.09931075562631567 0.02 6.283185244264622 0.9249735127605747 6.160287410102368E-4 -1.2919729007335526E-11
8.339836499198928E-4 0.01089774546266768 0.12016810029968254 0.02 6.283185191876967 1.0428672336683438 8.339836503888222E-4 -3.205547025736388E-11
0.0011092244374463587 0.013762039376323292 0.14321469568278059 0.02 6.283185103227682 1.1523297691549022 0.0011092244378748354 -7.541563836095666E-11
0.0014517749408068995 0.01712752516802704 0.16827428958518745 0.02 6.28318495784325 1.2529796951203431 0.0014517749412048728 -1.6907063000049655E-10
0.0018723936956081195 0.021030937740060998 0.19517062860169784 0.02 6.283184726166521 1.3448169508255197 0.0018723936965742538 -3.626782614464183E-10
0.002382503434140188 0.025505486926603427 0.22372745932712143 0.02 6.283184366603901 1.4278415362711794 0.002382503434932547 -7.471053847189074E-10
0.002994120584014768 0.03058085749372899 0.2537685283562782 0.02 6.283183821970291 1.5020534514578396 0.0029941205856870746 -1.4826231824281028E-9
0.0037197847668029274 0.03628320913940798 0.2851175822839495 0.02 6.283183015294025 1.5674526963835644 0.003719784768268656 -2.8425447924293468E-9
0.0045724882966730685 0.04263517649350705 0.3175983677049535 0.02 6.283181844956447 1.6240392710501983 0.004572488298597174 -5.278746360382405E-9
0.0055656056790288535 0.04965586911778925 0.3510346312141099 0.02 6.28318017915502 1.6718131754578203 0.005565605680607122 -9.517357697080842E-9
0.006712823109147118 0.05736087150591323 0.38525011940619897 0.02 6.283177849694538 1.7107744096044541 0.006712823112462848 -1.6695009275643352E-8
0.008028067970815803 0.06576224308343422 0.42006857887604937 0.02 6.283174645128037 1.7409229734925202 0.008028067975295369 -2.854834144690871E-8
0.009525438334971863 0.07486851820780303 0.4553137562184409 0.02 6.283170303286781 1.762258867119576 0.009525438339333555 -4.7671962896331244E-8
0.011219132458339203 0.08468470616836699 0.49080939802819756 0.02 6.28316450325716 1.7747820904878335 0.011219132464278083 -7.786260845278614E-8
0.01312337828206661 0.09521229118637031 0.5263792509001664 0.02 6.283156856880971 1.7784926435984394 0.013123378287628402 -1.2456979054872863E-7
0.015252362930365639 0.10644923241495147 0.5618470614290577 0.02 6.283146899873735 1.7733905264445682 0.01525236293204313 -1.954756425190038E-7
0.017620162209148575 0.11838996393914682 0.5970365762097675 0.02 6.283134082673561 1.7594757390354876 0.017620162212347548 -3.0122877162259976E-7
0.020240670104666323 0.1310253947758874 0.6317715418370291 0.02 6.283117761149942 1.736748281363082 0.0202406701001677 -4.563586157484492E-7
0.02312752828214635 0.1443429088740013 0.6658757049056954 0.02 6.283097187316042 1.705208153433313 0.023127528274949502 -6.803978721478532E-7
0.026294055584430612 0.1583263651142131 0.69917281201059 0.02 6.2830715002032 1.664855355244732 0.026294055564949924 -9.99240825220668E-7
0.029753177530613434 0.1729560973091411 0.7314866097463998 0.02 6.283039717065112 1.615689886790489 0.02975317747608656 -1.4467647231949238E-6
0.03351735581467954 0.18820891420330518 0.7626408447082039 0.02 6.283000725089361 1.557711748090207 0.03351735570897235 -2.0667394944294537E-6
0.037598517804141834 0.20405809947311482 0.7924592634904817 0.02 6.282953273799881 1.4909209391138878 0.03759851762176321 -2.915047924276562E-6
0.042007986038679404 0.22047341172687848 0.8207656126881832 0.02 6.2828959683358505 1.4153174598850737 0.04200798570959487 -4.062233798928991E-6
0.04675640772877544 0.23742108450480193 0.8473836388961722 0.02 6.282827263792189 1.3309013103994516 0.04675640715288887 -5.5963893237018225E-6
0.05185368425435513 0.2548638262789844 0.872137088709124 0.02 6.2827454608069715 1.23767249064759 0.05185368327505534 -7.626385168026106E-6
0.0573089006634236 0.27276082045342326 0.8948497087219426 0.02 6.282648702572478 1.1356310006409298 0.05730889903832805 -1.0285436905826256E-5
0.0631302551786804 0.2910677257628402 0.915345265470846 0.02 6.282534973441494 1.0247778374451733 0.06313025251391505 -1.3734990171324762E-5
0.0693249942946908 0.30973695580052 0.933461501883992 0.02 6.2824020991626295 0.9058118206572985 0.06932499004001638 -1.8168898183085896E-5
0.07589940173269191 0.3287203719000556 0.9491708049767789 0.02 6.282247747636106 0.7854651546393421 0.07589939506592616 -2.3817897165195195E-5
0.08285885594680137 0.3479727107054728 0.9626169402708606 0.02 6.282069429090102 0.6723067647040892 0.08285884559638598 -3.095440419824749E-5
0.09020790050730407 0.36745222802513494 0.9739758659831066 0.02 6.281864496157544 0.5679462856122974 0.09020788470054514 -3.989761650019866E-5
0.0979503146020145 0.38712070473552185 0.9834238355193453 0.02 6.281630143843991 0.47239847681193603 0.09795029078888819 -5.101889953845057E-5
0.10608918353763871 0.4069434467812105 0.991137102284434 0.02 6.281363409120716 0.3856633382544328 0.10608914813422109 -6.47474616451843E-5
0.11462696924113638 0.42688928517488345 0.997291919683646 0.02 6.28106116988586 0.30774086996060435 0.11462691723038426 -8.157631728179099E-5
0.1235655807610829 0.4469305759973258 1.0020645411221163 0.02 6.2807201430073505 0.23863107192351185 0.12356550522093013 -1.0206854896558509E-4
0.13290644476903143 0.46704320039742675 1.0056312200050488 0.02 6.280336881161428 0.17833394414662473 0.1329063362491611 -1.2686388627575207E-4
0.14265057606087506 0.4872065645921811 1.008168209737717 0.02 6.279907768160227 0.1268494866334069 0.14265042186087237 -1.5668563161129467E-4
0.15279864805820884 0.5074035998666889 1.0098517637253916 0.02 6.2794290124703895 0.0841776993837362 0.15279843110412508 -1.923479735678052E-4
0.16335106330969176 0.5276207625741464 1.0108581353728718 0.02 6.278896638566028 0.050318582374009324 0.16335076100225437 -2.3476374631560548E-4
0.17430802399240902 0.5478480341358629 1.0113635780858277 0.02 6.2783064758068114 0.025272135647791405 0.1743076065825372 -2.84952705310558E-4
0.18566960241311867 0.5680789210354822 1.0115443449809636 0.02 6.27765414444799 0.009038344756795436 0.18566903105350874 -3.4405041243937284E-4
0.1974358090644475 0.5883103325664413 1.0115705765479543 0.02 6.276935038541203 0.0013115783495387667 0.1974350335882028 -4.133178276672228E-4
0.20960662037342717 0.6085405654489839 1.0115116441271332 0.02 6.276144307937268 -0.002946621041055586 0.20960557615910935 -4.941514583475387E-4
0.22218193063564723 0.6287655131110028 1.0112473831009439 0.02 6.275276842527058 -0.013213051309468593 0.22218053510470956 -5.880937045214252E-4
0.23516148201146073 0.6489775687906748 1.0106027839835996 0.02 6.27432725658545 -0.032229955867213445 0.23515963046574617 -6.968434864921824E-4
0.24854479402462232 0.6691656006580795 1.009401593370235 0.02 6.273289872071578 -0.060059530668232775 0.24854235415105236 -8.222671993664693E-4
0.2623310930609258 0.6893149518151731 1.00746755785468 0.02 6.272158700663295 -0.09670177577775219 0.26232789890182556 -9.664099580259794E-4
0.2765192418668424 0.7094074402958311 1.0046244240329016 0.02 6.270927424563033 -0.1421566910889127 0.27651508621163423 -0.0011315070544106187
0.29110766904815844 0.7294213590658016 1.0006959384985248 0.02 6.2695893758726315 -0.19642427671884288 0.29110229454557496 -0.001319995562364465
0.3060942985686135 0.7493314760227521 0.995505847847522 0.02 6.268137514470997 -0.2595045325501366 0.30608738725606566 -0.0015345259945689776
0.32147647924853795 0.7691090339962237 0.9888778986735791 0.02 6.26656440433583 -0.3313974586971469 0.3214676397180514 -0.001777973895849272
0.3372509142634913 0.7887217507476674 0.9806358375721858 0.02 6.26486218805419 -0.41210305506966805 0.3372396671902934 -0.002053451268373016
0.35341359064289996 0.8081338189704329 0.9706034111382766 0.02 6.26302255960498 -0.5016213216954557 0.3533993514733254 -0.002364317654285797
0.3699597087686951 0.8273059062897575 0.9586043659662313 0.02 6.261036735224638 -0.5999522586022654 0.3699417674691712 -0.0027141907180324443
0.3868836118739504 0.8461951552627633 0.9444624486502906 0.02 6.258895422353893 -0.7070958657970361 0.38686110906653304 -0.003106956117937737
0.4041787164382678 0.8647552282158716 0.9280036476554121 0.02 6.256588786353578 -0.8229400497439254 0.4041506164810801 -0.0035467764877610553
0.42183747011064765 0.8829376836189923 0.9091227701560345 0.02 6.254106411402999 -0.9440438749688806 0.42180252931235607 -0.004038099997604155
0.4398513869889241 0.9006958439138235 0.8879080147415619 0.02 6.251437246395643 -1.0607377707236298 0.43980811665591446 -0.004585670310099654
0.45821111660267444 0.917986480687516 0.8645318386846235 0.02 6.248569538157753 -1.1688088028469212 0.45815774115363417 -0.005194537754731915
0.4769065144145803 0.9347698905952939 0.8391704953888968 0.02 6.245490754798449 -1.268067164786335 0.47684092289399016 -0.0058700712439505864
0.4959267123217903 0.9510098953604995 0.8120002382602798 0.02 6.242187497977075 -1.358512856430849 0.49584640223652565 -0.006617971146367668
0.5152601891572817 0.9666738417745679 0.7831973207034215 0.02 6.23864540234848 -1.4401458778429133 0.5151622024924243 -0.00744428343709827
0.5348948411912227 0.9817326016970496 0.7529379961240812 0.02 6.234849020508493 -1.5129662289670165 0.5347756912503568 -0.008355415419092932
0.5548180526323343 0.9961605720555822 0.7213985179266302 0.02 6.230781691541223 -1.5769739098725477 0.5546736389591178 -0.009358153324601465
0.5750167661292526 1.0099356748459132 0.6887551395165503 0.02 6.226425389890597 -1.6321689205039958 0.5748422782865348 -0.010459682401833426
0.5954775532718909 1.0230393571319163 0.6551841143001558 0.02 6.221760552253006 -1.6785512608197273 0.5952673600298106 -0.011667609813038132
0.6161866850928012 1.0354565910455138 0.6208616956798751 0.02 6.216765878584134 -1.7161209310140313 0.615934206930313 -0.01298999098312334
0.6371302025685371 1.0471758737867987 0.5859641370642432 0.02 6.211418102817329 -1.7448779307815965 0.6368277652821708 -0.01443536008336807
0.6582939871210159 1.0581892276239402 0.5506676918570763 0.02 6.205691727903799 -1.7648222603583452 0.6579326544817915 -0.016012765477122548
0.6796638311188801 1.0684921998932062 0.515148613463301 0.02 6.1995587198564115 -1.7759539196887664 0.6792332104925598 -0.017731810767444345
0.7012255083788586 1.0780838629989242 0.4795831552859009 0.02 6.192988152046306 -1.7782729088700044 0.7007135274550429 -0.019602702815049916
0.7229648446671311 1.0869668144136257 0.44414757073507616 0.02 6.185945791678516 -1.771779227541237 0.722357492820561 -0.021636307661228066
0.7448677882006884 1.0951471766778687 0.4090181132121451 0.02 6.178393617061913 -1.7564728761465531 0.7441488167375854 -0.023844215872498853
0.7669204801486955 1.1026345974003537 0.3743710361242547 0.02 6.170289252961156 -1.7323538543945194 0.766071052898336 -0.026238818781459727
0.7891093251338527 1.1094422492578582 0.3403825928752213 0.02 6.161585307458791 -1.6994221624516692 0.7881076110387087 -0.028833397675370687
0.8114210617337582 1.1155868299952743 0.30722903687080416 0.02 6.152228591515071 -1.657677800220858 0.8102417574157478 -0.03164222796516292
0.8338428329822701 1.1210885624255984 0.27508662151620733 0.02 6.1421591979002805 -1.6071207677298416 0.8324566006842101 -0.0346807008469317
0.856362256870869 1.1259711944299422 0.24413160021719005 0.02 6.13130941072201 -1.5477510649508641 0.8547350610706775 -0.037965465550077016
0.8789674968500191 1.1302619989575047 0.21454022637812376 0.02 6.119602412345648 -1.4795686919533146 0.8770598167227521 -0.04151459531522267
0.9016473323305304 1.1339917740255667 0.18648875340310234 0.02 6.106950746641009 -1.402573648751071 0.8994132228670989 -0.04534778108748766
0.9243912291849224 1.1371948427196021 0.1601534347017708 0.02 6.093254490885981 -1.3167659350665772 0.921777195957675 -0.04948655714045763
0.9471894102487842 1.1399090531930889 0.13571052367433722 0.02 6.0783990798220024 -1.2221455513716784 0.9441330547227367 -0.05395456357104034
0.9700329258221371 1.1421757786676423 0.11333627372767108 0.02 6.062252719003852 -1.1187124973333074 0.9664613052996174 -0.05877785056012125
0.9929137241233345 1.144039915059869 0.09320681961133559 0.02 6.0446633186200875 -1.0064727058167744 0.9887413555568327 -0.06398522947472807
1.0158247122936856 1.14554940851756 0.07547467288454568 0.02 6.0254548864950035 -0.8866073363394955 1.010951131034712 -0.06960867312252522
1.0387597541739937 1.146752094015402 0.06013427489209855 0.02 6.004423381402193 -0.7670198996223565 1.0330665144405746 -0.07568375146521616
1.0617136078297271 1.1476926827866718 0.04702943856349506 0.02 5.981332042107321 -0.6552418164301743 1.055060585010311 -0.08225009339436634
1.0846818550776758 1.148412362397433 0.03598398053805685 0.02 5.955906247838259 -0.5522729012719108 1.0769026713787915 -0.08935187056864785
1.1076608309845866 1.148948795345539 0.026821647405306237 0.02 5.927828150632826 -0.45811665663753054 1.0985571809876251 -0.09703827845505503
1.130647553365803 1.1493361190608176 0.019366185763924904 0.02 5.896731604213203 -0.3727730820690667 1.119982160148338 -0.10536396809378368
1.1536396522839023 1.1496049459049695 0.013441342207598517 0.02 5.862198407526467 -0.29624217781631934 1.1411275297186445 -0.11438934543952634
1.1766352995473341 1.149782363171592 0.008870863331122969 0.02 5.823757657747645 -0.2285239438237774 1.1619329595574577 -0.12418060593024505
1.1996331382090575 1.1498919330861668 0.005478495728739041 0.02 5.780891213908958 -0.1696183801191964 1.182325374191866 -0.13480929574810063
1.2226322120651796 1.149953692806105 0.0030879859969079604 0.02 5.733049946934008 -0.11952548659155404 1.202216162416488 -0.1463510926137781
1.245631895153593 1.149984154420669 0.0015230807282051728 0.02 5.679687436526734 -0.07824526343513938 1.2214983183174208 -0.15888338640924227
1.2686318212526142 1.149996304951062 6.07526519647017E-4 0.02 5.620319355008553 -0.04577771042790779 1.2400439971505361 -0.17248114517700625
1.291631813379621 1.1499996063503382 1.6506996380893924E-4 0.02 5.554616051114422 -0.022122827791903887 1.2577033645898987 -0.18721057399563878
1.3146318132915367 1.1499999955957851 1.9462272349279885E-5 0.02 5.48252952885365 -0.0072803845729829675 1.2743060705567686 -0.2031203522438833
1.3376318132915368 1.1500000000000066 2.2021107159986286E-7 0.02 5.4044402134904646 -9.621030638840011E-4 1.289666994048396 -0.22023096703772926
1.3606318132915363 1.1499999999999733 -1.6653345369377348E-12 0.02 5.321283500184649 -1.101063684671999E-5 1.3035976431925682 -0.23852391760387237
1.3836318132915362 1.1499999999999955 1.1102230246251565E-12 0.02 5.234592468200217 1.3877787807814457E-10 1.3159232015958295 -0.2579339440070289
1.406631813291536 1.1499999999999955 0.0 0.02 5.146396164738684 -5.551115123125783E-11 1.3265026728852365 -0.27834795071977453
1.4296318132915362 1.1500000000000066 5.551115123125783E-13 0.02 5.058962887025253 2.7755575615628914E-11 1.3352470364833018 -0.2996129197077611
1.4526318132915363 1.1500000000000066 0.0 0.02 4.9744583336836685 -2.7755575615628914E-11 1.3421297051693997 -0.3215517873631506
1.4756318132915363 1.1499999999999955 -5.551115123125783E-13 0.02 4.894640377644478 -2.7755575615628914E-11 1.3471860453683382 -0.3439828477883407
1.4986318132915362 1.1499999999999955 0.0 0.02 4.820689481642777 2.7755575615628914E-11 1.3505030131207425 -0.36673711324263164
1.5216318132915363 1.1500000000000066 5.551115123125783E-13 0.02 4.753197102265782 2.7755575615628914E-11 1.3522032605989167 -0.3896698047505826
1.5446318132915362 1.1499999999999955 -5.551115123125783E-13 0.02 4.692266380459389 -5.551115123125783E-11 1.3524286637215461 -0.41266514218385697
1.5676318132915363 1.1500000000000066 5.551115123125783E-13 0.02 4.637657710774949 5.551115123125783E-11 1.3513266604190233 -0.4356358658960664
1.5906318132915362 1.1499999999999955 -5.551115123125783E-13 0.02 4.588927773239265 -5.551115123125783E-11 1.3490406848522754 -0.4585196955492846
1.6136318132915364 1.1500000000000066 5.551115123125783E-13 0.02 4.545537548116297 5.551115123125783E-11 1.3457044704660568 -0.4812746224312574
1.6366318132915365 1.1500000000000066 0.0 0.02 4.506925175319221 -2.7755575615628914E-11 1.3414393196862835 -0.5038742416090074
1.6596318132915366 1.1500000000000066 0.0 0.02 4.472549489150543 0.0 1.336353351228968 -0.5263037054193049
1.6826318132915363 1.1499999999999844 -1.1102230246251565E-12 0.02 4.44191265031449 -5.551115123125783E-11 1.3305419170741004 -0.5485564775711034
1.7056318132915365 1.1500000000000066 1.1102230246251565E-12 0.02 4.414569379070957 1.1102230246251565E-10 1.3240886238500609 -0.5706318496949979
1.7286318132915366 1.1500000000000066 0.0 0.02 4.390128317727004 -5.551115123125783E-11 1.3170666006126452 -0.5925331022510483
1.7516318132915367 1.1500000000000066 0.0 0.02 4.36824919325468 0.0 1.3095398062451724 -0.6142661708266755
1.7746318132915364 1.1499999999999844 -1.1102230246251565E-12 0.02 4.348638036406513 -5.551115123125783E-11 1.3015642668750382 -0.6358386955068618
1.7976318132915365 1.1500000000000066 1.1102230246251565E-12 0.02 4.331041763756409 1.1102230246251565E-10 1.2931891938783395 -0.6572593515661755
1.8206318132915367 1.1500000000000066 0.0 0.02 4.315242826687497 -5.551115123125783E-11 1.2844579666112617 -0.6785373841667267
1.8436318132915368 1.1500000000000066 0.0 0.02 4.301054272152137 0.0 1.2754089821548724 -0.6996822891271888
1.866631813291537 1.1500000000000066 0.0 0.02 4.28831535382456 0.0 1.2660763826714136 -0.7207035981991363
1.8896318132915366 1.1499999999999844 -1.1102230246251565E-12 0.02 4.276887721827379 -5.551115123125783E-11 1.2564906751743008 -0.7416107370678926
1.9126318132915368 1.1500000000000066 1.1102230246251565E-12 0.02 4.266652160700404 1.1102230246251565E-10 1.2466792578169164 -0.7624129358333944
1.9356318132915364 1.1499999999999844 -1.1102230246251565E-12 0.02 4.2575058220504305 -1.1102230246251565E-10 1.2366668671525765 -0.7831191751498154
1.9586318132915361 1.1499999999999844 0.0 0.02 4.249359888982129 5.551115123125783E-11 1.2264759583396017 -0.8037381579746675
1.9816318132915363 1.1500000000000066 1.1102230246251565E-12 0.02 4.242137611295346 5.551115123125783E-11 1.2161270293772641 -0.8242782984299003
2.004631813291536 1.1499999999999955 -5.551115123125783E-13 0.02 4.235772655048246 -8.326672684688674E-11 1.2056388984341553 -0.8447477225101667
2.0276318132915367 1.1500000000000288 1.6653345369377348E-12 0.02 4.230207716966581 1.1102230246251565E-10 1.1950289419486624 -0.8651542768396538
2.0506318132915364 1.1499999999999844 -2.220446049250313E-12 0.02 4.22539336132931 -1.942890293094024E-10 1.1843133002682622 -0.8855055421737565
2.073631813291537 1.1500000000000288 2.220446049250313E-12 0.02 4.221287043068957 2.220446049250313E-10 1.1735070557393885 -0.905808850676278
2.0966318132915367 1.1499999999999844 -2.220446049250313E-12 0.02 4.21785228724845 -2.220446049250313E-10 1.1626243883818115 -0.9260713044225859
2.1196318132915364 1.1499999999999844 0.0 0.02 4.215057999531764 1.1102230246251565E-10 1.1516787124522645 -0.9462997950704152
2.142631813291537 1.1500000000000288 2.220446049250313E-12 0.02 4.212877886867819 1.1102230246251565E-10 1.1406827972146385 -0.9665010237108929
2.1656318132915366 1.1499999999999844 -2.220446049250313E-12 0.02 4.211289971064571 -2.220446049250313E-10 1.1296488746430036 -0.9866815202847379
2.1886318132915363 1.1499999999999844 0.0 0.02 4.210276180821739 1.1102230246251565E-10 1.118588736150186 -1.0068476624795508
2.211631813291537 1.1500000000000288 2.220446049250313E-12 0.02 4.209822010260524 1.1102230246251565E-10 1.1075138202350323 -1.0270056938435064
2.2346318132915366 1.1499999999999844 -2.220446049250313E-12 0.02 4.209916233940479 -2.220446049250313E-10 1.0964352927306946 -1.0471617407781102
2.257631813291537 1.1500000000000288 2.220446049250313E-12 0.02 4.210550669917637 2.220446049250313E-10 1.0853641208911777 -1.0673218284876846
2.280631813291537 1.1499999999999844 -2.220446049250313E-12 0.02 4.2117199836789805 -2.220446049250313E-10 1.0743111425379028 -1.0874918956474318
2.3036318132915365 1.1499999999999844 0.0 0.02 4.213421526758507 1.1102230246251565E-10 1.0632871312207572 -1.1076778077376284
2.326631813291537 1.1500000000000288 2.220446049250313E-12 0.02 4.215655204572417 1.1102230246251565E-10 1.0523028582613025 -1.1278853688792227
2.349631813291537 1.1499999999999844 -2.220446049250313E-12 0.02 4.218423368530916 -2.220446049250313E-10 1.0413691523427544 -1.1481203321284992
2.3726318132915365 1.1499999999999844 0.0 0.02 4.221730727749341 1.1102230246251565E-10 1.0304969573603002 -1.1683884078600322
2.395631813291537 1.1500000000000288 2.220446049250313E-12 0.02 4.225584275838612 1.1102230246251565E-10 1.0196973888450613 -1.1886952703697866
2.4186318132915368 1.1499999999999844 -2.220446049250313E-12 0.02 4.229993228048781 -2.220446049250313E-10 1.0089817895384139 -1.2090465621012552
2.4416318132915373 1.1500000000000288 2.220446049250313E-12 0.02 4.234968963746962 2.220446049250313E-10 0.9983617843116194 -1.22944789533815
2.464631813291537 1.1499999999999844 -2.220446049250313E-12 0.02 4.2405249686296385 -2.220446049250313E-10 0.9878493345434292 -1.2499048510751019
2.4876318132915367 1.1499999999999844 0.0 0.02 4.246676770176251 1.1102230246251565E-10 0.977456791995812 -1.270422974578644
2.5106318132915373 1.1500000000000288 2.220446049250313E-12 0.02 4.253441858553314 1.1102230246251565E-10 0.967196952202579 -1.2910077667794757
2.533631813291536 1.14999999999994 -4.440892098500626E-12 0.02 4.260839583932527 -3.3306690738754696E-10 0.9570831066590606 -1.3116646715787283
2.5566318132915367 1.1500000000000288 4.440892098500626E-12 0.02 4.268891018815607 4.440892098500626E-10 0.9471290935727414 -1.3323990576411477
2.5796318132915363 1.1499999999999844 -2.220446049250313E-12 0.02 4.277618771882457 -3.3306690738754696E-10 0.9373493460165427 -1.3532161943493684
2.602631813291537 1.1500000000000288 2.220446049250313E-12 0.02 4.287046736661125 2.220446049250313E-10 0.9277589363758444 -1.3741212206300752
2.6256318132915366 1.1499999999999844 -2.220446049250313E-12 0.02 4.297199755249159 -2.220446049250313E-10 0.9183736150502961 -1.3951191062452053
2.6486318132915363 1.1499999999999844 0.0 0.02 4.30810317275963 1.1102230246251565E-10 0.9092098414524283 -1.4162146036796974
2.671631813291536 1.1499999999999844 0.0 0.02 4.319782254617934 0.0 0.9002848038033817 -1.4374121905874704
2.6946318132915366 1.1500000000000288 2.220446049250313E-12 0.02 4.332261433326316 1.1102230246251565E-10 0.8916164242931104 -1.458716000846024
2.7176318132915362 1.1499999999999844 -2.220446049250313E-12 0.02 4.345563347784691 -2.220446049250313E-10 0.8832233443812217 -1.4801297443110426
2.740631813291537 1.1500000000000288 2.220446049250313E-12 0.02 4.359707633765476 2.220446049250313E-10 0.8751248845709192 -1.5016566142061358
2.7636318132915365 1.1499999999999844 -2.220446049250313E-12 0.02 4.374709422653959 -2.220446049250313E-10 0.8673409713111717 -1.5232991827917142
2.786631813291536 1.1499999999999844 0.0 0.02 4.390577505401251 1.1102230246251565E-10 0.8598920229715713 -1.5450592854242435
2.8096318132915368 1.1500000000000288 2.220446049250313E-12 0.02 4.407312125382372 1.1102230246251565E-10 0.8527987848214886 -1.5669378965938088
2.8326318132915365 1.1499999999999844 -2.220446049250313E-12 0.02 4.424902373219735 -2.220446049250313E-10 0.8460821032044146 -1.5889349997492714
2.855631813291536 1.1499999999999844 0.0 0.02 4.4433231794092105 1.1102230246251565E-10 0.8397626274019874 -1.611049458059125
2.8786318132915367 1.1500000000000288 2.220446049250313E-12 0.02 4.462531930143928 1.1102230246251565E-10 0.8338604288074364 -1.6332788931092375
2.9016318132915364 1.1499999999999844 -2.220446049250313E-12 0.02 4.48246477658696 -2.220446049250313E-10 0.8283945278712452 -1.6556195826736138
2.924631813291537 1.1500000000000288 2.220446049250313E-12 0.02 4.503032762444061 2.220446049250313E-10 0.8233823225429412 -1.6780663896766648
2.9476318132915367 1.1499999999999844 -2.220446049250313E-12 0.02 4.5241179618583445 -2.220446049250313E-10 0.8188389159819337 -1.7006127386665024
2.9706318132915364 1.1499999999999844 0.0 0.02 4.545569885975401 1.1102230246251565E-10 0.8147763484458421 -1.723250654916599
2.993631813291537 1.1500000000000288 2.220446049250313E-12 0.02 4.567202478514565 1.1102230246251565E-10 0.8112027461865923 -1.7459708822821975
3.0166318132915366 1.1499999999999844 -2.220446049250313E-12 0.02 4.588792058048963 -2.220446049250313E-10 0.808121410039912 -1.768763091707002
3.0396318132915363 1.1499999999999844 0.0 0.02 4.610076566277323 1.1102230246251565E-10 0.8055298760371112 -1.7916161871617173
3.062631813291536 1.1499999999999844 0.0 0.02 4.630756430073408 0.0 0.8034189892270107 -1.8145187043360322
3.0856318132915366 1.1500000000000288 2.220446049250313E-12 0.02 4.650497244350386 1.1102230246251565E-10 0.8017720371735269 -1.83745928757177
3.1086318132915363 1.1499999999999844 -2.220446049250313E-12 0.02 4.668934334587409 -2.220446049250313E-10 0.800563991176336 -1.8604272136287827
3.131631813291536 1.1499999999999844 0.0 0.02 4.685679099794768 1.1102230246251565E-10 0.799760899107762 -1.8834129194048146
3.1546318132915356 1.1499999999999844 0.0 0.02 4.700326900259709 0.0 0.7993194655004427 -1.9064084769013117
3.177631813291536 1.1500000000000288 2.220446049250313E-12 0.02 4.712466190824742 1.1102230246251565E-10 0.7991868433555279 -1.929407953033283
3.200631813291536 1.1499999999999844 -2.220446049250313E-12 0.02 4.721688636607743 -2.220446049250313E-10 0.7993006518088397 -1.9524075896734023
3.2236318132915356 1.1499999999999844 0.0 0.02 4.727600093577941 1.1102230246251565E-10 0.7995892278003875 -1.9754057454860012
3.2466318132915353 1.1499999999999844 0.0 0.02 4.729832559013835 0.0 0.7999721216369218 -1.998402553098647
3.269631813291536 1.1500000000000288 2.220446049250313E-12 0.02 4.733574132287283 1.1102230246251565E-10 0.8004003435840586 -2.02139855189634
3.2926318132915355 1.1499999999999844 -2.220446049250313E-12 0.02 4.74550140537591 -2.220446049250313E-10 0.8010093838077885 -2.0443903492862896
3.315631813291536 1.1500000000000288 2.220446049250313E-12 0.02 4.76534970038983 2.220446049250313E-10 0.801983761816454 -2.0673693218090787
3.338631813291536 1.1499999999999844 -2.220446049250313E-12 0.02 4.79321309801813 -2.220446049250313E-10 0.8035054839196238 -2.0903181802753994
3.3616318132915364 1.1500000000000288 2.220446049250313E-12 0.02 4.8294685675187115 2.220446049250313E-10 0.8057610467535954 -2.113206047546359
3.384631813291536 1.1499999999999844 -2.220446049250313E-12 0.02 4.87466824766955 -2.220446049250313E-10 0.8089454158162079 -2.1359825642796078
3.407631813291535 1.14999999999994 -2.220446049250313E-12 0.02 4.929390387922197 0.0 0.8132621086299164 -2.158570927015933
3.4306318132915354 1.1500000000000288 4.440892098500626E-12 0.02 4.9940095210678495 3.3306690738754696E-10 0.818917573973206 -2.1808606461119533
3.453631813291535 1.1499999999999844 -2.220446049250313E-12 0.02 5.0683648273478425 -3.3306690738754696E-10 0.8261075960354352 -2.2027023430208517
3.4766318132915357 1.1500000000000288 2.220446049250313E-12 0.02 5.151366870165868 2.220446049250313E-10 0.8349945258630165 -2.2239089107721672
3.4996318132915354 1.1499999999999844 -2.220446049250313E-12 0.02 5.240694359454743 -2.220446049250313E-10 0.8456780402076823 -2.2442684384997444
3.522631813291536 1.1500000000000288 2.220446049250313E-12 0.02 5.332824165020364 2.220446049250313E-10 0.8581684470061273 -2.263571678791978
3.5456318132915357 1.1499999999999844 -2.220446049250313E-12 0.02 5.423554405895163 -2.220446049250313E-10 0.8723757191884404 -2.2816490145214026
3.5686318132915362 1.1500000000000288 2.220446049250313E-12 0.02 5.5088697372685145 2.220446049250313E-10 0.8881228659590977 -2.298403302090409
3.591631813291535 1.14999999999994 -4.440892098500626E-12 0.02 5.58571947048911 -3.3306690738754696E-10 0.9051793499798912 -2.3138245792700394
3.6146318132915356 1.1500000000000288 4.440892098500626E-12 0.02 5.65235334780688 4.440892098500626E-10 0.9232997756938264 -2.3279827688334396
3.6376318132915353 1.1499999999999844 -2.220446049250313E-12 0.02 5.708197988849934 -3.3306690738754696E-10 0.9422538727798099 -2.341006004860991
3.660631813291536 1.1500000000000288 2.220446049250313E-12 0.02 5.753497880710199 2.220446049250313E-10 0.9618424104791675 -2.353055847395238
3.6836318132915356 1.1499999999999844 -2.220446049250313E-12 0.02 5.788945503587212 -2.220446049250313E-10 0.9819012470784071 -2.3643069657933133
3.706631813291536 1.1500000000000288 2.220446049250313E-12 0.02 5.815410491960772 2.220446049250313E-10 1.0022983871561861 -2.374933620161178
3.729631813291536 1.1499999999999844 -2.220446049250313E-12 0.02 5.833782674425302 -2.220446049250313E-10 1.0229281894162683 -2.385102020170818
3.7526318132915355 1.1499999999999844 0.0 0.02 5.844903622964123 1.1102230246251565E-10 1.0437052112188598 -2.394966597776091
3.775631813291535 1.1499999999999844 0.0 0.02 5.8495566128140695 0.0 1.0645588618929147 -2.404668364472976
3.7986318132915358 1.1500000000000288 2.220446049250313E-12 0.02 5.848492777968351 1.1102230246251565E-10 1.0854293041932623 -2.4143340028979896
3.8216318132915355 1.1499999999999844 -2.220446049250313E-12 0.02 5.842479835958258 -2.220446049250313E-10 1.1062647394266127 -2.4240747945609242
3.844631813291536 1.1500000000000288 2.220446049250313E-12 0.02 5.83236516151476 2.220446049250313E-10 1.1270201420955088 -2.4339848261260806
3.8676318132915357 1.1499999999999844 -2.220446049250313E-12 0.02 5.8191467606825595 -2.220446049250313E-10 1.1476575292471656 -2.444138176349135
3.8906318132915363 1.1500000000000288 2.220446049250313E-12 0.02 5.804044524972247 2.220446049250313E-10 1.1681478551610105 -2.4545850158357743
3.913631813291536 1.1499999999999844 -2.220446049250313E-12 0.02 5.788561281591101 -2.220446049250313E-10 1.1884745327951145 -2.4653467799392454
3.9366318132915357 1.1499999999999844 0.0 0.02 5.774520350887354 1.1102230246251565E-10 1.2086383386100366 -2.476410784426429
3.9596318132915354 1.1499999999999844 0.0 0.02 5.7640652553881555 0.0 1.2286630353096804 -2.487724786789338
3.982631813291536 1.1500000000000288 2.220446049250313E-12 0.02 5.75960797081852 1.1102230246251565E-10 1.2486004872705632 -2.499192004307558
4.005631813291536 1.1499999999999844 -2.220446049250313E-12 0.02 5.759688213393192 -2.220446049250313E-10 1.268519439487454 -2.5106913669923534
4.028631813291535 1.1499999999999844 0.0 0.02 5.760025836781135 1.1102230246251565E-10 1.288440906040869 -2.522186373097527
4.051631813291536 1.1500000000000288 2.220446049250313E-12 0.02 5.76060222831925 1.1102230246251565E-10 1.3083676213371744 -2.5336722776265472
4.074631813291536 1.1499999999999844 -2.220446049250313E-12 0.02 5.761419947686955 -2.220446049250313E-10 1.3283023352257222 -2.545144293698482
4.097631813291536 1.1500000000000288 2.220446049250313E-12 0.02 5.762481879138792 2.220446049250313E-10 1.3482478187065168 -2.5565975744065477
4.120631813291535 1.14999999999994 -4.440892098500626E-12 0.02 5.763791244236559 -3.3306690738754696E-10 1.3682068640069107 -2.5680272041083274
4.1436318132915355 1.1500000000000288 4.440892098500626E-12 0.02 5.765351615039155 4.440892098500626E-10 1.388182284601968 -2.5794281893630178
4.166631813291535 1.1499999999999844 -2.220446049250313E-12 0.02 5.76716692778411 -3.3306690738754696E-10 1.4081769151713086 -2.5907954495064374
4.189631813291536 1.1500000000000288 2.220446049250313E-12 0.02 5.7692414970845896 2.220446049250313E-10 1.4281936114605487 -2.602123806840437
4.2126318132915355 1.1499999999999844 -2.220446049250313E-12 0.02 5.77158003065464 -2.220446049250313E-10 1.4482352500159812 -2.613407976414225
4.235631813291536 1.1500000000000288 2.220446049250313E-12 0.02 5.774187644560131 2.220446049250313E-10 1.4683047277391086 -2.6246425553638897
4.258631813291536 1.1499999999999844 -2.220446049250313E-12 0.02 5.777069878983323 -2.220446049250313E-10 1.4884049612542203 -2.6358220118043745
4.281631813291535 1.1499999999999844 0.0 0.02 5.780232714467646 1.1102230246251565E-10 1.5085388860348066 -2.6469406732435456
4.304631813291535 1.1499999999999844 0.0 0.02 5.783682588579911 0.0 1.5287094551890035 -2.6579927144664373
4.327631813291536 1.1500000000000288 2.220446049250313E-12 0.02 5.78742641293279 1.1102230246251565E-10 1.5489196379878993 -2.668972144943072
4.350631813291536 1.1500000000000288 0.0 0.02 5.791471590426998 -1.1102230246251565E-10 1.5691724178776567 -2.6798727956294273
4.373631813291536 1.1499999999999844 -2.220446049250313E-12 0.02 5.79582603260468 -1.1102230246251565E-10 1.589470790115461 -2.690688305256928
4.396631813291536 1.1499999999999844 0.0 0.02 5.800498176904322 1.1102230246251565E-10 1.6098177588065694 -2.701412106014752
4.419631813291536 1.1500000000000288 2.220446049250313E-12 0.02 5.805497003595696 1.1102230246251565E-10 1.6302163333274216 -2.712037408652688
4.442631813291536 1.1499999999999844 -2.220446049250313E-12 0.02 5.810832052098101 -2.220446049250313E-10 1.6506695240135396 -2.722557186986186
4.4656318132915365 1.1500000000000288 2.220446049250313E-12 0.02 5.81651343633499 2.220446049250313E-10 1.6711803370541216 -2.732964161832098
4.488631813291536 1.1499999999999844 -2.220446049250313E-12 0.02 5.82255185867958 -2.220446049250313E-10 1.6917517684396777 -2.743250784369723
4.511631813291537 1.1500000000000288 2.220446049250313E-12 0.02 5.828958621963233 2.220446049250313E-10 1.7123867968415576 -2.7534092189588355
4.534631813291536 1.1499999999999844 -2.220446049250313E-12 0.02 5.835745638917242 -2.220446049250313E-10 1.7330883753032233 -2.763431325468974
4.557631813291536 1.1499999999999844 0.0 0.02 5.8429254382782005 1.1102230246251565E-10 1.7538594215520513 -2.773308641165671
4.580631813291536 1.1499999999999844 0.0 0.02 5.850511166687749 0.0 1.7747028068510116 -2.783032362283485
4.6036318132915355 1.1499999999999844 0.0 0.02 5.858516585307477 0.0 1.7956213431341181 -2.792593325365211
4.626631813291536 1.1500000000000288 2.220446049250313E-12 0.02 5.866956059887258 1.1102230246251565E-10 1.8166177681746674 -2.8019819884947887
4.649631813291535 1.14999999999994 -4.440892098500626E-12 0.02 5.875844542949489 -3.3306690738754696E-10 1.8376947288307144 -2.8111884127301625
4.672631813291535 1.1500000000000288 4.440892098500626E-12 0.02 5.885197546276929 4.440892098500626E-10 1.8588547617471853 -2.820202243793985
4.695631813291535 1.1499999999999844 -2.220446049250313E-12 0.02 5.895031102001002 -3.3306690738754696E-10 1.8801002717546513 -2.82901269452591
4.718631813291536 1.1500000000000288 2.220446049250313E-12 0.02 5.905361709954456 2.220446049250313E-10 1.9014335072724833 -2.8376085282543384
4.741631813291535 1.1499999999999844 -2.220446049250313E-12 0.02 5.916206269062606 -2.220446049250313E-10 1.9228565328897163 -2.8459780436940334
4.764631813291536 1.1500000000000288 2.220446049250313E-12 0.02 5.927581989982385 2.220446049250313E-10 1.9443711986055918 -2.854109061759828
4.787631813291536 1.1499999999999844 -2.220446049250313E-12 0.02 5.939506286128089 -2.220446049250313E-10 1.9659791056272227 -2.861988914950321
4.810631813291535 1.1499999999999844 0.0 0.02 5.951996640018431 1.1102230246251565E-10 1.9876815686287488 -2.869604440038288
4.833631813291535 1.1499999999999844 0.0 0.02 5.965070441631896 0.0 2.0094795742372016 -2.876941974842846
4.856631813291536 1.1500000000000288 2.220446049250313E-12 0.02 5.978744795439183 1.1102230246251565E-10 2.0313737356714574 -2.883987360013908
4.879631813291535 1.1499999999999844 -2.220446049250313E-12 0.02 5.993036292941516 -2.220446049250313E-10 2.0533642436870547 -2.890725946917802
4.902631813291536 1.1500000000000288 2.220446049250313E-12 0.02 6.007960747637824 2.220446049250313E-10 2.075450813832237 -2.897142612734892
4.9256318132915355 1.1499999999999844 -2.220446049250313E-12 0.02 6.023532889960114 -2.220446049250313E-10 2.0976326303919643 -2.9032217840583545
4.948631813291536 1.1500000000000288 2.220446049250313E-12 0.02 6.039766020463483 2.220446049250313E-10 2.119908287510423 -2.9089474703374454
4.971631813291536 1.1499999999999844 -2.220446049250313E-12 0.02 6.056671620619736 -2.220446049250313E-10 2.1422757280953033 -2.9143033085321832
4.9946318132915355 1.1499999999999844 0.0 0.02 6.074258922294705 1.1102230246251565E-10 2.164732181600362 -2.9192726204149837
5.017631813291535 1.1499999999999844 0.0 0.02 6.0925344388475615 0.0 2.187274101822542 -2.923838483828991
5.040631813291536 1.1500000000000288 2.220446049250313E-12 0.02 6.11150146348498 1.1102230246251565E-10 2.2098971063869657 -2.9279838191302594
5.063631813291535 1.1499999999999844 -2.220446049250313E-12 0.02 6.131159543399645 -2.220446049250313E-10 2.2325959197597216 -2.9316914917636527
5.086631813291536 1.1500000000000288 2.220446049250313E-12 0.02 6.1515039415934325 2.220446049250313E-10 2.2553643218939956 -2.9349444315720614
5.109631813291536 1.1499999999999844 -2.220446049250313E-12 0.02 6.172525102569178 -2.220446049250313E-10 2.278195105537289 -2.937725769049168
5.132631813291536 1.1500000000000288 2.220446049250313E-12 0.02 6.194208140823214 2.220446049250313E-10 2.301080044262389 -2.940018987938419
5.155631813291536 1.1499999999999844 -2.220446049250313E-12 0.02 6.216532375910976 -2.220446049250313E-10 2.3240098748812863 -2.9418080930530968
5.178631813291536 1.1499999999999844 0.0 0.02 6.239470939713951 1.1102230246251565E-10 2.346974296701231 -2.9430777911481294
5.201631813291536 1.1500000000000288 2.220446049250313E-12 0.02 6.2629904841466555 1.1102230246251565E-10 2.3699619907695526 -2.943813681833871
5.224631813291536 1.1499999999999844 -2.220446049250313E-12 0.02 0.0038657099893288083 -2.220446049250313E-10 2.3929606612320855 -2.9440024544852363
5.2476318132915365 1.1500000000000288 2.220446049250313E-12 0.02 0.028420586757621602 2.220446049250313E-10 2.415957101085517 -2.943632086202751
5.270631813291535 1.14999999999994 -4.440892098500626E-12 0.02 0.05341667776354181 -3.3306690738754696E-10 2.4389372829492135 -2.9426920350324357
5.293631813291537 1.1500000000000732 6.661338147750939E-12 0.02 0.07879472983714661 5.551115123125783E-10 2.461886475114621 -2.941173422084216
5.316631813123639 1.1499999916050996 -4.197486802581807E-7 0.02 0.1044899263431873 -2.0987767079816422E-5 2.4847893814074964 -2.939069195904469
5.3396318028402705 1.1499994858315876 -2.528867559803416E-5 0.02 0.1304326317862442 -0.001243446345888799 2.5076302931729075 -2.9363742737796534
5.362631716018253 1.1499956588991278 -1.9134662299080674E-4 0.02 0.15654927278825567 -0.008302897369638629 2.5303932225717274 -2.933085659952168
5.385631360854166 1.1499822417956551 -6.708551736345214E-4 0.02 0.1827633441992722 -0.023975427532185734 2.5530620281194967 -2.929202539683114
5.408630349663287 1.149949440456055 -0.001640066980002075 0.02 0.20899652844806849 -0.04846059031837768 2.5756205482537737 -2.9247263450389465
5.431628028378241 1.1498839357476864 -0.0032752354184317767 0.02 0.2351698875974533 -0.08175842192148508 2.598052738986958 -2.9196607898098863
5.4546234060476255 1.1497688834692266 -0.0057526139229935325 0.02 0.2612050804144016 -0.12386892522808779 2.62034280979905 -2.9140118725654527
5.47761508433466 1.1495839143517372 -0.009248455874466543 0.02 0.2870255548804804 -0.17479209757365055 2.642475351970484 -2.907787848452563
5.500601187015816 1.1493051340577765 -0.013939014698038932 0.02 0.3125576685182197 -0.23452794117861941 2.6644354540303805 -2.9009991718759194
5.52357928947946 1.1489051231821978 -0.02000054377893079 0.02 0.337731694100255 -0.30307645404459294 2.686208799546765 -2.8936584136344634
5.5465463482244886 1.14835293725144 -0.02760929653788935 0.02 0.3624826771541325 -0.38043763794792795 2.7077817439465295 -2.8857801570421837
5.569498630358967 1.1476141067239265 -0.036941526375677824 0.02 0.3867511211215695 -0.46661149188942375 2.7291413675146208 -2.8773808785193995
5.5924316430987675 1.146650636990021 -0.04817348669527988 0.02 0.4104834879775064 -0.5615980159801026 2.750275503657347 -2.8684788182727172
5.615340063266208 1.1454210083720273 -0.06148143089967917 0.02 0.43363251265921626 -0.6653972102199646 2.771172742407339 -2.85909384671823
5.638217666858082 1.1438801795936815 -0.07704143891729132 0.02 0.456157339017002 -0.7780004008806074 2.791822409862973 -2.8492473320994582
5.6610572693303 1.1419801236109084 -0.09500279913865484 0.02 0.4780235038090484 -0.898068011068176 2.8122145353373313 -2.8389620088946734
5.683850731321551 1.139673099562577 -0.11535120241656927 0.02 0.49920283796712145 -1.0174201638957214 2.8323398556877524 -2.8282618234300174
5.706589022164672 1.1369145421560312 -0.13792787032729237 0.02 0.5196732898561693 -1.1288333955361551 2.852189848394815 -2.817171755546253
5.729262290370298 1.1336634102812937 -0.16255659373687337 0.02 0.5394186411513606 -1.23143617047905 2.871756748996976 -2.805717638845953
5.751859934128232 1.1298821878967136 -0.18906111922900593 0.02 0.5584281341702928 -1.325226274606628 2.8910335497295985 -2.7939259859460157
5.774370671808803 1.1255368840285218 -0.21726519340958816 0.02 0.5766960360832549 -1.410203709029112 2.910013982692601 -2.7818238215267157
5.796782612464229 1.12059703277132 -0.2469925628600933 0.02 0.5942211634861546 -1.4863684725252568 2.928692490731481 -2.769438525205708
5.81908332632998 1.1150356932875471 -0.2780669741886399 0.02 0.6110063886684319 -1.5537205664273301 2.947064189704699 -2.7567976850740266
5.841259915326136 1.108829449807791 -0.3103121739878034 0.02 0.627058144549461 -1.6122599899581758 2.965124824447298 -2.7439289627733783
5.863299083558755 1.1019584116309655 -0.3435519088412775 0.02 0.6423859426059 -1.6619867426737045 2.9828707212474233 -2.7308599699551803
5.885187207821231 1.0944062131237775 -0.3776099253594012 0.02 0.657001914541336 -1.702900825906184 3.0002987391357134 -2.7176181556259875
5.9069104080956585 1.0861600137213934 -0.4123099701192068 0.02 0.6709203849108569 -1.7350022379902796 3.017406221423734 -2.7042307039711986
5.928454618054191 1.0772104979266395 -0.44747578973769464 0.02 0.684157479690646 -1.758290980924393 3.0341909491308847 -2.6907244416796487
5.94980565556041 1.0675518753109348 -0.48293113078523575 0.02 0.6967307733625915 -1.7727670523770556 3.0506510974876866 -2.6771257537648077
5.970949293170675 1.0571818805132693 -0.5184997398832714 0.02 0.7086589750950816 -1.7784304549017804 3.0667851962250254 -2.6634605070012336
5.991871328635502 1.0461017732413147 -0.5540053635977316 0.02 0.7199616533237254 -1.77528118572301 3.0825920942697964 -2.649753979998843
6.012557655400909 1.034316338270358 -0.5892717485478371 0.02 0.7306589970448559 -1.7633192475052795 3.0980709293336224 -2.6360307989241063
6.03299433310979 1.0218338854440567 -0.6241226413150613 0.02 0.7407716113447868 -1.7425446383612098 3.1132211026199768 -2.622314878028339
6.0531676581032725 1.0086662496741283 -0.6583817884964205 0.02 0.7503203441657942 -1.712957359067957 3.128042258615824 -2.60862936435604
6.0730642339220795 0.9948287909403497 -0.6918729366889309 0.02 0.7593261413452443 -1.6745574096255211 3.142534270227241 -2.5949965857484925
6.092671041807891 0.9803403942905575 -0.724419832489609 0.02 0.7678099266814846 -1.6273447900339022 3.1566972291560065 -2.5814380015967178
6.111975511204709 0.9652234698409146 -0.7558462224821483 0.02 0.7757925037529433 -1.5713194996269664 3.170531441205271 -2.567974156049003
6.130965590260216 0.9495039527753324 -0.7859758532791083 0.02 0.7832944766811432 -1.5064815398480036 3.18403742670278 -2.5546246329522497
6.149629816327139 0.933211303346182 -0.8146324714575215 0.02 0.7903361868940307 -1.432830908920657 3.1972159256922414 -2.5414080123597476
6.167957386464612 0.9163785068736274 -0.8416398236277267 0.02 0.7969376632980261 -1.3503676085102612 3.2100679077148784 -2.5283418283360994
6.185938227939537 0.8990420737462479 -0.8668216563689768 0.02 0.8031185835942422 -1.2590916370625038 3.222594586169193 -2.5154425276649857
6.203563068727946 0.8812420394204601 -0.8900017162893903 0.02 0.8088982444949289 -1.159002996020675 3.234797436801716 -2.5027254295468992
6.220823508016285 0.8630219644169657 -0.9110037501747215 0.02 0.8142955391206057 -1.0501016942665586 3.2466782204162135 -2.490204685869919
6.237712084372146 0.8444288177930304 -0.9296573311967649 0.02 0.8193289391626629 -0.9326790511021699 3.258239007803822 -2.4778932438713577
6.2542223043156495 0.8255109971751828 -0.9458910308923762 0.02 0.8240164703934699 -0.8116849847805696 3.2694821816223776 -2.4658028383243424
6.270348594843756 0.8063145264053162 -0.9598235384933318 0.02 0.8283756743001127 -0.6966253800477773 3.2804103910621225 -2.4539440410660287
6.286086233460041 0.7868819308142427 -0.9716297795536732 0.02 0.8324235748068383 -0.5903120530170725 3.29102649682053 -2.4423263291758173
6.301431277673349 0.7672522106654256 -0.9814860074408571 0.02 0.8361766552015503 -0.49281139435919386 3.3013335205300076 -2.430958155700745
6.316380494496413 0.7474608411532024 -0.9895684756111578 0.02 0.8396508436737384 -0.4041234085150336 3.311334598507159 -2.4198470217394377
6.330931289944512 0.7275397724049171 -0.9960534374142682 0.02 0.8428615058747949 -0.32424809015552114 3.321032939150737 -2.408999549430165
6.345081638534087 0.7075174294787878 -1.0011171463064628 0.02 0.8458234430894761 -0.25318544460972703 3.330431783141669 -2.3984215557400312
6.358830012781405 0.6874187123658615 -1.0049358556463162 0.02 0.8485508950312867 -0.19093546699266994 3.339534366265947 -2.3881181263465785
6.3721753127011675 0.6672649959881483 -1.0076858188856619 0.02 0.8510575462489219 -0.1374981619672866 3.348343884139691 -2.378093689626223
6.385116795305177 0.6470741302004868 -1.0095432893830747 0.02 0.8533565353811594 -0.09287352487064027 3.35686345841113 -2.3683520905493203
6.397654004100953 0.6268604397887678 -1.0106845205859472 0.02 0.8554604666734267 -0.05706156014362307 3.3650961042465 -2.3588966641129256
6.4097866985903815 0.6066347244714443 -1.0112857658661767 0.02 0.8573814231775194 -0.030062264011476714 3.3730446986151934 -2.3497303083607886
6.421514783768351 0.5864042588984653 -1.0115232786489514 0.02 0.8591309812182297 -0.01187563913873646 3.3807119491873383 -2.340855556780202
6.432838240466943 0.5661728349295903 -1.0115711984437503 0.02 0.8607202258445954 -0.002395989739945037 3.3881003640552465 -2.332274649469017
6.443757082609347 0.5459421071202009 -1.0115363904694696 0.02 0.8621597702579942 0.001740398714034086 3.3952122391750943 -2.3239895830515094
6.454271391729845 0.5257154560249333 -1.0113325547633778 0.02 0.8634597834123615 0.01019178530459186 3.402049695728919 -2.3160021010603167
6.464381385875164 0.505499707265944 -1.0107874379494675 0.02 0.8646300167602564 0.02725584069551701 3.4086147391727604 -2.308313656837925
6.474087490105841 0.48530521153384854 -1.009724786604771 0.02 0.8656798253216474 0.053132567234825956 3.414909318468788 -2.300925374076842
6.483390406997582 0.465145844587056 -1.0079683473396273 0.02 0.8666181834882638 0.08782196325718417 3.420935384688802 -2.293838006269764
6.492291187142632 0.445039007252479 -1.0053418667288483 0.02 0.8674536961746929 0.13132403053894848 3.4266949489933047 -2.287051895336362
6.500791299651123 0.4250056254245571 -1.0016690913960957 0.02 0.8681946059594196 0.18363876663762824 3.432190140182838 -2.2805669294091127
6.508892702652451 0.4050701500664111 -0.9967737679072997 0.02 0.8688487968185098 0.2447661744398033 3.437423261753041 -2.2743825000195903
6.516597913796629 0.3852605572088663 -0.99047964287724 0.02 0.8694237950848688 0.31470625150298304 3.4423968485516294 -2.2684974586837
6.52391008075565 0.3656083479510741 -0.9826104628896104 0.02 0.8699267682530725 0.39345899938147966 3.4471137230531412 -2.262910072939596
6.530833051724855 0.34614854846024556 -0.9729899745414272 0.02 0.8703645222454741 0.48102441740915935 3.45157705124739 -2.257617981880139
6.537371445924283 0.326919709971385 -0.9614419244430294 0.02 0.8707434977450283 0.5774025049198883 3.455790398100943 -2.2526181512357395
6.543530724100048 0.30796390878826685 -0.9477900591559063 0.02 0.8710697661945636 0.6825932643561572 3.459757782637843 -2.247906827937018
6.549317258789051 0.289326734450146 -0.9318587169060422 0.02 0.8713490260138599 0.7965671124932072 3.463483732382999 -2.2434794944288687
6.554738388015647 0.27105646132978833 -0.9135136560178836 0.02 0.8715865989033461 0.9172530444079285 3.4669733266748675 -2.2393308351705166
6.559802396556956 0.25320042706544754 -0.8928017132170396 0.02 0.8717874250906565 1.0355971400421993 3.4702321928790334 -2.2354547580969344
6.564518449379333 0.23580264111888738 -0.8698892973280081 0.02 0.8719560606093751 1.145620794451574 3.4732664713518986 -2.2318444522462206
6.568896521138811 0.21890358797387321 -0.8449526572507082 0.02 0.8720966790101423 1.246832003864995 3.4760827773469662 -2.228492447944548
6.572947325679749 0.2025402270469101 -0.8181680463481555 0.02 0.8722130772986764 1.3392305451276343 3.4786881623604566 -2.225390676459902
6.576682245533467 0.18674599268591052 -0.7897117180499791 0.02 0.8723086856498504 1.422816414908823 3.4810900748471645 -2.222530529133544
6.58011326141688 0.17155079417063845 -0.7597599257636034 0.02 0.8723865804304317 1.497589614318784 3.4832963203033134 -2.2199029159646346
6.583252881731145 0.1569810157132423 -0.7284889228698077 0.02 0.8724495000496185 1.5635501446897848 3.4853150207369383 -2.217498323633146
6.586114072060289 0.14305951645718906 -0.6960749628026619 0.02 0.8724998631482853 1.6206980033572904 3.4871545734999354 -2.215306873032615
6.588710184669855 0.12980563047833016 -0.6626942989429452 0.02 0.8725397886424588 1.669033192985836 3.4888236095588168 -2.213318376286351
6.591054888005534 0.11723516678392443 -0.6285231847202866 0.02 0.8725711171426807 1.7085557111329308 3.490330951220821 -2.2115223933109154
6.593162096191806 0.10536040931361512 -0.5937378735154653 0.02 0.8725954332881551 1.7392655602410656 3.4916855693580646 -2.209908287972267
6.59504589853058 0.09419011693871937 -0.5585146187447876 0.02 0.8726140885581721 1.7611627385338835 3.4928965401978767 -2.208465283857088
6.596720488999824 0.08372952346218376 -0.5230296738267803 0.02 0.87262822415224 1.7742472459003622 3.493973001719284 -2.2071825197181636
6.598200095752213 0.07398033761942813 -0.48745929213778183 0.02 0.8726387935659392 1.7785190844499255 3.4949241097055923 -2.2060491046399626
6.5994989106137565 0.06494074307719089 -0.45197972711186196 0.02 0.8726465845295672 1.7739782512959934 3.495758993516379 -2.205054172950544
6.60063101858245 0.05660539843468371 -0.41676723212535904 0.02 0.8726522400197446 1.760624749325146 3.4964867116091383 -2.2041869389389084
6.601610327326896 0.04896543722230362 -0.3819980606190043 0.02 0.8726562781006157 1.7384585753177362 3.497116206863931 -2.2034367514012247
6.60245049668496 0.04200846790318735 -0.3478484659558134 0.02 0.8726591103986161 1.7074797331595448 3.49765626174721 -2.202793148050558
6.603164868162389 0.035718573871434955 -0.31449470158761983 0.02 0.8726610590627244 1.6676882184096797 3.4981154533475736 -2.2022459098190055
6.603766394431468 0.03007631345397499 -0.2821130208729983 0.02 0.8726623721094358 1.6190840357310776 3.4985021083099275 -2.201785115078736
6.6042675688296475 0.0250587199089658 -0.25087967725045957 0.02 0.8726632370974381 1.5616671811269356 3.4988242576959787 -2.2014011937971487
6.604680354858179 0.02063930142659487 -0.22097092411854646 0.02 0.872663793120155 1.495437656595655 3.499089591788222 -2.201084981645309
6.6050161156807645 0.01678804112925647 -0.19256301486691996 0.02 0.8726641411443319 1.4203954625813253 3.499305414852261 -2.2008277740734625
6.605285543622183 0.013471397070929925 -0.16583220291632728 0.02 0.8726643527587921 1.336540597529634 3.4994785998719022 -2.2006213803608956
6.605498589666932 0.010652302237446065 -0.14095474167419297 0.02 0.872664477428785 1.243873062106715 3.4996155432636855 -2.2004581776506185
6.605664392957869 0.008290164546842504 -0.11810688453017804 0.02 0.8726645483774117 1.142392857200747 3.499722119578902 -2.200331164972754
6.605791210297934 0.006340867003240547 -0.09746487718009789 0.02 0.8726645872358689 1.0321003675040075 3.4998036361993416 -2.2002340172587505
6.60588635007621 0.004756988913801052 -0.07919390447197472 0.02 0.872664607619016 0.9135486354061584 3.4998647908720435 -2.2001611359619893
6.605956155993814 0.003490295880226313 -0.06333465167873698 0.02 0.8726646177927353 0.7929626396618872 3.4999096612516567 -2.2001076615272908
6.6060060620672925 0.0024953036739105983 -0.04974961031578573 0.02 0.8726646225848829 0.6792520681475622 3.4999417402575603 -2.2000694312571962
6.606040662939073 0.0017300435890099664 -0.038263004245031595 0.02 0.8726646246928876 0.5743303035377068 3.499963981269286 -2.200042925451692
6.606063784378838 0.0011560719882730552 -0.028698580036845556 0.02 0.8726646255471708 0.478221210409302 3.499978843444302 -2.200025213401253
6.6060785537848865 7.384703024193584E-4 -0.020880084292684842 0.02 0.8726646258604116 0.3909247872080357 3.499988337035516 -2.2000138993798237
6.606087470685491 4.4584503022804256E-4 -0.014631263609565792 0.02 0.8726646259617955 0.3124410341559525 3.4999940687087427 -2.200007068637665
6.606092477240265 2.5032773871558334E-4 -0.009775864575622961 0.02 0.8726646259897637 0.24276995169714155 3.4999972868601192 -2.2000032333942006
6.606095028741519 1.2757506269167607E-4 -0.0061376338011953635 0.02 0.8726646259960069 0.18191153872137988 3.4999989269335114 -2.200001278830843
6.606096164115632 5.676870564741421E-5 -0.003540317852213093 0.02 0.8726646259970461 0.12986579744911353 3.4999996567379243 -2.2000004090838123
6.606096576424401 2.0615438423021715E-5 -0.0018076633612196247 0.02 0.8726646259971583 0.08663272454967341 3.4999999217648923 -2.200000093236972
6.606096683366415 5.347100717756348E-6 -7.634168852632683E-4 0.02 0.8726646259971642 0.05221232379781782 3.499999990505894 -2.200000011314636
6.606096697778408 7.205996688242067E-7 -2.3132505244660706E-4 0.02 0.8726646259971645 0.026604591640833064 3.4999999997697446 -2.2000000002744082
6.606096698136623 1.7910739558146815E-8 -3.513444646330299E-5 0.02 0.8726646259971644 0.009809530299165203 3.5 -2.2
6.606096698136623 0.0 -8.955369779073408E-7 0.02 0.8726646259971644 0.0017119454742697826 3.5 -2.2
