5.875113506465018E-10 2.937556753232509E-8 1.4687783766162545E-6 0.02 0.0 7.343891883081273E-5 5.875113507744131E-10 0.0
1.8800363220688058E-8 9.106425935020778E-7 4.406335129848763E-5 0.02 6.283185307179586 0.002129728646093569 1.8800363224580777E-8 -8.271806125530277E-25
1.427652582070999E-7 6.1982447493205925E-6 2.643801077909257E-4 0.02 6.2831853071795685 0.011015837824621903 1.4276525823663748E-7 -8.271806125530277E-22
6.016116230620179E-7 2.29423182427459E-5 8.372036746712653E-4 0.02 6.283185307179277 0.02864117834401698 6.016116231864658E-7 -6.199222382717411E-20
1.8359729707703185E-6 6.171806738541503E-5 0.0019387874571334565 0.02 6.283185307176707 0.05507918912310956 1.8359729711494687E-6 -1.762146167644165E-18
4.568488262627197E-6 1.366257645928439E-4 0.0037453848603714434 0.02 6.283185307161758 0.09032987016189935 4.568488263561527E-6 -2.7149311783631648E-17
9.874303270315758E-6 2.6529075038442805E-4 0.006433249289579207 0.02 6.2831853070963 0.13439322146038818 9.874303272249025E-6 -2.741324724999609E-16
1.925157193798457E-5 4.6886343338344065E-4 0.01017863414995063 0.02 6.2831853068629995 0.18726924301857117 1.9251571941154945E-5 -2.031600900692914E-15
3.469195774432528E-5 7.720192903170353E-4 0.01515779284667973 0.02 6.2831853061515375 0.24895793483645495 3.4691957746747426E-5 -1.1888400488113855E-14
5.875113506465019E-5 0.0012029588660162458 0.021546978784960525 0.02 6.283185304231212 0.3194592969140398 5.875113507352995E-5 -5.774059954667156E-14
9.461929053296976E-5 0.0017934077734159785 0.029522445369986636 0.02 6.28318529953242 0.39877332925130554 9.461929054698072E-5 -2.4119308574032175E-13
1.461916244040703E-4 0.002578616693555027 0.03926044600695242 0.02 6.283185288924947 0.4869000318482893 1.4619162442432263E-4 -8.895771624753759E-13
2.181388519155916E-4 0.0035973613755760653 0.05093723410105192 0.02 6.283185266537464 0.583839404704975 2.1813885194878855E-4 -2.9553012326818257E-12
3.1597770465010427E-4 0.004891942636725633 0.06472906305747839 0.02 6.283185221909087 0.6895914478213232 3.1597770468178645E-4 -8.981599738575562E-12
4.461410715330586E-4 0.006508168344147716 0.08081128537110417 0.02 6.2831851371995695 0.8041111156812892 4.461410715905815E-4 -2.5279975134724283E-11
6.160287406665392E-4 0.00849438345667403 0.09931075562631567 0.02 6.2831849831288284 0.9249735127605747 6.160287407618896E-4 -6.654741175975663E-11
8.339836499198928E-4 0.01089774546266768 0.12016810029968254 0.02 6.283184713336327 1.0428672336683438 8.339836499888188E-4 -1.651049504904599E-10
0.0011092244374463587 0.013762039376323292 0.14321469568278059 0.02 6.283184256846538 1.1523297691549022 0.0011092244375726715 -3.88413501936722E-10
0.0014517749408068995 0.01712752516802704 0.16827428958518745 0.02 6.283183508302662 1.2529796951203431 0.0014517749410275687 -8.707027338711315E-10
0.0018723936956081195 0.021030937740060998 0.19517062860169784 0.02 6.283182315655455 1.3448169508255197 0.001872393695856595 -1.8676047685347447E-9
0.002382503434140188 0.025505486926603427 0.22372745932712143 0.02 6.283180465028035 1.4278415362711794 0.002382503434543253 -3.846793377761115E-9
0.002994120584014768 0.03058085749372899 0.2537685283562782 0.02 6.283177662524103 1.5020534514578396 0.0029941205842485895 -7.63294349254151E-9
0.0037197847668029274 0.03628320913940798 0.2851175822839495 0.02 6.283173512806222 1.5674526963835644 0.0037197847671560516 -1.4631956753857756E-8
0.0045724882966730685 0.04263517649350705 0.3175983677049535 0.02 6.283167494341857 1.6240392710501983 0.0045724882972920065 -2.716739965153217E-8
0.0055656056790288535 0.04965586911778925 0.3510346312141099 0.02 6.283158931296251 1.6718131754578203 0.005565605679168684 -4.8971449011399326E-8
0.006712823109147118 0.05736087150591323 0.38525011940619897 0.02 6.283146962141751 1.7107744096044541 0.006712823108871225 -8.588322074213131E-8
0.008028067970815803 0.06576224308343422 0.42006857887604937 0.02 6.283130505151285 1.7409229734925202 0.008028067969651864 -1.4681895225271413E-7
0.009525438334971863 0.07486851820780303 0.4553137562184409 0.02 6.283108221047233 1.762258867119576 0.009525438330736354 -2.4509078390194325E-7
0.011219132458339203 0.08468470616836699 0.49080939802819756 0.02 6.283078473184175 1.7747820904878335 0.011219132447370363 -4.0016338604146814E-7
0.01312337828206661 0.09521229118637031 0.5263792509001664 0.02 6.283039285752698 1.7784926435984394 0.013123378255460411 -6.399498318244989E-7
0.015252362930365639 0.10644923241495147 0.5618470614290577 0.02 6.2829883005984755 1.7733905264445682 0.015252362873339136 -1.003759237579345E-6
0.017620162209148575 0.11838996393914682 0.5970365762097675 0.02 6.282922733355078 1.7594757390354876 0.017620162090081846 -1.5460179842502128E-6
0.020240670104666323 0.1310253947758874 0.6317715418370291 0.02 6.282839329685255 1.736748281363082 0.020240669864696793 -2.3408929356524832E-6
0.02312752828214635 0.1443429088740013 0.6658757049056954 0.02 6.282734322514422 1.705208153433313 0.023127527813498246 -3.487948025814036E-6
0.026294055584430612 0.1583263651142131 0.69917281201059 0.02 6.28260339121581 1.664855355244732 0.026294054693939486 -5.118963956003697E-6
0.029753177530613434 0.1729560973091411 0.7314866097463998 0.02 6.282441623769252 1.615689886790489 0.029753175878727466 -7.406043545522822E-6
0.03351735581467954 0.18820891420330518 0.7626408447082039 0.02 6.282243482960914 1.557711748090207 0.03351735282814197 -1.0571111622571447E-5
0.037598517804141834 0.20405809947311482 0.7924592634904817 0.02 6.282002777721998 1.4909209391138878 0.03759851251650087 -1.4896897329731706E-5
0.042007986038679404 0.22047341172687848 0.8207656126881832 0.02 6.281712640708861 1.4153174598850737 0.04200797686537212 -2.0739457807440048E-5
0.04675640772877544 0.23742108450480193 0.8473836388961722 0.02 6.281365513222254 1.3309013103994516 0.04675639211872612 -2.8542264612557017E-5
0.05185368425435513 0.2548638262789844 0.872137088709124 0.02 6.280953138528889 1.23767249064759 0.051853658186090265 -3.885182791758465E-5
0.0573089006634236 0.27276082045342326 0.8948497087219426 0.02 6.280466564606962 1.1356310006409298 0.05730885787992897 -5.2334778041694674E-5
0.0631302551786804 0.2910677257628402 0.915345265470846 0.02 6.279896157260116 1.0247778374451733 0.06313018612522077 -6.97962600393412E-5
0.0693249942946908 0.30973695580052 0.933461501883992 0.02 6.279231623851985 0.9058118206572985 0.06932488461811083 -9.219944645287234E-5
0.07589940173269191 0.3287203719000556 0.9491708049767789 0.02 6.278462042157673 0.7854651546393421 0.0758992301815132 -1.2068612948600704E-4
0.08285885594680137 0.3479727107054728 0.9626169402708606 0.02 6.277575889037925 0.6723067647040892 0.08285859150813613 -1.5659843970954393E-4
0.09020790050730407 0.36745222802513494 0.9739758659831066 0.02 6.276561071626247 0.5679462856122974 0.09020749857565202 -2.0150149785735927E-4
0.0979503146020145 0.38712070473552185 0.9834238355193453 0.02 6.2754049612054725 0.47239847681193603 0.09794971184198652 -2.572068427711613E-4
0.10608918353763871 0.4069434467812105 0.991137102284434 0.02 6.27409442884254 0.3856633382544328 0.10608829117214988 -3.2579651500477813E-4
0.11462696924113638 0.42688928517488345 0.997291919683646 0.02 6.272615881883252 0.30774086996060435 0.11462566433223836 -4.096476889322506E-4
0.1235655807610829 0.4469305759973258 1.0020645411221163 0.02 6.270955300437258 0.23863107192351185 0.12356369500288666 -5.114577671436471E-4
0.13290644476903143 0.46704320039742675 1.0056312200050488 0.02 6.269098273045397 0.17833394414662473 0.1329037502774324 -6.342698775579289E-4
0.14265057606087506 0.4872065645921811 1.008168209737717 0.02 6.267030030833518 0.1268494866334069 0.14264676748293761 -7.814987435990003E-4
0.15279864805820884 0.5074035998666889 1.0098517637253916 0.02 6.264735479533551 0.0841776993837362 0.15279332033275822 -9.569569352459659E-4
0.16335106330969176 0.5276207625741464 1.0108581353728718 0.02 6.262199228949953 0.050318582374009324 0.16334368408075323 -0.0011648815422533806
0.17430802399240902 0.5478480341358629 1.0113635780858277 0.02 6.2594056194575485 0.025272135647791405 0.17429789994788183 -0.0014099613615047787
0.18566960241311867 0.5680789210354822 1.0115443449809636 0.02 6.2563387454574 0.009038344756795436 0.18565583824889142 -0.0016973647182590285
0.1974358090644475 0.5883103325664413 1.0115705765479543 0.02 6.252982476428057 0.0013115783495387667 0.19741725795788057 -0.002032768022033768
0.20960662037342717 0.6085405654489839 1.0115116441271332 0.02 6.249320487725312 -0.002946621041055586 0.20958182461140715 -0.002422383920957824
0.22218193063564723 0.6287655131110028 1.0112473831009439 0.02 6.245336317596333 -0.013213051309468593 0.22214905087987477 -0.0028729868173236056
0.23516148201146073 0.6489775687906748 1.0106027839835996 0.02 6.241013441482485 -0.032229955867213445 0.23511821367253183 -0.003391935704888549
0.24854479402462232 0.6691656006580795 1.009401593370235 0.02 6.2363353598668905 -0.060059530668232775 0.2484882690712547 -0.0039871940195374544
0.2623310930609258 0.6893149518151731 1.00746755785468 0.02 6.231285701093365 -0.09670177577775219 0.2622577654637761 -0.00466734566073225
0.2765192418668424 0.7094074402958311 1.0046244240329016 0.02 6.225848340664951 -0.1421566910889127 0.27642475495145763 -0.005441606228307763
0.29110766904815844 0.7294213590658016 1.0006959384985248 0.02 6.220007538582028 -0.19642427671884288 0.2909867029156231 -0.006319828398133512
0.3060942985686135 0.7493314760227521 0.995505847847522 0.02 6.213748096123428 -0.2595045325501366 0.3059403958932763 -0.0073125002584991244
0.32147647924853795 0.7691090339962237 0.9888778986735791 0.02 6.207055533348234 -0.3313974586971469 0.32128184788840336 -0.00843073531852516
0.3372509142634913 0.7887217507476674 0.9806358375721858 0.02 6.199916288314923 -0.41210305506966805 0.33700620540301984 -0.009686252806549611
0.35341359064289996 0.8081338189704329 0.9706034111382766 0.02 6.192317938749112 -0.5016213216954557 0.35310765135168015 -0.011091346774830618
0.3699597087686951 0.8273059062897575 0.9586043659662313 0.02 6.184249446117461 -0.5999522586022654 0.36957930873536476 -0.012658842511786353
0.3868836118739504 0.8461951552627633 0.9444624486502906 0.02 6.175701421757224 -0.7070958657970361 0.3864131442857204 -0.014402038669831724
0.4041787164382678 0.8647552282158716 0.9280036476554121 0.02 6.166666413012621 -0.8229400497439254 0.40359987415137033 -0.01633463369806354
0.42183747011064765 0.8829376836189923 0.9091227701560345 0.02 6.157139192325983 -0.9440438749688806 0.42112889882053595 -0.018470638487814994
0.4398513869889241 0.9006958439138235 0.8879080147415619 0.02 6.147117014165592 -1.0607377707236298 0.4389883177349506 -0.02082428257843097
0.45821111660267444 0.917986480687516 0.8645318386846235 0.02 6.136599851452407 -1.1688088028469212 0.45716498087713436 -0.023409912326913057
0.4769065144145803 0.9347698905952939 0.8391704953888968 0.02 6.125590621483412 -1.268067164786335 0.4756445462355038 -0.02624187873726541
0.4959267123217903 0.9510098953604995 0.8120002382602798 0.02 6.11409539588948 -1.358512856430849 0.4944115427947838 -0.02933441566205952
0.5152601891572817 0.9666738417745679 0.7831973207034215 0.02 6.102123587548452 -1.4401458778429133 0.5134494402644241 -0.03270150959838952
0.5348948411912227 0.9817326016970496 0.7529379961240812 0.02 6.089688106953223 -1.5129662289670165 0.5327407263231184 -0.036356762604370596
0.5548180526323343 0.9961605720555822 0.7213985179266302 0.02 6.076805479893994 -1.5769739098725477 0.552266992449484 -0.040313250297141945
0.5750167661292526 1.0099356748459132 0.6887551395165503 0.02 6.063495918175093 -1.6321689205039958 0.5720090293138103 -0.04458337729580092
0.5954775532718909 1.0230393571319163 0.6551841143001558 0.02 6.049783335827585 -1.6785512608197273 0.5919469318757209 -0.04917873270390147
0.6161866850928012 1.0354565910455138 0.6208616956798751 0.02 6.035695303520434 -1.7161209310140313 0.6120602149377335 -0.05410994871323235
0.6371302025685371 1.0471758737867987 0.5859641370642432 0.02 6.021262935811731 -1.7448779307815965 0.6323279386769217 -0.0593865654695824
0.6582939871210159 1.0581892276239402 0.5506676918570763 0.02 6.006520707359481 -1.7648222603583452 0.6527288438981637 -0.06501690561450699
0.6796638311188801 1.0684921998932062 0.515148613463301 0.02 5.991506196783339 -1.7759539196887664 0.6732414960320195 -0.07100796188551514
0.7012255083788586 1.0780838629989242 0.4795831552859009 0.02 5.97625975957491 -1.7782729088700044 0.6938444365575078 -0.07736530107467929
0.7229648446671311 1.0869668144136257 0.44414757073507616 0.02 5.960824134498178 -1.771779227541237 0.7145163400734427 -0.08409298738953025
0.7448677882006884 1.0951471766778687 0.4090181132121451 0.02 5.945243990978682 -1.7564728761465531 0.7352361748962749 -0.09119352787688109
0.7669204801486955 1.1026345974003537 0.3743710361242547 0.02 5.929565427908597 -1.7323538543945194 0.7559833647521625 -0.09866784204185619
0.7891093251338527 1.1094422492578582 0.3403825928752213 0.02 5.913835436824058 -1.6994221624516692 0.7767379489470562 -0.10651525715984902
0.8114210617337582 1.1155868299952743 0.30722903687080416 0.02 5.898101344380761 -1.657677800220858 0.7974807382982191 -0.1147335300479708
0.8338428329822701 1.1210885624255984 0.27508662151620733 0.02 5.882410250237201 -1.6071207677298416 0.8181934641857721 -0.12331889530051665
0.856362256870869 1.1259711944299422 0.24413160021719005 0.02 5.866808476821542 -1.5477510649508641 0.8388589182360027 -0.13226613920704589
0.8789674968500191 1.1302619989575047 0.21454022637812376 0.02 5.8513410468980105 -1.4795686919533146 0.8594610804749744 -0.14156869784357734
0.9016473323305304 1.1339917740255667 0.18648875340310234 0.02 5.836051203482242 -1.402573648751071 0.8799852341766403 -0.15121877716056253
0.9243912291849224 1.1371948427196021 0.1601534347017708 0.02 5.820979984550168 -1.3167659350665772 0.9004180661156347 -0.16120749234452378
0.9471894102487842 1.1399090531930889 0.13571052367433722 0.02 5.806165862312017 -1.2221455513716784 0.9207477515001007 -0.1715250233369548
0.9700329258221371 1.1421757786676423 0.11333627372767108 0.02 5.791644453883317 -1.1187124973333074 0.9409640233520412 -0.18216078310950215
0.9929137241233345 1.144039915059869 0.09320681961133559 0.02 5.7774483071447245 -1.0064727058167744 0.9610582265601345 -0.19310359514298014
1.0158247122936856 1.14554940851756 0.07547467288454568 0.02 5.763606768017807 -0.8866073363394955 0.9810233494015822 -0.2043418720528275
1.0387597541739937 1.146752094015402 0.06013427489209855 0.02 5.7501459572918865 -0.7670198996223565 1.000853987633499 -0.21586376382444827
1.0617136078297271 1.1476926827866718 0.04702943856349506 0.02 5.7370888425918265 -0.6552418164301743 1.0205462484789187 -0.2276572694348881
1.0846818550776758 1.148412362397433 0.03598398053805685 0.02 5.7244553623689 -0.5522729012719108 1.0400976429914648 -0.2397103328395497
1.1076608309845866 1.148948795345539 0.026821647405306237 0.02 5.712262587914279 -0.45811665663753054 1.0595069756929105 -0.2520109261446194
1.130647553365803 1.1493361190608176 0.019366185763924904 0.02 5.700524914733352 -0.3727730820690667 1.0787742328673406 -0.26454711936389336
1.1536396522839023 1.1496049459049695 0.013441342207598517 0.02 5.689254274925331 -0.29624217781631934 1.0979004707958704 -0.2773071365525739
1.1766352995473341 1.149782363171592 0.008870863331122969 0.02 5.6784603626560175 -0.2285239438237774 1.116887705339728 -0.2902793986350818
1.1996331382090575 1.1498919330861668 0.005478495728739041 0.02 5.668150866004041 -0.1696183801191964 1.135738803444832 -0.30345255309011543
1.2226322120651796 1.149953692806105 0.0030879859969079604 0.02 5.65833169886244 -0.11952548659155404 1.1544573778088243 -0.31681549144517446
1.245631895153593 1.149984154420669 0.0015230807282051728 0.02 5.6490072280372114 -0.07824526343513938 1.17304768489302 -0.3303573551165495
1.2686318212526142 1.149996304951062 6.07526519647017E-4 0.02 5.640180491272975 -0.04577771042790779 1.1915145268761416 -0.3440675306482509
1.291631813379621 1.1499996063503382 1.6506996380893924E-4 0.02 5.631853402968109 -0.022122827791903887 1.2098631577229857 -0.35793563530880834
1.3146318132915367 1.1499999955957851 1.9462272349279885E-5 0.02 5.6240269451125755 -0.0072803845729829675 1.2280991934355654 -0.3719514940765897
1.3376318132915368 1.1500000000000066 2.2021107159986286E-7 0.02 5.616701340992131 -9.621030638840011E-4 1.2462285281791021 -0.38610511044098506
1.3606318132915363 1.1499999999999733 -1.6653345369377348E-12 0.02 5.609876204260314 -1.101063684671999E-5 1.2642572739814026 -0.4003866464545742
1.3836318132915362 1.1499999999999955 1.1102230246251565E-12 0.02 5.603550663807457 1.3877787807814457E-10 1.282191730997781 -0.414786420328629
1.406631813291536 1.1499999999999955 0.0 0.02 5.597723476289337 -5.551115123125783E-11 1.3000383653882512 -0.4292949055710935
1.4296318132915362 1.1500000000000066 5.551115123125783E-13 0.02 5.592393128857507 2.7755575615628914E-11 1.3178037890847016 -0.44390272772644956
1.4526318132915363 1.1500000000000066 0.0 0.02 5.587557932196038 -2.7755575615628914E-11 1.3354947412447695 -0.458600658901607
1.4756318132915363 1.1499999999999955 -5.551115123125783E-13 0.02 5.583216104037137 -2.7755575615628914E-11 1.3531180713175237 -0.47337961035951714
1.4986318132915362 1.1499999999999955 0.0 0.02 5.579365843423078 2.7755575615628914E-11 1.3706807236364995 -0.4882306234505167
1.5216318132915363 1.1500000000000066 5.551115123125783E-13 0.02 5.576005396041687 2.7755575615628914E-11 1.3881897234734648 -0.5031448591597292
1.5446318132915362 1.1499999999999955 -5.551115123125783E-13 0.02 5.573133111028636 -5.551115123125783E-11 1.4056521643316073 -0.518113586407364
1.5676318132915363 1.1500000000000066 5.551115123125783E-13 0.02 5.570747489596291 5.551115123125783E-11 1.4230751964302617 -0.5331281693724171
1.5906318132915362 1.1499999999999955 -5.551115123125783E-13 0.02 5.568847225873162 -5.551115123125783E-11 1.440466016166134 -0.5481800539563267
1.6136318132915364 1.1500000000000066 5.551115123125783E-13 0.02 5.567431240285738 5.551115123125783E-11 1.4578318564744048 -0.5632607536089065
1.6366318132915365 1.1500000000000066 0.0 0.02 5.5664987057971995 -2.7755575615628914E-11 1.475179977842536 -0.5783618345806062
1.6596318132915366 1.1500000000000066 0.0 0.02 5.566049067244163 0.0 1.4925176599200205 -0.593474900819657
1.6826318132915363 1.1499999999999844 -1.1102230246251565E-12 0.02 5.56608205397381 -5.551115123125783E-11 1.5098521934817797 -0.608591578563941
1.7056318132915365 1.1500000000000066 1.1102230246251565E-12 0.02 5.566597685907617 1.1102230246251565E-10 1.5271908726375132 -0.6237035007881837
1.7286318132915366 1.1500000000000066 0.0 0.02 5.567596273097056 -5.551115123125783E-11 1.5445409871035 -0.6388022915976954
1.7516318132915367 1.1500000000000066 0.0 0.02 5.56907840876676 0.0 1.5619098143912007 -0.653879550691688
1.7746318132915364 1.1499999999999844 -1.1102230246251565E-12 0.02 5.571044955770376 -5.551115123125783E-11 1.579304611727986 -0.6689268379867048
1.7976318132915365 1.1500000000000066 1.1102230246251565E-12 0.02 5.573497026323534 1.1102230246251565E-10 1.5967326075978605 -0.6839356585575856
1.8206318132915367 1.1500000000000066 0.0 0.02 5.576435954804145 -5.551115123125783E-11 1.614200992671877 -0.6988974479572281
1.8436318132915368 1.1500000000000066 0.0 0.02 5.579863263369216 0.0 1.6317169100523132 -0.7138035581184186
1.866631813291537 1.1500000000000066 0.0 0.02 5.583780620076593 0.0 1.6492874446338117 -0.7286452439462336
1.8896318132915366 1.1499999999999844 -1.1102230246251565E-12 0.02 5.588189789148494 -5.551115123125783E-11 1.6669196113754232 -0.7434136507151979
1.9126318132915368 1.1500000000000066 1.1102230246251565E-12 0.02 5.593092573046906 1.1102230246251565E-10 1.6846203425256248 -0.7580998026066837
1.9356318132915364 1.1499999999999844 -1.1102230246251565E-12 0.02 5.598490745909338 -1.1102230246251565E-10 1.7023964733657726 -0.7726945923337118
1.9586318132915361 1.1499999999999844 0.0 0.02 5.604385978073008 5.551115123125783E-11 1.7202547267194706 -0.7871887723836266
1.9816318132915363 1.1500000000000066 1.1102230246251565E-12 0.02 5.610779751243529 5.551115123125783E-11 1.7382016957064623 -0.8015729477802911
2.004631813291536 1.1499999999999955 -5.551115123125783E-13 0.02 5.617673264162369 -8.326672684688674E-11 1.7562438250382029 -0.8158375709513034
2.0276318132915367 1.1500000000000288 1.6653345369377348E-12 0.02 5.62506732851951 1.1102230246251565E-10 1.7743873904807095 -0.8299729387383774
2.0506318130725267 1.1499999890494994 -5.475264686083392E-7 0.02 5.632962255089044 -2.7376406697143807E-5 1.792638476477804 -0.8439691918953859
2.0736318015305235 1.149999422899839 -2.8307483024292424E-5 0.02 5.641357726306579 -0.0013879978277842042 1.8110029435355828 -0.8578163111378507
2.0966317083485544 1.149995340901544 -2.0409991474679146E-4 0.02 5.650252643393181 -0.008789621586124952 1.8294863633148344 -0.8715040947014088
2.119631334833727 1.149981324258631 -7.008321456503097E-4 0.02 5.6596449500002874 -0.024836611545175913 1.8480939334101127 -0.8850221294914237
2.142630283415979 1.1499474291126077 -0.0016947573011627526 0.02 5.669531439138556 -0.049696257775622144 1.8668303870419996 -0.898359769192655
2.165627887146713 1.1498801865367003 -0.003362128795370012 0.02 5.679907545595123 -0.08336857471036296 1.885699898515187 -0.9115061210953361
2.1886231391974373 1.1497626025362084 -0.005879200024594411 0.02 5.690767126493757 -0.12585356146121995 1.9047059846878571 -0.9244500427767083
2.2116146223584012 1.1495741580481944 -0.009422224400701396 0.02 5.7021022332564 -0.17715121880534923 1.9238514024636997 -0.9371801494563958
2.2346004385372336 1.1492908089416165 -0.014167455328895073 0.02 5.713902879361554 -0.2372615464096839 1.9431380429455132 -0.9496848330853277
2.257578138257583 1.1488849860174621 -0.020291146207718214 0.02 5.726156809050202 -0.306184543941157 1.9625668227256485 -0.9619522938593392
2.2805446501577524 1.1483255950084814 -0.027969550449036262 0.02 5.738849273141529 -0.38392021206590243 1.9821375731058222 -0.9739705847701347
2.303496210489339 1.1475780165793203 -0.03737892145805333 0.02 5.751962819129455 -0.47046855045085323 2.0018489283923495 -0.9857276696778423
2.326428292615872 1.146604106326654 -0.04869551263331218 0.02 5.765477103233496 -0.5658295587629425 2.0216982141632927 -0.9972114948409906
2.3493355365114503 1.1453621947789205 -0.06209557738667826 0.02 5.779368733131501 -0.670003237668304 2.0416813372909 -1.0084100739438508
2.3722116783589264 1.1438070923738053 -0.07775512025576248 0.02 5.793611149877321 -0.782977143454211 2.0617926788370795 -1.0193115857867798
2.3950494922764825 1.1418906958778008 -0.0958198248002251 0.02 5.808174565700267 -0.9032352272231314 2.082025002487939 -1.0299044893241
2.417840799599899 1.139565366170836 -0.11626648534823758 0.02 5.82302600330264 -1.0223330274006237 2.1023694301545133 -1.040177677919699
2.440576533347823 1.1367866873961852 -0.1389339387325439 0.02 5.838129440918689 -1.1333726692153157 2.122815478370163 -1.0501206590939451
2.4632468087125785 1.1335137682377816 -0.16364595792017766 0.02 5.853446036849061 -1.2356009593816886 2.1433511144131008 -1.0597237309590604
2.48584099356153 1.129709242447574 -0.19022628951037568 0.02 5.868934428859902 -1.3290165795099007 2.1639628278337497 -1.0689781489698797
2.508347778938443 1.1253392688456598 -0.21849868009571338 0.02 5.884551104195672 -1.4136195292668852 2.1846357174919486 -1.0778762794224142
2.530755249564847 1.1203735313201957 -0.2482868762732071 0.02 5.9002508329963135 -1.4894098088746865 2.2053535938536086 -1.0864117363545946
2.5530509543413995 1.1147852388276203 -0.279414624628771 0.02 5.91598715497218 -1.5563874177781933 2.226099095762447 -1.0945794987842525
2.5752219768492433 1.1085511253921876 -0.3117056717716338 0.02 5.931712906527579 -1.6145523571431397 2.2468538202738113 -1.1023760056056802
2.597255005851373 1.1016514501064778 -0.34498376428548916 0.02 5.947380773581985 -1.6639046256927692 2.2675984637582793 -1.1097992260715732
2.619136405793995 1.0940699971311085 -0.3790726487684637 0.02 5.962943854027331 -1.7044442241487268 2.288312972038731 -1.1168487044370747
2.64085228730789 1.085794075694757 -0.4137960718175737 0.02 5.97835621336965 -1.7361711524555012 2.3089766970796917 -1.123525578103044
2.6623885777097756 1.0768145200942714 -0.44897778002428446 0.02 5.993573417492398 -1.759085410335537 2.329568557481056 -1.1298325693390565
2.6837310915036667 1.0671256896945591 -0.48444151998561225 0.02 6.008553027968077 -1.7731869980663895 2.350067200232742 -1.1357739515107244
2.7048656008822403 1.0567254689286765 -0.5200110382941325 0.02 6.0232550471251765 -1.7784759154260144 2.370451160928837 -1.1413554913354358
2.725777906228195 1.0456152672977392 -0.5555100815468617 0.02 6.037642302933806 -1.7749521626364562 2.3906990201897105 -1.1465843694256523
2.7464539066156144 1.0338000193709673 -0.5907623963385955 0.02 6.051680766592084 -1.7626157395866926 2.4107895541700404 -1.1514690818258229
2.766879670311328 1.0212881847856847 -0.62559172926413 0.02 6.065339798775637 -1.7414666462767237 2.430701877407048 -1.1560193256238258
2.7870415052762763 1.0080917482474083 -0.6598218269138201 0.02 6.07859232360972 -1.7115048824845047 2.4504155768352134 -1.1602458719799063
2.806926029666869 0.9942262195296481 -0.6932764358880128 0.02 6.091414931958877 -1.6727304487096362 2.4699108359598076 -1.1641604299357422
2.8265202423363496 0.979710633474018 -0.725779302781504 0.02 6.103787918160215 -1.6251433446745622 2.489168548918165 -1.1677755043938671
2.8458115933361556 0.9645675499903028 -0.757154174185759 0.02 6.115695255993354 -1.5687435702127495 2.5081704243333625 -1.171104251446197
2.864788054417283 0.9488230540563691 -0.7872247966966839 0.02 6.127124520989769 -1.5035311255462425 2.5268990792357178 -1.1741603339923843
2.8834381895316468 0.9325067557181876 -0.8158149169090745 0.02 6.138066767040497 -1.42950601061953 2.5453381237657347 -1.176957780299381
2.9017512253334425 0.9156517900897887 -0.8427482814199472 0.02 6.148516365377145 -1.3466682255436346 2.5634722373279493 -1.1795108477497478
2.9197171216805096 0.8982948173533511 -0.8678486368218774 0.02 6.158470814043898 -1.2550177700965115 2.581287237294276 -1.1818338936959902
2.9373266421356936 0.8804760227592023 -0.8909397297074406 0.02 6.1679305253437455 -1.1545546442781607 2.5987701411397617 -1.183941254912288
2.954571424467921 0.862239116611363 -0.9118453073919675 0.02 6.176898598286977 -1.0452788842263416 2.615909223335131 -1.1858471368265422
2.971444048358892 0.8436311945485553 -0.9303961031403851 0.02 6.1853805806079025 -0.9275397874208835 2.632694065103111 -1.1875655130429894
2.9879380607804578 0.8247006210782892 -0.9465286735133027 0.02 6.193384207052254 -0.8066285186458799 2.6491155587676816 -1.1891100322801478
3.004047926305171 0.8054932762356692 -0.9603672421309994 0.02 6.2009191082988036 -0.6919284308848361 2.6651658347645544 -1.1904939324540096
3.0197689570163284 0.7860515355578634 -0.9720870338902898 0.02 6.207996527264427 -0.5859895879645194 2.68083816667099 -1.191729969307008
3.035097242006615 0.7664142495143356 -0.981864302176394 0.02 6.214629055953714 -0.4888634143052073 2.696126874870681 -1.1928303605846926
3.050029576876737 0.74661674350609 -0.9898753004122796 0.02 6.220830394369378 -0.400549911794279 2.711027230085903 -1.1938067442636437
3.064563393234062 0.726690817866249 -0.9962962819920484 0.02 6.2266151319622605 -0.3210490789884446 2.725535357473675 -1.194670149281186
3.078696688191255 0.7066647478596533 -1.0013035003297865 0.02 6.231998551469848 -0.25036091688690476 2.7396481419197944 -1.195430977251987
3.092427953864921 0.6865632836833058 -1.0050732088173753 0.02 6.236996454250036 -0.1884854243794365 2.7533631343937746 -1.1960989936849984
3.105756106874236 0.6664076504657501 -1.0077816608777823 0.02 6.241625006271288 -0.13542260302035203 2.7666784601310983 -1.1966833273610757
3.1186804178395917 0.6462155482677812 -1.0096051098984482 0.02 6.245900603331955 -0.09117245103329452 2.779592728464717 -1.1971924765774642
3.131200440881228 0.6260011520818232 -1.0107198092978997 0.02 6.249839754082655 -0.05573496997257621 2.7921049444034836 -1.1976343210965936
3.1433159431178757 0.605775111832374 -1.0113020124724592 0.02 6.253458979366717 -0.029110158727974067 2.8042144220768668 -1.1980161387478416
3.1550268341653886 0.5855445523756497 -1.0115279728362125 0.02 6.256774726284566 -0.011298018187666514 2.815920699865974 -1.198344625731344
3.1663330966910475 0.5653131262829403 -1.0115713046354724 0.02 6.25980329575555 -0.002166589962993015 2.827223458300764 -1.1986259198149565
3.177234746283878 0.5450824796415343 -1.0115323320702974 0.02 6.262560788882869 0.0019486282587521941 2.838122468778899 -1.1988656262497916
3.18773186884482 0.5248561280470909 -1.0113175797221707 0.02 6.265063078907344 0.010737617406331168 2.848617621293219 -1.199068846136294
3.197824689783132 0.5046410469156104 -1.0107540565740258 0.02 6.2673257900699975 0.028176157407244773 2.858708985286849 -1.199240204893027
3.2075136445177574 0.48444773673126384 -1.009665509217328 0.02 6.269364273749439 0.05442736783489721 2.8683968730237446 -1.1993838799832388
3.2167994489786857 0.4642902230464152 -1.007875684242432 0.02 6.271193581523879 0.08949124874479963 2.877681904030975 -1.199503628023785
3.2256831701083155 0.4441860564814881 -1.0052083282463542 0.02 6.272828435352295 0.13336779980388513 2.8865650704862147 -1.1996028113979609
3.234166296362814 0.4241563127249215 -1.0014871878283316 0.02 6.274283195216441 0.1860570209011314 2.8950478033959253 -1.1996844244517022
3.242250808213481 0.4042255925333471 -0.996536009578719 0.02 6.2755718247337535 0.24755891248062767 2.903132039577185 -1.199751119313945
3.249939248648111 0.38442202173150086 -0.9901785400923124 0.02 6.276707855324747 0.3178734743203293 2.91082028917853 -1.19980523134058
3.2572347936723562 0.3647772512122671 -0.9822385259616873 0.02 6.277704349680901 0.39700070653125863 2.918115703777967 -1.1998488041500281
3.2641413228110854 0.3453264569364567 -0.9725397137905212 0.02 6.278573865339903 0.4849406085583041 2.9250221449776825 -1.1998836141862073
3.2706634896097486 0.32610833993316213 -0.9609058501647283 0.02 6.279328419228012 0.5816931812896442 2.9315442533062845 -1.1999111947187486
3.27680679213574 0.30716512629958004 -0.9471606816791045 0.02 6.279979454105722 0.6872584242811897 2.9376875175215904 -1.1999328591726177
3.2825776431652396 0.28854255147496843 -0.9311287412305802 0.02 6.280537807798325 0.8015970224262148 2.943458343835011 -1.1999497236631942
3.2879834219429127 0.270288938883656 -0.9126806295656209 0.02 6.281013684623324 0.922405583247965 2.9488641069211488 -1.1999627285699999
3.2930324520818464 0.2524515069466826 -0.8918715968486701 0.02 6.28141662669494 1.040451635847539 2.953913127259102 -1.1999726589736246
3.2977339343895165 0.23507411538350453 -0.868869578158904 0.02 6.28175549151696 1.1501009344883073 2.958614603554405 -1.199980164024997
3.3020978763672058 0.21819709888446503 -0.8438508249519749 0.02 6.282038440336325 1.2509376603464517 2.9629785419144845 -1.1999857751714638
3.306135021708649 0.20185726707215856 -0.8169915906153236 0.02 6.282272936745131 1.3429617168325692 2.9670156851154017 -1.1999899230461564
3.309856779798664 0.18608790450076462 -0.7884681285696971 0.02 6.282465754569886 1.426173102281325 2.9707374419668855 -1.1999929528853603
3.313275155211794 0.17091877065649186 -0.7584566922136382 0.02 6.282622994018067 1.5005718178029426 2.9741558166763578 -1.1999951384016225
3.316402677210941 0.15637609995735602 -0.727133534956792 0.02 6.282750105016692 1.56615786284231 2.977283338287474 -1.1999966940945466
3.31925232924601 0.1424826017534464 -0.6946749101954808 0.02 6.2828519166414 1.6229312380655614 2.980132990113062 -1.1999977860262097
3.3218374784525415 0.1292574603265706 -0.6612570713437904 0.02 6.282932671533385 1.6708919425845181 2.982718139207749 -1.1999985411246816
3.324171805150352 0.11671633489052091 -0.6270562718024841 0.02 6.2829960642094544 1.710039977065314 2.985052465848879 -1.1999990551068083
3.3262692323421708 0.10487135959094118 -0.5922487649789865 0.02 6.28304528220249 1.7403753411748824 2.9871498930129077 -1.199999399131458
3.328143855212279 0.09373114350541556 -0.5570108042762811 0.02 6.283083049018829 1.7618980351352675 2.9890245158693345 -1.1999996253070693
3.329809870625147 0.08330077064340191 -0.5215186431006824 0.02 6.283111667962004 1.7746080587799362 2.9906905312759933 -1.1999997711838533
3.331281506624072 0.07358179994625402 -0.4859485348573944 0.02 6.283133065951026 1.7785054121643995 2.9921621672724896 -1.1999998633617834
3.3325729519298166 0.0645722652872216 -0.4504767329516213 0.02 6.283148836550861 1.7735900952886574 2.9934536125773428 -1.1999999203421297
3.3336982854392456 0.056266675471450256 -0.4152794907885671 0.02 6.283160281530832 1.75986210815271 2.994578946086205 -1.1999999547432154
3.334671405723965 0.04865601423595933 -0.38053306177454616 0.02 6.283168450371029 1.737321450701046 2.9955520663708852 -1.1999999749914625
3.33550596052896 0.0417277402497529 -0.34641369931032173 0.02 6.283174177244467 1.7059681232112212 2.9963866211759265 -1.1999999865875146
3.336215276271231 0.035465787113553304 -0.3130976568099797 0.02 6.28317811511131 1.6658021250171018 2.997095936918127 -1.1999999930350325
3.336812287538436 0.029850563360245275 -0.2807611876654015 0.02 6.2831807666682735 1.6168234572289109 2.9976929481854615 -1.1999999965071166
3.3373094665875236 0.024858952454387406 -0.24958054529289342 0.02 6.283182511999357 1.559032118625403 2.998190127234772 -1.1999999983132583
3.3377187528433714 0.020464312792389805 -0.21973198309988007 0.02 6.2831836328710855 1.4924281096506675 2.998599413490545 -1.1999999992181714
3.3380514823974288 0.016636477702869357 -0.1913917544760224 0.02 6.283184333704951 1.4170114311928828 2.9989321430446383 -1.199999999653438
3.3383183175063484 0.013341755445983594 -0.16473611284428813 0.02 6.283184759339639 1.3327820815867142 2.999198978153665 -1.1999999998537068
3.3385291760906304 0.01054292921409683 -0.1399413115943382 0.02 6.283185009765262 1.2397400624974964 2.999409836737957 -1.1999999999414876
3.3386931612332527 0.008199257131114024 -0.11718360414914031 0.02 6.283185152069252 1.1378853722598947 2.9995738218805665 -1.1999999999779654
3.3388184906842486 0.006266472549798507 -0.09663922906577582 0.02 6.283185229878448 1.0272187541682243 2.999699151331578 -1.1999999999922468
3.3389124315447285 0.00469704302399343 -0.07847147629025386 0.02 6.283185270614473 0.9083876387760981 2.999793092192086 -1.1999999999974802
3.338981287469033 0.00344279621522503 -0.06271234043842 0.02 6.283185290901065 0.787956792591693 2.999861948116398 -1.199999999999253
3.339030455371174 0.002458395107041156 -0.04922005540919372 0.02 6.283185300431361 0.674614251461314 2.999911116018535 -1.1999999999998006
3.3390644957869258 0.0017020207875972915 -0.03781871597219322 0.02 6.283185304610361 0.5700669718500251 2.999945156434293 -1.199999999999954
3.3390872033751924 0.0011353794133306394 -0.028332068713332603 0.02 6.283185306297443 0.4743323629430307 2.9999678640225667 -1.1999999999999904
3.3391016774193645 7.237022086048484E-4 -0.020583860236289553 0.02 6.283185306913124 0.3874104238521525 2.999982338066737 -1.2000000000000017
3.3391103923286867 4.357454661096938E-4 -0.014397837124757729 0.02 6.283185307111207 0.3093011555765912 2.999991052976063 -1.1999999999999968
3.339115268139615 2.4379054641698872E-4 -0.009597745984635253 0.02 6.283185307165428 0.24000455700612378 2.999995928786991 -1.200000000000002
3.3391177410171817 1.236438783358551E-4 -0.006007333404056681 0.02 6.283185307177404 0.17952062902892862 2.9999984016645573 -1.2000000000000017
3.339118833756358 5.463695882390596E-5 -0.0034503459755974575 0.02 6.283185307179369 0.12784937142296116 2.999999494403735 -1.2000000000000015
3.3391192262834135 1.962635276520075E-5 -0.0017505303029352604 0.02 6.283185307179574 0.08499078363310986 2.9999998869307904 -1.2000000000000017
3.339119326157279 4.9936932811078805E-6 -7.316329742046435E-4 0.02 0.0 0.050944866436530845 2.999999986804656 -1.2000000000000017
3.339119339070911 6.456815970778962E-7 -2.1740058420149921E-4 0.02 0.0 0.025711619500157212 2.9999999997182885 -1.2000000000000002
3.3391193393526226 1.4085577149103301E-8 -3.1579800996439644E-5 0.02 0.0 0.009291039160252978 3.0 -1.2000000000000002
3.3391193393526226 0.0 -7.04278857455165E-7 0.02 0.0 0.001543776106949224 3.0 -1.2000000000000002
