5.875113506465018E-10 2.937556753232509E-8 1.4687783766162545E-6 0.02 0.0 7.343891883081273E-5 5.87511350976758E-10 0.0
1.8800363220688058E-8 9.106425935020778E-7 4.406335129848763E-5 0.02 2.220446049250313E-16 0.002129728646093569 1.8800363231127144E-8 1.6543612251060553E-24
1.427652582070999E-7 6.1982447493205925E-6 2.643801077909257E-4 0.02 1.2989609388114332E-14 0.011015837824621903 1.4276525828637533E-7 6.352747104407253E-22
6.016116230620179E-7 2.29423182427459E-5 8.372036746712653E-4 0.02 2.310374114244951E-13 0.02864117834401698 6.016116233960492E-7 4.6375053862172944E-20
1.8359729707703185E-6 6.171806738541503E-5 0.0019387874571334565 0.02 2.151945288630941E-12 0.05507918912310956 1.8359729717887789E-6 1.3170303538620302E-18
4.568488262627197E-6 1.366257645928439E-4 0.0037453848603714434 0.02 1.3324785719248666E-11 0.09032987016189935 4.568488265148405E-6 2.029152128442402E-17
9.874303270315758E-6 2.6529075038442805E-4 0.006433249289579207 0.02 6.22482065892882E-11 0.13439322146038818 9.874303275641605E-6 2.048871055454482E-16
1.925157193798457E-5 4.6886343338344065E-4 0.01017863414995063 0.02 2.366165041678414E-10 0.18726924301857117 1.9251571947510317E-5 1.518418366302371E-15
3.469195774432528E-5 7.720192903170353E-4 0.01515779284667973 0.02 7.683648162171153E-10 0.24895793483645495 3.469195775677663E-5 8.885392557356556E-15
5.875113506465019E-5 0.0012029588660162458 0.021546978784960525 0.02 2.2036265034941493E-9 0.3194592969140398 5.875113508888037E-5 4.3155454524605036E-14
9.461929053296976E-5 0.0017934077734159785 0.029522445369986636 0.02 5.715553474949786E-9 0.39877332925130554 9.461929055166092E-5 1.8026900095282142E-13
1.461916244040703E-4 0.002578616693555027 0.03926044600695242 0.02 1.3643773555394034E-8 0.4869000318482893 1.4619162444254753E-4 6.648786881301161E-13
2.181388519155916E-4 0.0035973613755760653 0.05093723410105192 0.02 3.037683016238191E-8 0.583839404704975 2.1813885201430253E-4 2.208839515916057E-12
3.1597770465010427E-4 0.004891942636725633 0.06472906305747839 0.02 6.373404226600599E-8 0.6895914478213232 3.159777047889395E-4 6.713067927065219E-12
4.461410715330586E-4 0.006508168344147716 0.08081128537110417 0.02 1.270513529938455E-7 0.8041111156812892 4.4614107173166656E-4 1.8895159308723875E-11
6.160287406665392E-4 0.00849438345667403 0.09931075562631567 0.02 2.4221772054744406E-7 0.9249735127605747 6.160287408224709E-4 4.9740903073931114E-11
8.339836499198928E-4 0.01089774546266768 0.12016810029968254 0.02 4.438941266782237E-7 1.0428672336683438 8.339836503054485E-4 1.2341092508810422E-10
0.0011092244374463587 0.013762039376323292 0.14321469568278059 0.02 7.851509726819472E-7 1.1523297691549022 0.0011092244379047554 2.903365761783988E-10
0.0014517749408068995 0.01712752516802704 0.16827428958518745 0.02 1.3447784364961635E-6 1.2529796951203431 0.001451774941477233 6.508706392859692E-10
0.0018723936956081195 0.021030937740060998 0.19517062860169784 0.02 2.2365069601848475E-6 1.3448169508255197 0.0018723936963978523 1.3961467268744365E-9
0.002382503434140188 0.025505486926603427 0.22372745932712143 0.02 3.6203511177834713E-6 1.4278415362711794 0.0023825034346233965 2.8758804801552046E-9
0.002994120584014768 0.03058085749372899 0.2537685283562782 0.02 5.716257286070281E-6 1.5020534514578396 0.0029941205849615075 5.706832254155636E-9
0.0037197847668029274 0.03628320913940798 0.2851175822839495 0.02 8.820193680092459E-6 1.5674526963835644 0.003719784767807116 1.094063230267471E-8
0.0045724882966730685 0.04263517649350705 0.3175983677049535 0.02 1.3322771413970536E-5 1.6240392710501983 0.004572488297466928 2.0315691346209364E-8
0.0055656056790288535 0.04965586911778925 0.3510346312141099 0.02 1.9730427998632116E-5 1.6718131754578203 0.005565605680651063 3.662497278936541E-8
0.006712823109147118 0.05736087150591323 0.38525011940619897 0.02 2.8689141393312134E-5 1.7107744096044541 0.006712823110326059 6.423941320554682E-8
0.008028067970815803 0.06576224308343422 0.42006857887604937 0.02 4.101057468619551E-5 1.7409229734925202 0.008028067973145071 1.0983559590484193E-7
0.009525438334971863 0.07486851820780303 0.4553137562184409 0.02 5.770047930542255E-5 1.762258867119576 0.009525438333783104 1.8338567426591512E-7
0.011219132458339203 0.08468470616836699 0.49080939802819756 0.02 7.998911171192002E-5 1.7747820904878335 0.011219132456288177 2.9947719572698955E-7
0.01312337828206661 0.09521229118637031 0.5263792509001664 0.02 1.0936334281819171E-4 1.7784926435984394 0.013123378272360948 4.790399770531958E-7
0.015252362930365639 0.10644923241495147 0.5618470614290577 0.02 1.4760006867331477E-4 1.7733905264445682 0.015252362902704073 7.515660666226193E-7
0.017620162209148575 0.11838996393914682 0.5970365762097675 0.02 1.96800459103752E-4 1.7594757390354876 0.01762016214521099 1.1579165066517155E-6
0.020240670104666323 0.1310253947758874 0.6317715418370291 0.02 2.594245178185739E-4 1.736748281363082 0.020240669972736255 1.7538144937018219E-6
0.02312752828214635 0.1443429088740013 0.6658757049056954 0.02 3.3832536898181775E-4 1.705208153433313 0.023127528027023593 2.6141279390080874E-6
0.026294055584430612 0.1583263651142131 0.69917281201059 0.02 4.367826353667281E-4 1.664855355244732 0.026294055087781293 3.838044667681811E-6
0.029753177530613434 0.1729560973091411 0.7314866097463998 0.02 5.585342374514468E-4 1.615689886790489 0.029753176610861697 5.555239937929737E-6
0.03351735581467954 0.18820891420330518 0.7626408447082039 0.02 7.078059058761577E-4 1.557711748090207 0.03351735414070252 7.93312774173896E-6
0.037598517804141834 0.20405809947311482 0.7924592634904817 0.02 8.893376968457378E-4 1.4909209391138878 0.03759851483346557 1.1185274279908175E-5
0.042007986038679404 0.22047341172687848 0.8207656126881832 0.02 0.0011084067812064946 1.4153174598850737 0.04200798086463996 1.5581032916735932E-5
0.04675640772877544 0.23742108450480193 0.8473836388961722 0.02 0.0013708458012782199 1.3309013103994516 0.04675639890414367 2.1456435180443323E-5
0.05185368425435513 0.2548638262789844 0.872137088709124 0.02 0.0016830560951214268 1.23767249064759 0.05185366948858096 2.9226340795929923E-5
0.0573089006634236 0.27276082045342326 0.8948497087219426 0.02 0.002052015129987539 1.1356310006409298 0.057308876392585875 3.939781208079848E-5
0.0631302551786804 0.2910677257628402 0.915345265470846 0.02 0.0024852775172345964 1.0247778374451733 0.06313021592642813 5.2584633502772427E-5
0.0693249942946908 0.30973695580052 0.933461501883992 0.02 0.0029909695125043267 0.9058118206572985 0.06932493182868016 6.952286348899106E-5
0.07589940173269191 0.3287203719000556 0.9491708049767789 0.02 0.0035777812568223988 0.7854651546393421 0.07589930379711159 9.108742714397655E-5
0.08285885594680137 0.3479727107054728 0.9626169402708606 0.02 0.004254960952002951 0.6723067647040892 0.08285870465023236 1.1830983045630489E-4
0.09020790050730407 0.36745222802513494 0.9739758659831066 0.02 0.005032309059135098 0.5679462856122974 0.09020766996977671 1.5239689872832696E-4
0.0979503146020145 0.38712070473552185 0.9834238355193453 0.02 0.005920172619459763 0.47239847681193603 0.0979499679742688 1.9475047927970668E-4
0.10608918353763871 0.4069434467812105 0.991137102284434 0.02 0.006929440539527043 0.3856633382544328 0.10608866891610849 2.469880781637013E-4
0.11462696924113638 0.42688928517488345 0.997291919683646 0.02 0.008071540819181156 0.30774086996060435 0.1146262144693582 3.109644240801429E-4
0.1235655807610829 0.4469305759973258 1.0020645411221163 0.02 0.00935844059273927 0.23863107192351185 0.12356448653093113 3.8879397182393916E-4
0.13290644476903143 0.46704320039742675 1.0056312200050488 0.02 0.010802649976517809 0.17833394414662473 0.13290487591117328 4.8287439434475943E-4
0.14265057606087506 0.4872065645921811 1.008168209737717 0.02 0.012417230597671414 0.1268494866334069 0.1426483505052265 5.959111432105174E-4
0.15279864805820884 0.5074035998666889 1.0098517637253916 0.02 0.014215809667502355 0.0841776993837362 0.1527955227233497 7.309431976325609E-4
0.16335106330969176 0.5276207625741464 1.0108581353728718 0.02 0.01621260056791307 0.050318582374009324 0.16334671667797657 8.913701777458483E-4
0.17430802399240902 0.5478480341358629 1.0113635780858277 0.02 0.018422430700485326 0.025272135647791405 0.1743020343961868 0.0010809810357416544
0.18566960241311867 0.5680789210354822 1.0115443449809636 0.02 0.020860777471964576 0.009038344756795436 0.18566142124793727 0.001303984603856001
0.1974358090644475 0.5883103325664413 1.0115705765479543 0.02 0.02354381264012595 0.0013115783495387667 0.19742472794630667 0.0015650422774673572
0.20960662037342717 0.6085405654489839 1.0115116441271332 0.02 0.026488446151515688 -0.002946621041055586 0.2095917311534417 0.0018693021826479833
0.22218193063564723 0.6287655131110028 1.0112473831009439 0.02 0.02971235666007288 -0.013213051309468593 0.22216207680465444 0.0022224333147911196
0.23516148201146073 0.6489775687906748 1.0106027839835996 0.02 0.03323401604514031 -0.032229955867213445 0.2351352002207785 0.002630659855190745
0.24854479402462232 0.6691656006580795 1.009401593370235 0.02 0.037072711063313 -0.060059530668232775 0.24851024384551423 0.0031007956655431657
0.2623310930609258 0.6893149518151731 1.00746755785468 0.02 0.041248561254783156 -0.09670177577775219 0.2622859733416972 0.003640278576288722
0.2765192418668424 0.7094074402958311 1.0046244240329016 0.02 0.04578253159177026 -0.1421566910889127 0.2764606911928414 0.004257203951912897
0.29110766904815844 0.7294213590658016 1.0006959384985248 0.02 0.050696438372057506 -0.19642427671884288 0.29103214805605315 0.004960356948118111
0.3060942985686135 0.7493314760227521 0.995505847847522 0.02 0.0560129464802791 -0.2595045325501366 0.3059974518214351 0.005759242758401145
0.32147647924853795 0.7691090339962237 0.9888778986735791 0.02 0.06175555538223387 -0.3313974586971469 0.3213529733240011 0.006664113959834322
0.3372509142634913 0.7887217507476674 0.9806358375721858 0.02 0.0679485712465282 -0.41210305506966805 0.337094249199858 0.007685993980800526
0.35341359064289996 0.8081338189704329 0.9706034111382766 0.02 0.07461706174943139 -0.5016213216954557 0.35321588143155214 0.008836695496942687
0.3699597087686951 0.8273059062897575 0.9586043659662313 0.02 0.08178678957758101 -0.5999522586022654 0.3697114333915379 0.010128832369326268
0.3868836118739504 0.8461951552627633 0.9444624486502906 0.02 0.0894841199903531 -0.7070958657970361 0.38657332229099 0.01157582351728656
0.4041787164382678 0.8647552282158716 0.9280036476554121 0.02 0.09773589766076263 -0.8229400497439254 0.40379270919241705 0.013191886985722934
0.42183747011064765 0.8829376836189923 0.9091227701560345 0.02 0.10656930005187937 -0.9440438749688806 0.4213594122473247 0.014992024888861144
0.4398513869889241 0.9006958439138235 0.8879080147415619 0.02 0.11601169280270163 -1.0607377707236298 0.4392618945264956 0.016992004575987818
0.45821111660267444 0.917986480687516 0.8645318386846235 0.02 0.1260904683102313 -1.1688088028469212 0.45748728081601986 0.019208333424221846
0.4769065144145803 0.9347698905952939 0.8391704953888968 0.02 0.13683284933212747 -1.268067164786335 0.4760213729720607 0.02165822397055636
0.4959267123217903 0.9510098953604995 0.8120002382602798 0.02 0.1482656511759296 -1.358512856430849 0.49484866267419747 0.024359548081537202
0.5152601891572817 0.9666738417745679 0.7831973207034215 0.02 0.16041499570088685 -1.4401458778429133 0.5139523408064031 0.027330778675750678
0.5348948411912227 0.9817326016970496 0.7529379961240812 0.02 0.17330597254725744 -1.5129662289670165 0.533314306461137 0.03059091791652946
0.5548180526323343 0.9961605720555822 0.7213985179266302 0.02 0.18696224126355532 -1.5769739098725477 0.5529151750103709 0.034159410241679594
0.5750167661292526 1.0099356748459132 0.6887551395165503 0.02 0.2014055703982089 -1.6321689205039958 0.5727342874728727 0.03805603893054865
0.5954775532718909 1.0230393571319163 0.6551841143001558 0.02 0.2166553107779145 -1.6785512608197273 0.5927497229641834 0.04230080489610044
0.6161866850928012 1.0354565910455138 0.6208616956798751 0.02 0.23272780259417214 -1.7161209310140313 0.6129383164631391 0.04691378658193496
0.6371302025685371 1.0471758737867987 0.5859641370642432 0.02 0.2496357191674624 -1.7448779307815965 0.6332756845186132 0.05191498015301671
0.6582939871210159 1.0581892276239402 0.5506676918570763 0.02 0.26738735438263483 -1.7648222603583452 0.6537362617805409 0.057324119598810286
0.6796638311188801 1.0684921998932062 0.515148613463301 0.02 0.28598586729270814 -1.7759539196887664 0.674293352984298 0.06316047740487302
0.7012255083788586 1.0780838629989242 0.4795831552859009 0.02 0.3054285004766501 -1.7782729088700044 0.6949192016559225 0.0694426463671377
0.7229648446671311 1.0869668144136257 0.44414757073507616 0.02 0.3257058004007808 -1.771779227541237 0.7155850824020163 0.07618830564601758
0.7448677882006884 1.0951471766778687 0.4090181132121451 0.02 0.3468008706193511 -1.7564728761465531 0.7362614182158875 0.08341397403228717
0.7669204801486955 1.1026345974003537 0.3743710361242547 0.02 0.36868869776270247 -1.7323538543945194 0.7569179266089852 0.09113475549120459
0.7891093251338527 1.1094422492578582 0.3403825928752213 0.02 0.3913355968333159 -1.6994221624516692 0.7775237983683825 0.09936408393426466
0.8114210617337582 1.1155868299952743 0.30722903687080416 0.02 0.41469882273709613 -1.657677800220858 0.7980479087196972 0.10811347462442178
0.8338428329822701 1.1210885624255984 0.27508662151620733 0.02 0.4387263981406636 -1.6071207677298416 0.8184590621811502 0.11739229198327661
0.856362256870869 1.1259711944299422 0.24413160021719005 0.02 0.46335720128483904 -1.5477510649508641 0.8387262683555862 0.12720754373957954
0.8789674968500191 1.1302619989575047 0.21454022637812376 0.02 0.488521349708262 -1.4795686919533146 0.8588190451237905 0.13756371232814318
0.9016473323305304 1.1339917740255667 0.18648875340310234 0.02 0.5141409012317905 -1.402573648751071 0.8787077430334598 0.14846263410495897
0.9243912291849224 1.1371948427196021 0.1601534347017708 0.02 0.5401308737960973 -1.3167659350665772 0.8983638817138297 0.1599034354808921
0.9471894102487842 1.1399090531930889 0.13571052367433722 0.02 0.5664005657535992 -1.2221455513716784 0.9177604887805133 0.17188253398220749
0.9700329258221371 1.1421757786676423 0.11333627372767108 0.02 0.5928551338767825 -1.1187124973333074 0.9368724291912052 0.1843937090373084
0.9929137241233345 1.144039915059869 0.09320681961133559 0.02 0.6193973655174209 -1.0064727058167744 0.9556767128709924 0.19742824423465116
1.0158247122936856 1.14554940851756 0.07547467288454568 0.02 0.6459295536655641 -0.8866073363394955 0.9741527614096372 0.21097513366639364
1.0387597541739937 1.146752094015402 0.06013427489209855 0.02 0.6723553226524065 -0.7670198996223565 0.9922825822569457 0.22502131209131815
1.0617136078297271 1.1476926827866718 0.04702943856349506 0.02 0.6985813204472496 -0.6552418164301743 1.0100508517948927 0.2395518934029784
1.0846818550776758 1.148412362397433 0.03598398053805685 0.02 0.7245187604619552 -0.5522729012719108 1.027444948408108 0.2545504335644633
1.1076608309845866 1.148948795345539 0.026821647405306237 0.02 0.75008475739073 -0.45811665663753054 1.0444549403514565 0.2699992116321193
1.130647553365803 1.1493361190608176 0.019366185763924904 0.02 0.7752034093474889 -0.3727730820690667 1.0610735291603546 0.28587951792081273
1.1536396522839023 1.1496049459049695 0.013441342207598517 0.02 0.7998065974298506 -0.29624217781631934 1.0772959513127869 0.30217193838081524
1.1766352995473341 1.149782363171592 0.008870863331122969 0.02 0.8238344944119915 -0.2285239438237774 1.0931198432891942 0.31885662572267426
1.1996331382090575 1.1498919330861668 0.005478495728739041 0.02 0.8472357919294236 -0.1696183801191964 1.1085450762509717 0.33591354907715193
1.2226322120651796 1.149953692806105 0.0030879859969079604 0.02 0.8699676701796286 -0.11952548659155404 1.1235735672024592 0.35332271557152345
1.245631895153593 1.149984154420669 0.0015230807282051728 0.02 0.8919955463320595 -0.07824526343513938 1.1382090746525309 0.3710643601516419
1.2686318212526142 1.149996304951062 6.07526519647017E-4 0.02 0.913292642317019 -0.04577771042790779 1.1524569852691662 0.3891191004846376
1.291631813379621 1.1499996063503382 1.6506996380893924E-4 0.02 0.9338394167333386 -0.022122827791903887 1.1663240985398575 0.40746805675019604
1.3146318132915367 1.1499999955957851 1.9462272349279885E-5 0.02 0.9536229036929248 -0.0072803845729829675 1.1798184150157298 0.4260929370167653
1.3376318132915368 1.1500000000000066 2.2021107159986286E-7 0.02 0.9726359995723952 -9.621030638840011E-4 1.1929489339280304 0.4449760918363597
1.3606318132915363 1.1499999999999733 -1.6653345369377348E-12 0.02 0.9908767492399495 -1.101063684671999E-5 1.2057254762468133 0.46410056041326947
1.3836318132915362 1.1499999999999955 1.1102230246251565E-12 0.02 1.008347660939691 1.3877787807814457E-10 1.218158538277219 0.48345012149299904
1.406631813291536 1.1499999999999955 0.0 0.02 1.0250550437297703 -5.551115123125783E-11 1.2302591596618264 0.5030093304689005
1.4296318132915362 1.1500000000000066 5.551115123125783E-13 0.02 1.0410083774096353 2.7755575615628914E-11 1.2420388029100504 0.5227635398184176
1.4526318132915363 1.1500000000000066 0.0 0.02 1.0562197255479977 -2.7755575615628914E-11 1.2535092446244998 0.5426989044889899
1.4756318132915363 1.1499999999999955 -5.551115123125783E-13 0.02 1.0707032000030483 -2.7755575615628914E-11 1.2646824795585299 0.5628023761864696
1.4986318132915362 1.1499999999999955 0.0 0.02 1.0844744792006502 2.7755575615628914E-11 1.2755706363181627 0.5830616871664873
1.5216318132915363 1.1500000000000066 5.551115123125783E-13 0.02 1.0975503823062398 2.7755575615628914E-11 1.2861859051954507 0.6034653272751297
1.5446318132915362 1.1499999999999955 -5.551115123125783E-13 0.02 1.1099484970918803 -5.551115123125783E-11 1.2965404767210824 0.6240025148184836
1.5676318132915363 1.1500000000000066 5.551115123125783E-13 0.02 1.1216868593376843 5.551115123125783E-11 1.3066464905545665 0.6446631636593176
1.5906318132915362 1.1499999999999955 -5.551115123125783E-13 0.02 1.1327836797086759 -5.551115123125783E-11 1.3165159935374093 0.6654378473796285
1.6136318132915364 1.1500000000000066 5.551115123125783E-13 0.02 1.14325711394173 5.551115123125783E-11 1.3261609060690762 0.6863177617789042
1.6366318132915365 1.1500000000000066 0.0 0.02 1.1531250719476331 -2.7755575615628914E-11 1.3355929960220583 0.7072946869177594
1.6596318132915366 1.1500000000000066 0.0 0.02 1.1624050607981515 0.0 1.3448238588655217 0.7283609484470104
1.6826318132915363 1.1499999999999844 -1.1102230246251565E-12 0.02 1.171114057876323 -5.551115123125783E-11 1.353864903793069 0.7495093801332141
1.7056318132915365 1.1500000000000066 1.1102230246251565E-12 0.02 1.1792684094522736 1.1102230246251565E-10 1.3627273445256058 0.7707332867592376
1.7286318132915366 1.1500000000000066 0.0 0.02 1.1868837512282981 -5.551115123125783E-11 1.3714221944231004 0.792026408419011
1.7516318132915367 1.1500000000000066 0.0 0.02 1.1939749472228056 0.0 1.37996026508824 0.8133828859551797
1.7746318132915364 1.1499999999999844 -1.1102230246251565E-12 0.02 1.2005560441158067 -5.551115123125783E-11 1.3883521681266802 0.8347972281884068
1.7976318132915365 1.1500000000000066 1.1102230246251565E-12 0.02 1.2066402381547308 1.1102230246251565E-10 1.3966083193662238 0.8562642804849255
1.8206318132915367 1.1500000000000066 0.0 0.02 1.212239852342515 -5.551115123125783E-11 1.4047389452005967 0.8777791948775585
1.8436318132915368 1.1500000000000066 0.0 0.02 1.2173663218768263 0.0 1.412754090717444 0.8993374017798347
1.866631813291537 1.1500000000000066 0.0 0.02 1.2220301860433356 0.0 1.42066362924134 0.9209345830886052
1.8896318132915366 1.1499999999999844 -1.1102230246251565E-12 0.02 1.2262410851466714 -5.551115123125783E-11 1.4284772731610722 0.942566646965061
1.9126318132915368 1.1500000000000066 1.1102230246251565E-12 0.02 1.2300077610528262 1.1102230246251565E-10 1.4362045855522267 0.9642297034804974
1.9356318132915364 1.1499999999999844 -1.1102230246251565E-12 0.02 1.2333380604682882 -1.1102230246251565E-10 1.4438549927308006 0.985920041906845
1.9586318132915361 1.1499999999999844 0.0 0.02 1.236238939919409 5.551115123125783E-11 1.4514377973349797 1.0076341088691514
1.9816318132915363 1.1500000000000066 1.1102230246251565E-12 0.02 1.2387164717563874 5.551115123125783E-11 1.4589621919094165 1.0293684875275064
2.004631813291536 1.1499999999999955 -5.551115123125783E-13 0.02 1.2407758505755715 -8.326672684688674E-11 1.4664372729148858 1.051119877760805
2.0276318132915367 1.1500000000000288 1.6653345369377348E-12 0.02 1.2424213995295805 1.1102230246251565E-10 1.4738720549799582 1.0728850769572127
2.0506318132915364 1.1499999999999844 -2.220446049250313E-12 0.02 1.2436565761610971 -1.942890293094024E-10 1.4812754854196755 1.094660961568889
2.073631813291537 1.1500000000000288 2.220446049250313E-12 0.02 1.2444839774252192 2.220446049250313E-10 1.4886564588909008 1.1164444691032391
2.0966318132915367 1.1499999999999844 -2.220446049250313E-12 0.02 1.244905343675177 -2.220446049250313E-10 1.4960238321959092 1.1382325806058136
2.1196318132915364 1.1499999999999844 0.0 0.02 1.244921561429269 1.1102230246251565E-10 1.5033864391499243 1.1600223033873958
2.142631813291537 1.1500000000000288 2.220446049250313E-12 0.02 1.2445326648111326 1.1102230246251565E-10 1.510753105502678 1.181810653950183
2.1656318132915366 1.1499999999999844 -2.220446049250313E-12 0.02 1.2437378356054825 -2.220446049250313E-10 1.5181326638739825 1.2035946409703657
2.1886318132915363 1.1499999999999844 0.0 0.02 1.2425354019278345 1.1102230246251565E-10 1.5255339686743974 1.2253712482238794
2.211631813291537 1.1500000000000288 2.220446049250313E-12 0.02 1.2409228355584143 1.1102230246251565E-10 1.5329659109893035 1.2471374173660348
2.2346318132915366 1.1499999999999844 -2.220446049250313E-12 0.02 1.2388967480531754 -2.220446049250313E-10 1.540437433365915 1.2688900303706128
2.257631813291537 1.1500000000000288 2.220446049250313E-12 0.02 1.2364528857918877 2.220446049250313E-10 1.547957544506398 1.2906258916360407
2.280631813291537 1.1499999999999844 -2.220446049250313E-12 0.02 1.2335861242014157 -2.220446049250313E-10 1.5555353337869708 1.3123417095428282
2.3036318132915365 1.1499999999999844 0.0 0.02 1.2302904614641594 1.1102230246251565E-10 1.5631799855480606 1.3340340773513322
2.326631813291537 1.1500000000000288 2.220446049250313E-12 0.02 1.2265590121021712 1.1102230246251565E-10 1.5709007930925294 1.3556994533424078
2.349631813291537 1.1499999999999844 -2.220446049250313E-12 0.02 1.2223840009039648 -2.220446049250313E-10 1.5787071723440929 1.3773341401877168
2.3726318132915365 1.1499999999999844 0.0 0.02 1.2177567578423858 1.1102230246251565E-10 1.5866086749598427 1.3989342631485837
2.395631813291537 1.1500000000000288 2.220446049250313E-12 0.02 1.212667714642506 1.1102230246251565E-10 1.5946150009108344 1.4204957473843396
2.4186318132915368 1.1499999999999844 -2.220446049250313E-12 0.02 1.207106403939573 -2.220446049250313E-10 1.602736010253359 1.4420142939153813
2.4416318132915373 1.1500000000000288 2.220446049250313E-12 0.02 1.2010614620738291 2.220446049250313E-10 1.6109817339354329 1.4634853542286648
2.464631813291537 1.1499999999999844 -2.220446049250313E-12 0.02 1.1945206367165917 -2.220446049250313E-10 1.6193623834961672 1.484904103639947
2.4876318132915367 1.1499999999999844 0.0 0.02 1.1874708008438168 1.1102230246251565E-10 1.6278883593288567 1.5062654131489537
2.5106318132915373 1.1500000000000288 2.220446049250313E-12 0.02 1.179897974804822 1.1102230246251565E-10 1.6365702571897232 1.5275638197095265
2.533631813291536 1.14999999999994 -4.440892098500626E-12 0.02 1.1717873585238194 -3.3306690738754696E-10 1.6454188725828276 1.5487934948707174
2.5566318132915367 1.1500000000000288 4.440892098500626E-12 0.02 1.1631233761087962 4.440892098500626E-10 1.6544452026780627 1.5699482119815227
2.5796318132915363 1.1499999999999844 -2.220446049250313E-12 0.02 1.1538897355365398 -3.3306690738754696E-10 1.663660445280673 1.5910213119949606
2.602631813291537 1.1500000000000288 2.220446049250313E-12 0.02 1.1440695065324968 2.220446049250313E-10 1.6730759942226006 1.6120056677891983
2.6256318132915366 1.1499999999999844 -2.220446049250313E-12 0.02 1.1336452201369775 -2.220446049250313E-10 1.682703430498353 1.632893647086338
2.6486318132915363 1.1499999999999844 0.0 0.02 1.122598993352452 1.1102230246251565E-10 1.6925545088143434 1.6536770750428877
2.671631813291536 1.1499999999999844 0.0 0.02 1.1109126835651515 0.0 1.702641138236503 1.674347195682164
2.6946318132915366 1.1500000000000288 2.220446049250313E-12 0.02 1.098568076600061 1.1102230246251565E-10 1.7129753566026016 1.6948946337917947
2.7176318132915362 1.1499999999999844 -2.220446049250313E-12 0.02 1.085547113214028 -2.220446049250313E-10 1.7235692975659034 1.715309357417983
2.740631813291537 1.1500000000000288 2.220446049250313E-12 0.02 1.0718321585801882 2.220446049250313E-10 1.7344351493533605 1.7355806418612039
2.7636318132915365 1.1499999999999844 -2.220446049250313E-12 0.02 1.0574063189975118 -2.220446049250313E-10 1.7455851043761856 1.755697036403556
2.786631813291536 1.1499999999999844 0.0 0.02 1.042253809700385 1.1102230246251565E-10 1.7570312987049448 1.7756463349377423
2.8096318132915368 1.1500000000000288 2.220446049250313E-12 0.02 1.0263603763843043 1.1102230246251565E-10 1.7687857407371026 1.7954155523552877
2.8326318132915365 1.1499999999999844 -2.220446049250313E-12 0.02 1.009713772333444 -2.220446049250313E-10 1.7808602279771601 1.8149909078647688
2.855631813291536 1.1499999999999844 0.0 0.02 0.9923042899478136 1.1102230246251565E-10 1.7932662518490365 1.8343578180515339
2.8786318132915367 1.1500000000000288 2.220446049250313E-12 0.02 0.974125343452972 1.1102230246251565E-10 1.8060148902010458 1.8535009016939432
2.9016318132915364 1.1499999999999844 -2.220446049250313E-12 0.02 0.9551740961351258 -2.220446049250313E-10 1.819116687567883 1.8724039986037662
2.924631813244269 1.1499999976366304 -1.1816769784900316E-7 0.02 0.9354521207528449 -5.9082738701476956E-6 1.8325815241126562 1.8910502053973854
2.9476318070516907 1.149999690371084 -1.5363277316993162E-5 0.02 0.9149660826587499 -7.62255480957208E-4 1.846418470919543 1.9094219259636143
2.9706317429349447 1.1499967941626998 -1.4481041921143856E-4 0.02 0.8937284516009812 -0.00647235709472227 1.8606356157705612 1.927500918128246
2.993631456018205 1.1499856541630216 -5.569999839138973E-4 0.02 0.8717582169465516 -0.020609478235122936 1.8752398621285078 1.9452683465350304
3.0166305978330277 1.1499570907411272 -0.0014281710947194881 0.02 0.849081554846076 -0.04355855554027954 1.8902367176705626 1.9627048650720207
3.0396285658169893 1.1498983991980793 -0.0029345771523914266 0.02 0.8257324050272765 -0.07532030288359692 1.905630079240265 1.9797907341108938
3.062624432812325 1.1497933497667923 -0.005252471564354266 0.02 0.8017529156282249 -0.11589472059814199 1.9214220190364388 1.9965059725036878
3.0856168765645657 1.1496221876120316 -0.008558107738032561 0.02 0.7771937108764487 -0.16528180868391473 1.9376125792748982 2.012830544654038
3.1086041092211767 1.1493616328305478 -0.013027739074189526 0.02 0.7521139405249502 -0.22348156680784825 1.9541995818354276 2.0287445796863133
3.1315838068301964 1.1489848804509872 -0.01883761897802927 0.02 0.7265810742211873 -0.29049399519198715 1.9711784608794112 2.044228619150527
3.1545530388388707 1.1484616004337145 -0.026164000863637682 0.02 0.7006704161924657 -0.36631909428042064 1.9885421250565594 2.059263886542746
3.177508197592296 1.1477579376712566 -0.035183138122896196 0.02 0.6744643286337451 -0.4509568629629257 2.0062808562195844 2.073832571131478
3.2004449278320526 1.1468365119878365 -0.046071284171000926 0.02 0.648051171617681 -0.5444073024052365 2.024382249220157 2.0879181160850155
3.2233580561948463 1.1456564181396844 -0.059004692407604864 0.02 0.6215239859733689 -0.6466704118301969 2.0428311962145216 2.1015055005233294
3.246241520722239 1.144173226369638 -0.07415958850232052 0.02 0.5949789658044509 -0.7577448047357827 2.0616099161416654 2.1145815042968925
3.26908830647971 1.1423392878735505 -0.09169692480437419 0.02 0.568513777019137 -0.8768668151026837 2.0806980328357128 2.127134948107521
3.291890436603993 1.1401065062141447 -0.11163908297029401 0.02 0.5422257414356955 -0.997107908295991 2.1000727403388484 2.139156923887894
3.3146390307159517 1.1374297055979365 -0.13384003081040596 0.02 0.5162099593754734 -1.1100473920055975 2.119709064446496 2.150641004995376
3.3373243753255712 1.1342672304809787 -0.1581237558478943 0.02 0.4905575253247043 -1.2141862518744162 2.1395801680210846 2.1615833941271365
3.3599359943333265 1.1305809503877606 -0.18431400466090153 0.02 0.465353931808843 -1.3095124406503622 2.159657679031602 2.171982999798558
3.382462719531535 1.126336259910432 -0.21223452386642805 0.02 0.44067772663169585 -1.3960259602763259 2.1799120291086878 2.1818414428348443
3.404892761105727 1.121502078709602 -0.24170906004150616 0.02 0.41659946774021384 -1.4737268087539057 2.2003127907408637 2.1911629975400095
3.4272137781360064 1.116050851513961 -0.272561359782042 0.02 0.39318099682149943 -1.5426149870267913 2.2208290027190234 2.199954475020506
3.4494129490984053 1.1099585481199492 -0.304615169700595 0.02 0.3704750306573004 -1.60269049592765 2.241429475335189 2.2082250580690896
3.471477042366259 1.1032046633926873 -0.33769423636309526 0.02 0.34852505044898613 -1.6539533331250134 2.262083068832347 2.215986098011496
3.4933924867115547 1.0957722172647788 -0.37162230639542493 0.02 0.32736545519794813 -1.6964035016164836 2.282758940371934 2.223250884052245
3.515145441806304 1.0876477547374641 -0.40622312636573454 0.02 0.30702193409410306 -1.7300409985154808 2.3034267584142243 2.23003439582044
3.536721868723898 1.0788213458797102 -0.4413204428876938 0.02 0.2875120101806451 -1.7548658260979622 2.324056883590949 2.236353048201413
3.5581076004404757 1.069286585828877 -0.47673800254166565 0.02 0.2688457064312012 -1.7708779826985932 2.344620517450155 2.242224436601317
3.5792884123362776 1.059040594790095 -0.5122995519390994 0.02 0.2510262877782564 -1.7780774698716861 2.3650898225029535 2.24766708954104
3.6002500926970176 1.0480840180369988 -0.5478288376548068 0.02 0.23405104025001922 -1.776464285785373 2.385438015468863 2.252700233278085
3.6209785132152357 1.0364210259109052 -0.5831496063046782 0.02 0.21791205283189913 -1.7660384324935663 2.4056394384682243 2.257343572463121
3.6414596994916697 1.0240593138217013 -0.6180856044601946 0.02 0.20259697599160592 -1.74679990777582 2.4256696119293477 2.2616170891654876
3.6616799015366066 1.0110101022468454 -0.6524605787427973 0.02 0.188089738384204 -1.718748714130136 2.445505271983063 2.2655408613512216
3.6816256642712553 0.9972881367324327 -0.6860982757206369 0.02 0.17437120746257334 -1.681884848891979 2.465124397537422 2.2691349015972295
3.701283898029099 0.9829116878921962 -0.7188224420118239 0.02 0.1614197880687519 -1.636208314559351 2.484506227977103 2.2724190153107187
3.720641949057267 0.967902551408395 -0.75045682419006 0.02 0.1492119543381829 -1.5817191089118054 2.503631276121525 2.2754126780874726
3.739687670017886 0.9522860480309481 -0.7808251688723455 0.02 0.13772271559210814 -1.5184172341142776 2.522481338108291 2.2781349309522905
3.758409490489453 0.9360910235783448 -0.8097512226301617 0.02 0.12692601941779946 -1.4463026878908103 2.541039501046538 2.2806042920455143
3.7767964874681876 0.9193498489367347 -0.837058732080509 0.02 0.11679509489906159 -1.3653754725173606 2.559290152010486 2.282838683677377
3.794838455869403 0.9020984200607707 -0.8625714437981991 0.02 0.10730274252894978 -1.2756355858845048 2.5772189875385245 2.284855373040067
3.81252597902886 0.8843761579728548 -0.8861131043957915 0.02 0.09842157570121413 -1.177083029879622 2.5948130260338225 2.286670925418757
3.8298504992041367 0.8662260087638263 -0.9075074604514288 0.02 0.09012422040581025 -1.0697178027818666 2.6120606224863345 2.288301168451841
3.8468043870537283 0.847694392479581 -0.9265808142122633 0.02 0.08238347863601325 -0.9536676880417261 2.6289514864147727 2.2897611663097157
3.8633809821613156 0.8288297553793678 -0.9432318550106622 0.02 0.07517247365468271 -0.8325520399199426 2.6454766735461703 2.2910652004523318
3.8795745560617094 0.8096786950196888 -0.9575530179839475 0.02 0.06846479681269402 -0.716058148664267 2.661628504593374 2.2922267541649113
3.8953802430850226 0.7902843511656599 -0.969717192701447 0.02 0.062234633383361326 -0.608208735874971 2.6774004551341752 2.293258505761141
3.9107939698553063 0.7706863385141816 -0.9799006325739157 0.02 0.0564568572938986 -0.5091719936234362 2.6927870477669145 2.2941723317353233
3.9258123847891895 0.7509207466941614 -0.9882795910010067 0.02 0.05110709942025682 -0.41894792135455106 2.707783748137871 2.294979318132543
3.9404327875945153 0.7310201402662919 -0.9950303213934752 0.02 0.04616179446776192 -0.337536519623427 2.722386863859155 2.295689778459675
3.954653058768981 0.7110135587232946 -1.000329077149864 0.02 0.041598210044570316 -0.26493778781944144 2.7365934472543976 2.2963132768032484
3.9684715890987743 0.6909265164896539 -1.0043521116820386 0.02 0.03739446164330229 -0.20115172660872815 2.7504012009312024 2.2968586549068633
3.98188720915721 0.6707810029217942 -1.0072756783929826 0.02 0.03352951621106026 -0.14617833554719795 2.763808386522852 2.29733406221546
3.9948991188033744 0.6505954823082138 -1.0092760306790183 0.02 0.02998318690799906 -0.10001761430178391 2.7768137357285063 2.297746987995102
4.007506816680752 0.6303848938688628 -1.0105294219675542 0.02 0.026736120879308434 -0.06266956442679827 2.789416363933292 2.2981042948242334
4.019710029715875 0.6101606517561642 -1.0112121056349288 0.02 0.023769781726510675 -0.03413418336872809 2.801615686094219 2.2984122528420765
4.031508642616953 0.5899306450539044 -1.0115003351129914 0.02 0.021066428135073978 -0.014411473903130911 2.8134113342675056 2.298676574240159
4.042902627674398 0.5696992528722244 -1.0115696090839954 0.02 0.018609089575318705 -0.0034636985501990125 2.8248030774009294 2.2989024476043967
4.0538919927064505 0.5494682516026472 -1.011550063478861 0.02 0.016381536631367988 9.772802567198369E-4 2.8357907606265425 2.299094572048098
4.064476802667135 0.5292404980342447 -1.0113876784201281 0.02 0.014368238028029556 0.008119252936644727 2.8463743195216167 2.299257191415297
4.074657246735139 0.509022203400189 -1.0109147317027833 0.02 0.012554315738265376 0.02364733586723844 2.856553841194478 2.299394127134741
4.084433708814279 0.48882310395699236 -1.0099549721598322 0.02 0.010925508330759448 0.04798797714755665 2.8663296295474923 2.2995088089285947
4.093806838034867 0.46865646102940417 -1.0083321463794093 0.02 0.009468142492593201 0.08114128902114714 2.875702271469984 2.2996043036418397
4.1027776192550665 0.4485390610099671 -1.0058700009718535 0.02 0.008169111906124349 0.1231072703777869 2.8846727038557693 2.299683342472306
4.1113474435622575 0.4284912153595499 -1.0023922825208587 0.02 0.007015862665499917 0.17388592254974355 2.8932422811474043 2.2997483468233426
4.1195181787743955 0.40853676060690347 -0.9977227376323228 0.02 0.005996384340851368 0.23347724442679407 2.9014128434359105 2.29980145295406
4.127292239941381 0.3887030583492823 -0.9916851128810578 0.02 0.005099205806578855 0.3018812375632507 2.9091867849720905 2.299844535552472
4.134672659846416 0.36902099525173426 -0.9841031548774026 0.02 0.0043133949088441925 0.3790979001827566 2.916567123118176 2.299879230317167
4.141663159507363 0.3495249830473668 -0.9748006102183737 0.02 0.003628561051210233 0.46512723295144554 2.923557567667024 2.2999069555951883
4.1482682186781155 0.3302529585376135 -0.9636012254876647 0.02 0.0030348597946794342 0.5599692365354514 2.93016259018001 2.2999289330927866
4.154493146349953 0.31124638359187884 -0.9503287472867328 0.02 0.0025229984925310145 0.6636239100465957 2.936387493816202 2.2999462076538224
4.1603441511929695 0.29255024215082415 -0.9348070720527346 0.02 0.0020842421032365444 0.7760837616999083 2.942238483137334 2.299959666077181
4.165828401794318 0.2742125300674303 -0.9168856041696927 0.02 0.0017104189491555788 0.8960733941520971 2.9477227238788846 2.299970054916909
4.170954022314364 0.25628102600228075 -0.896575203257477 0.02 0.0013939283572402816 1.015520045610785 2.9528483382171165 2.299977997164418
4.175730029371875 0.23880035287557888 -0.8740336563350937 0.02 0.0011277465832740807 1.1270773461191652 2.957624341483492 2.2999840078801577
4.180166261563979 0.22181160960519364 -0.8494371635192621 0.02 9.054263410442909E-4 1.229824640791577 2.9620605713797863 2.2999885087997782
4.184273308964807 0.2053523700413784 -0.8229619781907616 0.02 7.210898556900824E-4 1.3237592664250286 2.966167617423323 2.2999918418040224
4.18806244262413 0.18945668296614926 -0.7947843537614574 0.02 5.694160807906412E-4 1.408881221465208 2.9699567502982713 2.299994281168541
4.191545544065995 0.17415507209328496 -0.7650805436432151 0.02 4.45622728570072E-4 1.485190505912115 2.973439851290664 2.29999604455605
4.194735034787369 0.15947453606868223 -0.7340268012301365 0.02 3.4544380735279656E-4 1.5526871206539283 2.9766293417640575 2.299997302751073
4.197643805756771 0.1454385484700893 -0.7017993799296462 0.02 2.6510338065088845E-4 1.6113710650245139 2.979538112598623 2.29999818816927
4.200285146912908 0.13206705780683947 -0.6685745331624915 0.02 2.0128626585436127E-4 1.661242338357738 2.982179453686466 2.2999988021991844
4.202672676663319 0.11937648752056162 -0.6345285143138923 0.02 1.5110639377413637E-4 1.7023009424299573 2.9845669834024324 2.2999992214533354
4.204820271383015 0.10737973598482498 -0.5998375767868325 0.02 1.1207353097719697E-4 1.7345468763529936 2.986714578102976 2.2999995030192513
4.206741994913104 0.09608617650442852 -0.5646779740198227 0.02 8.205904198410607E-5 1.75798013835049 2.988636301622393 2.2999996888098
4.208452028059445 0.08550165731704418 -0.5292259593692172 0.02 5.926132895317515E-5 1.7726007325302717 2.990346334765489 2.2999998091157217
4.209964598091271 0.07562850159130718 -0.49365778628684964 0.02 4.217153784991101E-5 1.7784086541183797 2.9918589047972954 2.2999998854636314
4.211293908239839 0.06646550742841484 -0.4581497081446173 0.02 2.9540062909005904E-5 1.7754039071116168 2.9931882149459166 2.299999932879452
4.212454067197062 0.05800794786114949 -0.42287797836326746 0.02 2.0344317228970787E-5 1.7635864890674924 2.994348373901613 2.299999961651472
4.21345901861415 0.05024757085436704 -0.3880188503391224 0.02 1.3758167992650172E-5 1.7429564012072518 2.9953533253188946 2.2999999786798315
4.214322470600242 0.04317259930459727 -0.35374857748848854 0.02 9.123361891738568E-6 1.7135136425316944 2.9962167773053343 2.299999988490245
4.215057825221048 0.03676773104031028 -0.32024341321434946 0.02 5.923192273660227E-6 1.6752582137069538 2.9969521319272374 2.299999993980386
4.21567810799749 0.03101413882209414 -0.28767961091080707 0.02 3.758585814139792E-6 1.6281901151771194 2.9975724147037366 2.299999996957802
4.216195897404334 0.025889470342210785 -0.2562334239941677 0.02 2.3267142456040446E-6 1.5723093458319681 2.9980902041105897 2.2999999985185178
4.216623254368833 0.021367848224951302 -0.22608110586297414 0.02 1.4021684888732011E-6 1.5076159065596784 2.9985175610751664 2.2999999993070177
4.216971651769362 0.017419870026458284 -0.19739890992465092 0.02 8.206684199985048E-7 1.434109796916161 2.9988659584757427 2.2999999996897422
4.217251903934053 0.014012608234548196 -0.1703630895955044 0.02 4.652240952474074E-7 1.3517910164573266 2.9991462106406153 2.299999999867588
4.21747409613944 0.011109610269333103 -0.14514989826075464 0.02 2.5461351982336566E-7 1.2606595667374876 2.9993684028459735 2.299999999946392
4.217647514109092 0.008670898482598943 -0.121935589336708 0.02 1.3399956955151282E-7 1.1607154462023317 2.999541820815673 2.2999999999795344
4.217780573512295 0.0066529701601591995 -0.10089641612198719 0.02 6.747512515392629E-8 1.051958660736041 2.999674880218971 2.2999999999926874
4.217880751631538 0.005008905962178289 -0.0822032098990455 0.02 3.230092548989205E-8 0.9346603111470841 2.9997750583382374 2.2999999999975733
4.217954557585019 0.003690297674019405 -0.06593041440794423 0.02 1.4582189789003053E-8 0.8136397745550639 2.999848864291756 2.2999999999992595
4.218007578910978 0.0026510662979539745 -0.05196156880327152 0.02 6.1455892597095385E-9 0.6984422802336354 2.9999018856177355 2.2999999999998035
4.218044551484875 0.0018486286948338204 -0.040121880156007705 0.02 2.386609909699189E-9 0.5919844323631906 2.9999388581916353 2.2999999999999505
4.2180694300207335 0.001243926792948713 -0.03023509509425537 0.02 8.395445449949079E-10 0.4943392530876167 2.999963736727503 2.2999999999999954
4.218085458572521 8.014275893586387E-4 -0.022124960179503717 0.02 2.6140034581345617E-10 0.4055067457375827 2.9999797652792948 2.300000000000001
4.2180952410354955 4.891231487391678E-4 -0.015615222030973541 0.02 6.974854027674837E-11 0.32548690742650876 2.999989547742273 2.300000000000004
4.218100811647579 2.7853060418081554E-4 -0.010529627227917615 0.02 1.5213053039531133E-11 0.2542797401527963 2.999995118354357 2.3000000000000065
4.218103705490712 1.4469215665613433E-4 -0.006691922376234061 0.02 2.5238700018803684E-12 0.19188524258417772 2.999998012197494 2.3000000000000034
4.2181050289922215 6.617507546380352E-5 -0.00392585405961654 0.02 2.7966517990307693E-13 0.13830341583087602 2.999999335699008 2.2999999999999985
4.218105530426175 2.507169769572215E-5 -0.0020551688884040686 0.02 1.787459069646502E-14 0.09353425856062358 2.9999998371329624 2.299999999999998
4.218105670414754 6.999428947551678E-6 -9.036134374085236E-4 0.02 0.0 0.05757777254977725 2.9999999771215373 2.300000000000004
4.2181056924296065 1.1007426081732774E-6 -2.9493431696892003E-4 0.02 0.0 0.03043395602198018 2.999999999136389 2.300000000000004
4.218105693293211 4.318021495919311E-8 -5.2878119660704215E-5 0.02 6.2831853071795845 0.01210280986541079 2.9999999999999964 2.300000000000001
4.2181056932932135 1.3322676295501878E-13 -2.1590040866215077E-6 0.02 0.0 0.0025359557787041354 3.000000000000001 2.299999999999998
4.2181056932932135 0.0 -6.661338147750939E-12 0.02 0.0 1.07949871264168E-4 3.000000000000001 2.299999999999998
