5.875113506465018E-10 2.937556753232509E-8 1.4687783766162545E-6 0.02 0.0 7.343891883081273E-5 5.875113507298254E-10 0.0
1.8800363220688058E-8 9.106425935020778E-7 4.406335129848763E-5 0.02 6.283185307179586 0.002129728646093569 1.8800363223310366E-8 -1.6543612251060553E-24
1.427652582070999E-7 6.1982447493205925E-6 2.643801077909257E-4 0.02 6.283185307179572 0.011015837824621903 1.4276525822699454E-7 -6.749793798432706E-22
6.016116230620179E-7 2.29423182427459E-5 8.372036746712653E-4 0.02 6.283185307179334 0.02864117834401698 6.016116231457964E-7 -5.055727903924105E-20
1.8359729707703185E-6 6.171806738541503E-5 0.0019387874571334565 0.02 6.283185307177238 0.05507918912310956 1.8359729710247067E-6 -1.4372031532537341E-18
4.568488262627197E-6 1.366257645928439E-4 0.0037453848603714434 0.02 6.283185307165045 0.09032987016189935 4.568488263241629E-6 -2.2143558823595547E-17
9.874303270315758E-6 2.6529075038442805E-4 0.006433249289579207 0.02 6.283185307111657 0.13439322146038818 9.874303271468059E-6 -2.235870519219814E-16
1.925157193798457E-5 4.6886343338344065E-4 0.01017863414995063 0.02 6.283185306921373 0.18726924301857117 1.9251571939010084E-5 -1.6570065090003305E-15
3.469195774432528E-5 7.720192903170353E-4 0.01515779284667973 0.02 6.283185306341088 0.24895793483645495 3.469195774765153E-5 -9.696406275561814E-15
5.875113506465019E-5 0.0012029588660162458 0.021546978784960525 0.02 6.283185304774812 0.3194592969140398 5.875113506824227E-5 -4.7094591410206527E-14
9.461929053296976E-5 0.0017934077734159785 0.029522445369986636 0.02 6.283185300942282 0.39877332925130554 9.461929054238095E-5 -1.9672435745297576E-13
1.461916244040703E-4 0.002578616693555027 0.03926044600695242 0.02 6.283185292290209 0.4869000318482893 1.4619162441971878E-4 -7.255745212552539E-13
2.181388519155916E-4 0.0035973613755760653 0.05093723410105192 0.02 6.283185274029156 0.583839404704975 2.1813885193072517E-4 -2.410500943815508E-12
3.1597770465010427E-4 0.004891942636725633 0.06472906305747839 0.02 6.283185237625193 0.6895914478213232 3.159777046787462E-4 -7.326034879651458E-12
4.461410715330586E-4 0.006508168344147716 0.08081128537110417 0.02 6.283185168522871 0.8041111156812892 4.4614107158037796E-4 -2.0620770038335887E-11
6.160287406665392E-4 0.00849438345667403 0.09931075562631567 0.02 6.283185042829997 0.9249735127605747 6.16028740722275E-4 -5.428455959483741E-11
8.339836499198928E-4 0.01089774546266768 0.12016810029968254 0.02 6.283184822710136 1.0428672336683438 8.339836500073068E-4 -1.34687396001823E-10
0.0011092244374463587 0.013762039376323292 0.14321469568278059 0.02 6.283184450224201 1.1523297691549022 0.001109224437574591 -3.1687546868126165E-10
0.0014517749408068995 0.01712752516802704 0.16827428958518745 0.02 6.283183839341138 1.2529796951203431 0.0014517749409717962 -7.103925398236829E-10
0.0018723936956081195 0.021030937740060998 0.19517062860169784 0.02 6.283182865855533 1.3448169508255197 0.0018723936958166725 -1.5238965382548958E-9
0.002382503434140188 0.025505486926603427 0.22372745932712143 0.02 6.283181354974493 1.4278415362711794 0.002382503434319884 -3.139210284731561E-9
0.002994120584014768 0.03058085749372899 0.2537685283562782 0.02 6.283179066369899 1.5020534514578396 0.0029941205843147076 -6.229811437769364E-9
0.0037197847668029274 0.03628320913940798 0.2851175822839495 0.02 6.283175676535056 1.5674526963835644 0.0037197847669513213 -1.1944229887485627E-8
0.0045724882966730685 0.04263517649350705 0.3175983677049535 0.02 6.283170758335999 1.6240392710501983 0.00457248829708605 -2.2181437091175343E-8
0.0055656056790288535 0.04965586911778925 0.3510346312141099 0.02 6.2831637577060375 1.6718131754578203 0.005565605679341881 -3.9993080286262334E-8
0.006712823109147118 0.05736087150591323 0.38525011940619897 0.02 6.283153967496304 1.7107744096044541 0.006712823109225596 -7.015626590301319E-8
0.008028067970815803 0.06576224308343422 0.42006857887604937 0.02 6.28314049856391 1.7409229734925202 0.008028067970113734 -1.1997038225960294E-7
0.009525438334971863 0.07486851820780303 0.4553137562184409 0.02 6.283122248251011 1.762258867119576 0.00952543833215729 -2.0034193908002873E-7
0.011219132458339203 0.08468470616836699 0.49080939802819756 0.02 6.283097866481314 1.7747820904878335 0.011219132450353667 -3.272322675416245E-7
0.01312337828206661 0.09521229118637031 0.5263792509001664 0.02 6.283065719773137 1.7784926435984394 0.013123378264456167 -5.235537587989017E-7
0.015252362930365639 0.10644923241495147 0.5618470614290577 0.02 6.283023853538844 1.7733905264445682 0.015252362892210831 -8.216106241109786E-7
0.017620162209148575 0.11838996393914682 0.5970365762097675 0.02 6.2829699531062495 1.7594757390354876 0.017620162128453 -1.2661893680574604E-6
0.020240670104666323 0.1310253947758874 0.6317715418370291 0.02 6.2829013039579245 1.736748281363082 0.020240669942716477 -1.918411638695411E-6
0.02312752828214635 0.1443429088740013 0.6658757049056954 0.02 6.282814751736553 1.705208153433313 0.023127527966681428 -2.8604671756214672E-6
0.026294055584430612 0.1583263651142131 0.69917281201059 0.02 6.28270666260646 1.664855355244732 0.02629405498265052 -4.201346520991273E-6
0.029753177530613434 0.1729560973091411 0.7314866097463998 0.02 6.282572884592785 1.615689886790489 0.029753176413968824 -6.0836912760212775E-6
0.03351735581467954 0.18820891420330518 0.7626408447082039 0.02 6.282408710540177 1.557711748090207 0.033517353792028554 -8.691873277739959E-6
0.037598517804141834 0.20405809947311482 0.7924592634904817 0.02 6.282208843338415 1.4909209391138878 0.037598514214481224 -1.2261402543314176E-5
0.042007986038679404 0.22047341172687848 0.8207656126881832 0.02 6.281967364056685 1.4153174598850737 0.042007979794608075 -1.7089746588708904E-5
0.04675640772877544 0.23742108450480193 0.8473836388961722 0.02 6.281677703612031 1.3309013103994516 0.04675639707344134 -2.3548620285553795E-5
0.05185368425435513 0.2548638262789844 0.872137088709124 0.02 6.2813326185674825 1.23767249064759 0.0518536664074859 -3.2097775510980114E-5
0.0573089006634236 0.27276082045342326 0.8948497087219426 0.02 6.280924171623025 1.1356310006409298 0.057308871277266776 -4.3300283056324496E-5
0.0631302551786804 0.2910677257628402 0.915345265470846 0.02 6.280443717312913 1.0247778374451733 0.06313020758143852 -5.7839255908298526E-5
0.0693249942946908 0.30973695580052 0.933461501883992 0.02 6.279881892860166 0.9058118206572985 0.06932491839859949 -7.653593086250077E-5
0.07589940173269191 0.3287203719000556 0.9491708049767789 0.02 6.279228609257759 0.7854651546393421 0.07589928251933606 -1.0036916673538537E-4
0.08285885594680137 0.3479727107054728 0.9626169402708606 0.02 6.27847303768662 0.6723067647040892 0.08285867136272865 -1.3049650335305446E-4
0.09020790050730407 0.36745222802513494 0.9739758659831066 0.02 6.277603593029359 0.5679462856122974 0.09020761857879785 -1.6827674082053878E-4
0.0979503146020145 0.38712070473552185 0.9834238355193453 0.02 6.276607914071059 0.47239847681193603 0.09794988959290236 -2.152940459416719E-4
0.10608918353763871 0.4069434467812105 0.991137102284434 0.02 6.275472839008331 0.3856633382544328 0.10608855078511421 -2.733836398612771E-4
0.11462696924113638 0.42688928517488345 0.997291919683646 0.02 6.274184374750836 0.30774086996060435 0.11462603838550678 -3.446591560427037E-4
0.1235655807610829 0.4469305759973258 1.0020645411221163 0.02 6.272727658440893 0.23863107192351185 0.12356422685687757 -4.3154179801409287E-4
0.13290644476903143 0.46704320039742675 1.0056312200050488 0.02 6.2710869094722534 0.17833394414662473 0.1329044968363387 -5.367914795546685E-4
0.14265057606087506 0.4872065645921811 1.008168209737717 0.02 6.269245370221054 0.1268494866334069 0.14264780236921698 -6.635401880602104E-4
0.15279864805820884 0.5074035998666889 1.0098517637253916 0.02 6.267185233543205 0.0841776993837362 0.1527947373427398 -8.153278833699373E-4
0.16335106330969176 0.5276207625741464 1.0108581353728718 0.02 6.264887554916039 0.050318582374009324 0.16334560105228146 -9.961413267511043E-4
0.17430802399240902 0.5478480341358629 1.0113635780858277 0.02 6.2623321469446696 0.025272135647791405 0.1743004625907723 -0.0012104563247115063
0.18566960241311867 0.5680789210354822 1.0115443449809636 0.02 6.259497453708088 0.009038344756795436 0.18565922378301103 -0.0014632839771921008
0.1974358090644475 0.5883103325664413 1.0115705765479543 0.02 6.256360402726437 0.0013115783495387667 0.19742167818125084 -0.0017602215799299853
0.20960662037342717 0.6085405654489839 1.0115116441271332 0.02 6.252896242877516 -0.002946621041055586 0.20958752760477148 -0.002107507814708212
0.22218193063564723 0.6287655131110028 1.0112473831009439 0.02 6.249078381258844 -0.013213051309468593 0.22215632057783558 -0.00251208092600487
0.23516148201146073 0.6489775687906748 1.0106027839835996 0.02 6.244878208741574 -0.032229955867213445 0.2351273660267543 -0.0029816405490040443
0.24854479402462232 0.6691656006580795 1.009401593370235 0.02 6.240264908182682 -0.060059530668232775 0.24849964310402264 -0.003524713699236598
0.2623310930609258 0.6893149518151731 1.00746755785468 0.02 6.235205243944746 -0.09670177577775219 0.26227170705174946 -0.004150725025584556
0.2765192418668424 0.7094074402958311 1.0046244240329016 0.02 6.229663331663293 -0.1421566910889127 0.2764415903414662 -0.0048700713611454505
0.29110766904815844 0.7294213590658016 1.0006959384985248 0.02 6.223600387506151 -0.19642427671884288 0.2910066981833747 -0.005694200526568521
0.3060942985686135 0.7493314760227521 0.995505847847522 0.02 6.2169744565473914 -0.2595045325501366 0.3059636976230615 -0.006635694246843571
0.32147647924853795 0.7691090339962237 0.9888778986735791 0.02 6.209740120896409 -0.3313974586971469 0.32130839866338445 -0.007708354858184108
0.3372509142634913 0.7887217507476674 0.9806358375721858 0.02 6.201848189075093 -0.41210305506966805 0.33703562641439866 -0.008927295313286149
0.35341359064289996 0.8081338189704329 0.9706034111382766 0.02 6.193245369978396 -0.5016213216954557 0.35313908261383176 -0.010309031689855502
0.3699597087686951 0.8273059062897575 0.9586043659662313 0.02 6.183873937181817 -0.5999522586022654 0.3696111945988428 -0.011871577015884982
0.3868836118739504 0.8461951552627633 0.9444624486502906 0.02 6.173671392432981 -0.7070958657970361 0.3864429500604297 -0.01363453475406537
0.4041787164382678 0.8647552282158716 0.9280036476554121 0.02 6.162570141505095 -0.8229400497439254 0.4036237159066449 -0.01561918965882833
0.42183747011064765 0.8829376836189923 0.9091227701560345 0.02 6.150497182939125 -0.9440438749688806 0.421141065588599 -0.01784859637813485
0.4398513869889241 0.9006958439138235 0.8879080147415619 0.02 6.137373791377511 -1.0607377707236298 0.4389806611481659 -0.020347671119032462
0.45821111660267444 0.917986480687516 0.8645318386846235 0.02 6.123115240257238 -1.1688088028469212 0.457126143281457 -0.02314328180286257
0.4769065144145803 0.9347698905952939 0.8391704953888968 0.02 6.107630623459513 -1.268067164786335 0.47555899376120914 -0.026264329510719275
0.4959267123217903 0.9510098953604995 0.8120002382602798 0.02 6.090822834452706 -1.358512856430849 0.4942583655878055 -0.02974181496423242
0.5152601891572817 0.9666738417745679 0.7831973207034215 0.02 6.072588780658737 -1.4401458778429133 0.5132008777523578 -0.03360888162332462
0.5348948411912227 0.9817326016970496 0.7529379961240812 0.02 6.052819935121859 -1.5129662289670165 0.5323603723914445 -0.0379008241161819
0.5548180526323343 0.9961605720555822 0.7213985179266302 0.02 6.031403355469519 -1.5769739098725477 0.5517076343339635 -0.04265504735993164
0.5750167661292526 1.0099356748459132 0.6887551395165503 0.02 6.0082233327639205 -1.6321689205039958 0.5712100744280362 -0.04791095735149309
0.5954775532718909 1.0230393571319163 0.6551841143001558 0.02 5.983163861785579 -1.6785512608197273 0.5908313839161916 -0.053709760433635234
0.6161866850928012 1.0354565910455138 0.6208616956798751 0.02 5.956112149026018 -1.7161209310140313 0.6105311719346491 -0.06009414298141408
0.6371302025685371 1.0471758737867987 0.5859641370642432 0.02 5.926963378847167 -1.7448779307815965 0.6302646076639296 -0.06710779983107645
0.6582939871210159 1.0581892276239402 0.5506676918570763 0.02 5.895626928765545 -1.7648222603583452 0.6499820996847308 -0.07479477792306388
0.6796638311188801 1.0684921998932062 0.515148613463301 0.02 5.8620341385155985 -1.7759539196887664 0.6696290587411851 -0.08319860365254189
0.7012255083788586 1.0780838629989242 0.4795831552859009 0.02 5.826147569598644 -1.7782729088700044 0.6891458052581763 -0.0923611707468967
0.7229648446671311 1.0869668144136257 0.44414757073507616 0.02 5.7879714214976214 -1.771779227541237 0.708467697351572 -0.10232138292583337
0.7448677882006884 1.0951471766778687 0.4090181132121451 0.02 5.747562396764835 -1.7564728761465531 0.7275255635340989 -0.11311357386747534
0.7669204801486955 1.1026345974003537 0.3743710361242547 0.02 5.705039860344943 -1.7323538543945194 0.746246522936559 -0.12476576736775008
0.7891093251338527 1.1094422492578582 0.3403825928752213 0.02 5.66059371155111 -1.6994221624516692 0.7645552559397191 -0.13729788907106039
0.8114210617337582 1.1155868299952743 0.30722903687080416 0.02 5.614488124865937 -1.657677800220858 0.7823757466167183 -0.15072009088018823
0.8338428329822701 1.1210885624255984 0.27508662151620733 0.02 5.567059405274441 -1.6071207677298416 0.7996334523934809 -0.1650313856014371
0.856362256870869 1.1259711944299422 0.24413160021719005 0.02 5.518706785037082 -1.5477510649508641 0.8162577758413108 -0.18021879803968166
0.8789674968500191 1.1302619989575047 0.21454022637812376 0.02 5.469876075859331 -1.4795686919533146 0.8321846336847853 -0.19625720549881143
0.9016473323305304 1.1339917740255667 0.18648875340310234 0.02 5.42103748240932 -1.402573648751071 0.8473588631568939 -0.21310996293149026
0.9243912291849224 1.1371948427196021 0.1601534347017708 0.02 5.3726601893856145 -1.3167659350665772 0.861736197190865 -0.23073029783737736
0.9471894102487842 1.1399090531930889 0.13571052367433722 0.02 5.325187112083869 -1.2221455513716784 0.8752845872629664 -0.24906334320808826
0.9700329258221371 1.1421757786676423 0.11333627372767108 0.02 5.279013159911445 -1.1187124973333074 0.8879847478529737 -0.26804858474607945
0.9929137241233345 1.144039915059869 0.09320681961133559 0.02 5.234469520039923 -1.0064727058167744 0.8998299143614454 -0.28762245472513476
1.0158247122936856 1.14554940851756 0.07547467288454568 0.02 5.191815151929165 -0.8866073363394955 0.9108249115979675 -0.30772080840626964
1.0387597541739937 1.146752094015402 0.06013427489209855 0.02 5.151235375823989 -0.7670198996223565 0.920984689482345 -0.328281033854176
1.0617136078297271 1.1476926827866718 0.04702943856349506 0.02 5.112846258899762 -0.6552418164301743 0.9303325503010346 -0.34924367172961607
1.0846818550776758 1.148412362397433 0.03598398053805685 0.02 5.0767028973004535 -0.5522729012719108 0.9388982954557044 -0.37055355115605865
1.1076608309845866 1.148948795345539 0.026821647405306237 0.02 5.042809756751015 -0.45811665663753054 0.9467164508112075 -0.3921604767432833
1.130647553365803 1.1493361190608176 0.019366185763924904 0.02 5.011131543802269 -0.3727730820690667 0.9538246750171948 -0.4140195336427265
1.1536396522839023 1.1496049459049695 0.013441342207598517 0.02 4.981603515343869 -0.29624217781631934 0.9602624072913537 -0.43609109469332524
1.1766352995473341 1.149782363171592 0.008870863331122969 0.02 4.954140574231662 -0.2285239438237774 0.9660697720481951 -0.4583406131990008
1.1996331382090575 1.1498919330861668 0.005478495728739041 0.02 4.9286448591517145 -0.1696183801191964 0.9712867308348863 -0.4807382754903905
1.2226322120651796 1.149953692806105 0.0030879859969079604 0.02 4.905011792571497 -0.11952548659155404 0.9759524558196435 -0.5032585727931758
1.245631895153593 1.149984154420669 0.0015230807282051728 0.02 4.883134705953831 -0.07824526343513938 0.9801048916950128 -0.5258798371781395
1.2686318212526142 1.149996304951062 6.07526519647017E-4 0.02 4.862908239368247 -0.04577771042790779 0.9837804713202967 -0.5485837725558049
1.291631813379621 1.1499996063503382 1.6506996380893924E-4 0.02 4.844230736151488 -0.022122827791903887 0.9870139527178785 -0.5713550012955391
1.3146318132915367 1.1499999955957851 1.9462272349279885E-5 0.02 4.827005845673635 -0.0072803845729829675 0.9898383489541442 -0.5941806382922408
1.3376318132915368 1.1500000000000066 2.2021107159986286E-7 0.02 4.81114352101335 -9.621030638840011E-4 0.9922849273518943 -0.6170499006845037
1.3606318132915363 1.1499999999999733 -1.6653345369377348E-12 0.02 4.796560555573494 -1.101063684671999E-5 0.9943832605908158 -0.6399537786009055
1.3836318132915362 1.1499999999999955 1.1102230246251565E-12 0.02 4.783180788889625 1.3877787807814457E-10 0.996161312946023 -0.6628847759237315
1.406631813291536 1.1499999999999955 0.0 0.02 4.770935104268032 -5.551115123125783E-11 0.9976455461399552 -0.6858366917908839
1.4296318132915362 1.1500000000000066 5.551115123125783E-13 0.02 4.759761296415788 2.7755575615628914E-11 0.9988610364435023 -0.7088044317575128
1.4526318132915363 1.1500000000000066 0.0 0.02 4.749603862317312 -2.7755575615628914E-11 0.9998315979407584 -0.7317838456387503
1.4756318132915363 1.1499999999999955 -5.551115123125783E-13 0.02 4.740413755090493 -2.7755575615628914E-11 1.0005799084240794 -0.7547715881990914
1.4986318132915362 1.1499999999999955 0.0 0.02 4.73214812947983 2.7755575615628914E-11 1.0011276356815335 -0.7777649999301816
1.5216318132915363 1.1500000000000066 5.551115123125783E-13 0.02 4.724770100168624 2.7755575615628914E-11 1.0014955628444058 -0.8007620047379385
1.5446318132915362 1.1499999999999955 -5.551115123125783E-13 0.02 4.7182485283066935 -5.551115123125783E-11 1.0017037122013146 -0.823761022076996
1.5676318132915363 1.1500000000000066 5.551115123125783E-13 0.02 4.712557847908137 5.551115123125783E-11 1.0017714674242615 -0.8467608912352268
1.5906318132915362 1.1499999999999955 -5.551115123125783E-13 0.02 4.707677941393023 -5.551115123125783E-11 1.0017176945787518 -0.8697608055558558
1.6136318132915364 1.1500000000000066 5.551115123125783E-13 0.02 4.703594072157156 5.551115123125783E-11 1.0015608626366233 -0.8927602548582616
1.6366318132915365 1.1500000000000066 0.0 0.02 4.700296881695539 -2.7755575615628914E-11 1.0013191644964976 -0.9157589744390483
1.6596318132915366 1.1500000000000066 0.0 0.02 4.697782459221481 0.0 1.0010106397827763 -0.9387568989819413
1.6826318132915363 1.1499999999999844 -1.1102230246251565E-12 0.02 4.696052492774546 -5.551115123125783E-11 1.000653300952668 -0.9617541200464041
1.7056318132915365 1.1500000000000066 1.1102230246251565E-12 0.02 4.695114512661267 1.1102230246251565E-10 1.0002652645162629 -0.9847508456525987
1.7286318132915366 1.1500000000000066 0.0 0.02 4.694892513354178 -5.551115123125783E-11 0.9998646578022374 -1.0077473565333064
1.7516318132915367 1.1500000000000066 0.0 0.02 4.694259425789596 0.0 0.999456421944719 -1.030743732889453
1.7746318132915364 1.1499999999999844 -1.1102230246251565E-12 0.02 4.692878055004513 -5.551115123125783E-11 0.9990250095321059 -1.0537396846827338
1.7976318132915365 1.1500000000000066 1.1102230246251565E-12 0.02 4.690753297707683 1.1102230246251565E-10 0.9985532798280609 -1.0767348422522467
1.8206318132915367 1.1500000000000066 0.0 0.02 4.687885175903802 -5.551115123125783E-11 0.9980241502436463 -1.0997287470760482
1.8436318132915368 1.1500000000000066 0.0 0.02 4.684268980670706 0.0 0.9974204873047219 -1.1227208112303493
1.866631813291537 1.1500000000000066 0.0 0.02 4.679895351047068 0.0 0.9967250006872485 -1.1457102752327146
1.8896318132915366 1.1499999999999844 -1.1102230246251565E-12 0.02 4.674750294298173 -5.551115123125783E-11 0.9959201391077039 -1.1686961628726278
1.9126318132915368 1.1500000000000066 1.1102230246251565E-12 0.02 4.668815152911945 1.1102230246251565E-10 0.994987987015409 -1.1916772320296745
1.9356318132915364 1.1499999999999844 -1.1102230246251565E-12 0.02 4.662066523334342 -1.1102230246251565E-10 0.9939101612199578 -1.2146519199121717
1.9586318132915361 1.1499999999999844 0.0 0.02 4.654476131367972 5.551115123125783E-11 0.9926677067548586 -1.2376182815613863
1.9816318132915363 1.1500000000000066 1.1102230246251565E-12 0.02 4.646010669858052 5.551115123125783E-11 0.9912409915161089 -1.260573919743815
2.004631813291536 1.1499999999999955 -5.551115123125783E-13 0.02 4.636631605279961 -8.326672684688674E-11 0.9896095994423362 -1.2835159048811178
2.0276318132915367 1.1500000000000288 1.6653345369377348E-12 0.02 4.626294962051983 1.1102230246251565E-10 0.9877522223673509 -1.3064406827531276
2.0506318132915364 1.1499999999999844 -2.220446049250313E-12 0.02 4.614951096248487 -1.942890293094024E-10 0.9856465510770203 -1.3293439680071555
2.073631813291537 1.1500000000000288 2.220446049250313E-12 0.02 4.602544474711305 2.220446049250313E-10 0.9832691666615159 -1.3522206211412624
2.0966318132915367 1.1499999999999844 -2.220446049250313E-12 0.02 4.589013481639771 -2.220446049250313E-10 0.980595434011561 -1.3750645061671143
2.1196318132915364 1.1499999999999844 0.0 0.02 4.574290282426358 1.1102230246251565E-10 0.9775994002041535 -1.3978683265920537
2.142631813291537 1.1500000000000288 2.220446049250313E-12 0.02 4.558300785348757 1.1102230246251565E-10 0.9742537018238653 -1.4206234366248298
2.1656318132915366 1.1499999999999844 -2.220446049250313E-12 0.02 4.540964754906822 -2.220446049250313E-10 0.9705294867932168 -1.443319625173356
2.1886318132915363 1.1499999999999844 0.0 0.02 4.522196147477356 1.1102230246251565E-10 0.9663963582934063 -1.4659448703892144
2.211631813291537 1.1500000000000288 2.220446049250313E-12 0.02 4.50190376007811 1.1102230246251565E-10 0.9618223507906527 -1.4884850634559494
2.2346318132915366 1.1499999999999844 -2.220446049250313E-12 0.02 4.479992305984712 -2.220446049250313E-10 0.9567739510714003 -1.5109237019464974
2.257631813291537 1.1500000000000288 2.220446049250313E-12 0.02 4.456364055599976 2.220446049250313E-10 0.9512161805670576 -1.5332415552686367
2.280631813291537 1.1499999999999844 -2.220446049250313E-12 0.02 4.430921202935716 -2.220446049250313E-10 0.9451127586642305 -1.5554163090583484
2.3036318132915365 1.1499999999999844 0.0 0.02 4.403569133813355 1.1102230246251565E-10 0.938426370277301 -1.577422199897081
2.326631813291537 1.1500000000000288 2.220446049250313E-12 0.02 4.374220769616982 1.1102230246251565E-10 0.9311190634342372 -1.5992296595860356
2.349631813291537 1.1499999999999844 -2.220446049250313E-12 0.02 4.342802129373188 -2.220446049250313E-10 0.9231528034994523 -1.6208049970630294
2.3726318132915365 1.1499999999999844 0.0 0.02 4.309259175016118 1.1102230246251565E-10 0.9144902081830939 -1.642110157045773
2.395631813291537 1.1500000000000288 2.220446049250313E-12 0.02 4.27356586241375 1.1102230246251565E-10 0.905095479981202 -1.6631026061262109
2.4186318132915368 1.1499999999999844 -2.220446049250313E-12 0.02 4.235733100672686 -2.220446049250313E-10 0.8949355383301886 -1.683735407299431
2.4416318132915373 1.1500000000000288 2.220446049250313E-12 0.02 4.195818022658129 2.220446049250313E-10 0.8839813304916921 -1.7039575508784326
2.464631813291537 1.1499999999999844 -2.220446049250313E-12 0.02 4.1539326239145264 -2.220446049250313E-10 0.8722092693439225 -1.7237146060315571
2.4876318132915367 1.1499999999999844 0.0 0.02 4.110250495056285 1.1102230246251565E-10 0.8596027081646918 -1.742949742798065
2.5106318132915373 1.1500000000000288 2.220446049250313E-12 0.02 4.065010173548269 1.1102230246251565E-10 0.8461533255492393 -1.7616051405932414
2.533631813291536 1.14999999999994 -4.440892098500626E-12 0.02 4.0185137005392315 -3.3306690738754696E-10 0.8318622654617593 -1.7796237498054754
2.5566318132915367 1.1500000000000288 4.440892098500626E-12 0.02 3.9711193994300586 4.440892098500626E-10 0.8167408707419317 -1.7969513110821882
2.5796318132915363 1.1499999999999844 -2.220446049250313E-12 0.02 3.9232287083371955 -3.3306690738754696E-10 0.8008108722507363 -1.8135384753803008
2.602631813291537 1.1500000000000288 2.220446049250313E-12 0.02 3.875267966484821 2.220446049250313E-10 0.784103952846212 -1.8293428234934426
2.6256318132915366 1.1499999999999844 -2.220446049250313E-12 0.02 3.8276671021597357 -2.220446049250313E-10 0.7666606881511417 -1.844330572122431
2.6486318132915363 1.1499999999999844 0.0 0.02 3.7808378665769298 1.1102230246251565E-10 0.7485289560722341 -1.858477783805836
2.671631813291536 1.1499999999999844 0.0 0.02 3.7351543637105533 0.0 0.7297619822884228 -1.8717709654098365
2.6946318132915366 1.1500000000000288 2.220446049250313E-12 0.02 3.6909381011938502 1.1102230246251565E-10 0.7104162300515364 -1.8842070287214692
2.7176318132915362 1.1499999999999844 -2.220446049250313E-12 0.02 3.648448818708338 -2.220446049250313E-10 0.6905493423119384 -1.8957926739980258
2.740631813291537 1.1500000000000288 2.220446049250313E-12 0.02 3.6078812538385265 2.220446049250313E-10 0.6702183073113761 -1.9065433232645042
2.7636318132915365 1.1499999999999844 -2.220446049250313E-12 0.02 3.569367086201983 -2.220446049250313E-10 0.6494779599574662 -1.9164817636277327
2.786631813291536 1.1499999999999844 0.0 0.02 3.5329807417964063 1.1102230246251565E-10 0.6283798681907637 -1.9256366615973342
2.8096318132915368 1.1500000000000288 2.220446049250313E-12 0.02 3.4987475675435196 1.1102230246251565E-10 0.6069715990622654 -1.93404108603474
2.8326318132915365 1.1499999999999844 -2.220446049250313E-12 0.02 3.4666530175319417 -2.220446049250313E-10 0.585296321690243 -1.9417311408421398
2.855631813291536 1.1499999999999844 0.0 0.02 3.436651794502017 1.1102230246251565E-10 0.5633926842684105 -1.9487447697388471
2.8786318132915367 1.1500000000000288 2.220446049250313E-12 0.02 3.408676241069756 1.1102230246251565E-10 0.5412948964376847 -1.9551207617005417
2.9016318132915364 1.1499999999999844 -2.220446049250313E-12 0.02 3.3826435949986804 -2.220446049250313E-10 0.5190329533814665 -1.9608979597897669
2.924631813291537 1.1500000000000288 2.220446049250313E-12 0.02 3.3584619686699995 2.220446049250313E-10 0.4966329473754594 -1.966114659431076
2.9476318132915367 1.1499999999999844 -2.220446049250313E-12 0.02 3.3360350799191747 -2.220446049250313E-10 0.4741174247092681 -1.9708081727636753
2.9706318132915364 1.1499999999999844 0.0 0.02 3.3152658575604463 1.1102230246251565E-10 0.45150575679967897 -1.9750145322148875
2.993631813291537 1.1500000000000288 2.220446049250313E-12 0.02 3.2960590900497975 1.1102230246251565E-10 0.4288145047853009 -1.9787683064398227
3.0166318132915366 1.1499999999999844 -2.220446049250313E-12 0.02 3.278323294520212 -2.220446049250313E-10 0.406057763829866 -1.982102504299822
3.0396318132915363 1.1499999999999844 0.0 0.02 3.2619719733926997 1.1102230246251565E-10 0.38324747986600427 -1.9850485457773557
3.062631813291536 1.1499999999999844 0.0 0.02 3.2469244046591275 0.0 0.3603937353694924 -1.9876362824459883
3.0856318132915366 1.1500000000000288 2.220446049250313E-12 0.02 3.2331060877079576 1.1102230246251565E-10 0.3375050033871837 -1.989894053609829
3.1086318132915363 1.1499999999999844 -2.220446049250313E-12 0.02 3.220448943212464 -2.220446049250313E-10 0.31458837114546656 -1.9918487672788787
3.131631813291536 1.1499999999999844 0.0 0.02 3.208891344382347 1.1102230246251565E-10 0.2916497354209483 -1.9935259978038538
3.1546318132915356 1.1499999999999844 0.0 0.02 3.1983780389541074 0.0 0.26869397193800915 -1.9949500941704907
3.177631813291536 1.1500000000000288 2.220446049250313E-12 0.02 3.1888600075151396 1.1102230246251565E-10 0.24572508228157486 -1.99614429459431
3.200631813291536 1.1499999999999844 -2.220446049250313E-12 0.02 3.180294291931988 -2.220446049250313E-10 0.2227463206895608 -1.997130844509939
3.2236318132915356 1.1499999999999844 0.0 0.02 3.172643819482294 1.1102230246251565E-10 0.19976030352848062 -1.9979311160527167
3.2466318132915353 1.1499999999999844 0.0 0.02 3.165877241999921 0.0 0.17676910413923175 -1.9985657279605376
3.269631813291536 1.1500000000000288 2.220446049250313E-12 0.02 3.159968804753519 1.1102230246251565E-10 0.15377433514383765 -1.9990546654814754
3.2926318132915355 1.1499999999999844 -2.220446049250313E-12 0.02 3.154898256925399 -2.220446049250313E-10 0.13077722033195227 -1.9994174003641239
3.315631813291536 1.1500000000000288 2.220446049250313E-12 0.02 3.1506508137856377 2.220446049250313E-10 0.10777865805033937 -1.9996730114205596
3.338631813291536 1.1499999999999844 -2.220446049250313E-12 0.02 3.1472171798811215 -2.220446049250313E-10 0.08477927778806493 -1.999840306500389
3.3616318132915364 1.1500000000000288 2.220446049250313E-12 0.02 3.1445936426914085 2.220446049250313E-10 0.061779491648587426 -1.9999379470236978
3.384631813291536 1.1499999999999844 -2.220446049250313E-12 0.02 3.142782247066343 -2.220446049250313E-10 0.03877954207154366 -1.9999845765214153
3.407631813291535 1.14999999999994 -2.220446049250313E-12 0.02 3.1417910624949807 0.0 0.01577954751540267 -1.9999989549368133
3.4306318132915354 1.1500000000000288 4.440892098500626E-12 0.02 3.141550982945505 3.3306690738754696E-10 -0.007220452422531174 -1.999999899638962
3.453631813291535 1.1499999999999844 -2.220446049250313E-12 0.02 3.140868364902686 -3.3306690738754696E-10 -0.030220450836687254 -1.999992685887881
3.4766318132915357 1.1500000000000288 2.220446049250313E-12 0.02 3.1393609228635153 2.220446049250313E-10 -0.053220425790028655 -1.9999602603977304
3.4996318132915354 1.1499999999999844 -2.220446049250313E-12 0.02 3.1370390576674794 -2.220446049250313E-10 -0.07622029347275569 -1.99988378410414
3.522631813291536 1.1500000000000288 2.220446049250313E-12 0.02 3.1339070195302208 2.220446049250313E-10 -0.09921986284207707 -1.9997445862154686
3.5456318132915357 1.1499999999999844 -2.220446049250313E-12 0.02 3.129963213390141 -2.220446049250313E-10 -0.1222187903771993 -1.9995240272518129
3.5686318132915362 1.1500000000000288 2.220446049250313E-12 0.02 3.1252004063778793 2.220446049250313E-10 -0.14521653326144082 -1.9992033685832338
3.591631813291535 1.14999999999994 -4.440892098500626E-12 0.02 3.1196058502520208 -3.3306690738754696E-10 -0.1682122994931767 -1.998763646590619
3.6146318132915356 1.1500000000000288 4.440892098500626E-12 0.02 3.1131613296775003 4.440892098500626E-10 -0.19120499338910665 -1.998185549889672
3.6376318132915353 1.1499999999999844 -2.220446049250313E-12 0.02 3.105843146011025 -3.3306690738754696E-10 -0.21419315497054622 -1.9974492983561414
3.660631813291536 1.1500000000000288 2.220446049250313E-12 0.02 3.097622045935939 2.220446049250313E-10 -0.23717489132995023 -1.9965345230027478
3.6836318132915356 1.1499999999999844 -2.220446049250313E-12 0.02 3.0884631045165998 -2.220446049250313E-10 -0.2601477985616459 -1.9954201460699605
3.706631813291536 1.1500000000000288 2.220446049250313E-12 0.02 3.078325573906356 2.220446049250313E-10 -0.28310887172469634 -1.994084261106359
3.729631813291536 1.1499999999999844 -2.220446049250313E-12 0.02 3.0671627110397237 -2.220446049250313E-10 -0.30605440122097716 -1.992504013237494
3.7526318132915355 1.1499999999999844 0.0 0.02 3.0549216019288346 1.1102230246251565E-10 -0.328979852598973 -1.9906554804584087
3.775631813291535 1.1499999999999844 0.0 0.02 3.0415430053097707 0.0 -0.3518797276241197 -1.9885135574813633
3.7986318132915358 1.1500000000000288 2.220446049250313E-12 0.02 3.0269612463957634 1.1102230246251565E-10 -0.3747474034383961 -1.9860518446856525
3.8216318132915355 1.1499999999999844 -2.220446049250313E-12 0.02 3.0111042013057743 -2.220446049250313E-10 -0.39757494725583176 -1.9832425459061445
3.844631813291536 1.1500000000000288 2.220446049250313E-12 0.02 2.993893426200243 2.220446049250313E-10 -0.42035290353129884 -1.9800563804295972
3.8676318132915357 1.1499999999999844 -2.220446049250313E-12 0.02 2.9752445012448336 -2.220446049250313E-10 -0.44307005150425055 -1.9764625164935954
3.8906318132915363 1.1500000000000288 2.220446049250313E-12 0.02 2.955067679843378 2.220446049250313E-10 -0.46571313116971846 -1.9724285361093696
3.913631813291536 1.1499999999999844 -2.220446049250313E-12 0.02 2.9332689558057603 -2.220446049250313E-10 -0.4882665379629005 -1.967920443847269
3.9366318132915357 1.1499999999999844 0.0 0.02 2.9097516860617056 1.1102230246251565E-10 -0.5107119879665044 -1.9629027357071474
3.9596318132915354 1.1499999999999844 0.0 0.02 2.8844189286095707 0.0 -0.5330281597506714 -1.9573385477131704
3.982631813291536 1.1500000000000288 2.220446049250313E-12 0.02 2.857176671271184 1.1102230246251565E-10 -0.5551903236350072 -1.9511899074998116
4.005631813291536 1.1499999999999844 -2.220446049250313E-12 0.02 2.8279381258927634 -2.220446049250313E-10 -0.5771699765187002 -1.9444181149250004
4.028631813291535 1.1499999999999844 0.0 0.02 2.796629233741101 1.1102230246251565E-10 -0.5989345089514897 -1.9369842790296674
4.051631813291536 1.1500000000000288 2.220446049250313E-12 0.02 2.7631954514655384 1.1102230246251565E-10 -0.6204469429961628 -1.9288500363686543
4.074631813291536 1.1499999999999844 -2.220446049250313E-12 0.02 2.7276097498495635 -2.220446049250313E-10 -0.6416657900254789 -1.9199784691491386
4.097631813291536 1.1500000000000288 2.220446049250313E-12 0.02 2.689881540210307 2.220446049250313E-10 -0.6625450893259088 -1.9103352275612018
4.120631813291535 1.14999999999994 -4.440892098500626E-12 0.02 2.6500659485506093 -3.3306690738754696E-10 -0.683034695312445 -1.8998898383400178
4.1436318132915355 1.1500000000000288 4.440892098500626E-12 0.02 2.608272511561797 4.440892098500626E-10 -0.7030808796006158 -1.8886171506985425
4.166631813291535 1.1499999999999844 -2.220446049250313E-12 0.02 2.5646720352909385 -3.3306690738754696E-10 -0.7226273003359791 -1.8764988330722376
4.189631813291536 1.1500000000000288 2.220446049250313E-12 0.02 2.519500146938151 2.220446049250313E-10 -0.7416163600616805 -1.8635247957961734
4.2126318132915355 1.1499999999999844 -2.220446049250313E-12 0.02 2.4730561150100407 -2.220446049250313E-10 -0.7599909248715414 -1.8496943851211682
4.235631813291536 1.1500000000000288 2.220446049250313E-12 0.02 2.4256959241121754 2.220446049250313E-10 -0.7776963162689814 -1.8350171845730034
4.258631813291536 1.1499999999999844 -2.220446049250313E-12 0.02 2.3778193884299537 -2.220446049250313E-10 -0.794682424882511 -1.8195132803714764
4.281631813291535 1.1499999999999844 0.0 0.02 2.329852149119657 1.1102230246251565E-10 -0.8109057481505982 -1.8032129021604453
4.304631813291535 1.1499999999999844 0.0 0.02 2.282224456651902 0.0 -0.8263311388873855 -1.7861554316487587
4.327631813291536 1.1500000000000288 2.220446049250313E-12 0.02 2.235349360872885 1.1102230246251565E-10 -0.8409330775275918 -1.7683878627382237
4.350631813291536 1.1500000000000288 0.0 0.02 2.1896030687926427 -1.1102230246251565E-10 -0.8546963451681342 -1.7499628744674147
4.373631813291536 1.1499999999999844 -2.220446049250313E-12 0.02 2.1453097341908256 -1.1102230246251565E-10 -0.8676160616521728 -1.730936723364654
4.396631813291536 1.1499999999999844 0.0 0.02 2.102731989259977 1.1102230246251565E-10 -0.8796971408678183 -1.7113671654407472
4.419631813291536 1.1500000000000288 2.220446049250313E-12 0.02 2.062067430028317 1.1102230246251565E-10 -0.8909532836833292 -1.6913115840263035
4.442631813291536 1.1499999999999844 -2.220446049250313E-12 0.02 2.0234503349100925 -2.220446049250313E-10 -0.9014056650634017 -1.670825442887496
4.4656318132915365 1.1500000000000288 2.220446049250313E-12 0.02 1.9869573151029558 2.220446049250313E-10 -0.9110814760897649 -1.6499611199609256
4.488631813291536 1.1499999999999844 -2.220446049250313E-12 0.02 1.9526154076520972 -2.220446049250313E-10 -0.9200124598670685 -1.6287671222943572
4.511631813291537 1.1500000000000288 2.220446049250313E-12 0.02 1.9204112402408973 2.220446049250313E-10 -0.9282335453925823 -1.6072876429265275
4.534631813291536 1.1499999999999844 -2.220446049250313E-12 0.02 1.8903001940139388 -2.220446049250313E-10 -0.9357816449485932 -1.5855623989575927
4.557631813291536 1.1499999999999844 0.0 0.02 1.8622148417652546 1.1102230246251565E-10 -0.9426946465705259 -1.563626682947122
4.580631813291536 1.1499999999999844 0.0 0.02 1.836072260799052 0.0 -0.9490106069446929 -1.5415115632593661
4.6036318132915355 1.1499999999999844 0.0 0.02 1.811780071239955 0.0 -0.9547671323933927 -1.5192441789943532
4.626631813291536 1.1500000000000288 2.220446049250313E-12 0.02 1.7892412192237122 1.1102230246251565E-10 -0.9600009261213569 -1.4968480853621426
4.649631813291535 1.14999999999994 -4.440892098500626E-12 0.02 1.76835762594632 -3.3306690738754696E-10 -0.964747475354522 -1.4743436181123304
4.672631813291535 1.1500000000000288 4.440892098500626E-12 0.02 1.7490328688704935 4.440892098500626E-10 -0.9690408520864808 -1.4517482545532665
4.695631813291535 1.1499999999999844 -2.220446049250313E-12 0.02 1.7311740726906233 -3.3306690738754696E-10 -0.972913603142593 -1.4290769568218862
4.718631813291536 1.1500000000000288 2.220446049250313E-12 0.02 1.714693177948482 2.220446049250313E-10 -0.9763967084021167 -1.4063424894997947
4.741631813291535 1.1499999999999844 -2.220446049250313E-12 0.02 1.6995077339816222 -2.220446049250313E-10 -0.9795195897160266 -1.3835557071990547
4.764631813291536 1.1500000000000288 2.220446049250313E-12 0.02 1.6855413393744048 2.220446049250313E-10 -0.9823101563407817 -1.3607258114597027
4.787631813291536 1.1499999999999844 -2.220446049250313E-12 0.02 1.6727238287337782 -2.220446049250313E-10 -0.9847948759000935 -1.337860577444155
4.810631813291535 1.1499999999999844 0.0 0.02 1.6609912836983207 1.1102230246251565E-10 -0.9869988624136895 -1.314966552559489
4.833631813291535 1.1499999999999844 0.0 0.02 1.6502859278329074 0.0 -0.9889459751281748 -1.2920492294088688
4.856631813291536 1.1500000000000288 2.220446049250313E-12 0.02 1.640555950523221 1.1102230246251565E-10 -0.990658923585045 -1.2691131958813697
4.879631813291535 1.1499999999999844 -2.220446049250313E-12 0.02 1.6317552933381436 -2.220446049250313E-10 -0.9921593757351259 -1.2461622649801471
4.902631813291536 1.1500000000000288 2.220446049250313E-12 0.02 1.6238434236437056 2.220446049250313E-10 -0.9934680669272422 -1.2231995872731969
4.9256318132915355 1.1499999999999844 -2.220446049250313E-12 0.02 1.616785113359867 -2.220446049250313E-10 -0.9946049084486988 -1.2002277480935741
4.948631813291536 1.1500000000000288 2.220446049250313E-12 0.02 1.6105502361466209 2.220446049250313E-10 -0.9955890948658186 -1.177248852048528
4.971631813291536 1.1499999999999844 -2.220446049250313E-12 0.02 1.6051135926190176 -2.220446049250313E-10 -0.9964392099229322 -1.1542645965496132
4.9946318132915355 1.1499999999999844 0.0 0.02 1.6004547710136436 1.1102230246251565E-10 -0.9971733310921677 -1.131276336303049
5.017631813291535 1.1499999999999844 0.0 0.02 1.5965580492133484 0.0 -0.9978091331579098 -1.10828514046574
5.040631813291536 1.1500000000000288 2.220446049250313E-12 0.02 1.5934123432035172 1.1102230246251565E-10 -0.9983639914574598 -1.0852918437106656
5.063631813291535 1.1499999999999844 -2.220446049250313E-12 0.02 1.5910112069185185 -2.220446049250313E-10 -0.9988550855787796 -1.062297092739572
5.086631813291536 1.1500000000000288 2.220446049250313E-12 0.02 1.5893528886408306 2.220446049250313E-10 -0.9992995045014645 -1.0393013894398264
5.109631813291536 1.1499999999999844 -2.220446049250313E-12 0.02 1.5884404498288833 -2.220446049250313E-10 -0.9997143543347351 -1.0163051318632346
5.132631813291536 1.1500000000000288 2.220446049250313E-12 0.02 1.588215083226517 2.220446049250313E-10 -1.0001167208171697 -0.9933086517089583
5.155631813291536 1.1499999999999844 -2.220446049250313E-12 0.02 1.5875749874979073 -2.220446049250313E-10 -1.000511511203432 -0.9703120406085767
5.178631813291536 1.1499999999999844 0.0 0.02 1.5861385447604304 1.1102230246251565E-10 -1.0008823999981893 -0.9473150331915214
5.201631813291536 1.1500000000000288 2.220446049250313E-12 0.02 1.5839155424338667 1.1102230246251565E-10 -1.0012111970836557 -0.9243173882164006
5.224631813291536 1.1499999999999844 -2.220446049250313E-12 0.02 1.5809098089019535 -2.220446049250313E-10 -1.0014798669472575 -0.901318966147603
5.2476318132915365 1.1500000000000288 2.220446049250313E-12 0.02 1.5771194945638944 2.220446049250313E-10 -1.0016703950380799 -0.8783197690809288
5.270631813291535 1.14999999999994 -4.440892098500626E-12 0.02 1.5725372559276782 -3.3306690738754696E-10 -1.0017646599827645 -0.8553199823840347
5.293631813291537 1.1500000000000732 6.661338147750939E-12 0.02 1.5671503544044594 5.551115123125783E-10 -1.00174430974898 -0.8323200192022817
5.316631813291536 1.14999999999994 -6.661338147750939E-12 0.02 1.560940679452103 -6.661338147750939E-10 -1.0015906401247716 -0.8093205695179633
5.339631813291536 1.1500000000000288 4.440892098500626E-12 0.02 1.5538847042887671 5.551115123125783E-10 -1.0012844741493276 -0.7863226551028253
5.362631813291536 1.1499999999999844 -2.220446049250313E-12 0.02 1.545953381754336 -3.3306690738754696E-10 -1.0008060413874311 -0.7633276919832948
5.385631813291536 1.1500000000000288 2.220446049250313E-12 0.02 1.5371119880182311 2.220446049250313E-10 -1.000134856219401 -0.7403375622638243
5.408631813291536 1.1499999999999844 -2.220446049250313E-12 0.02 1.52731992274928 -2.220446049250313E-10 -0.9992495946377149 -0.7173546972365255
5.431631813291537 1.1500000000000288 2.220446049250313E-12 0.02 1.5165304763322065 2.220446049250313E-10 -0.9981279694300368 -0.6943821739638834
5.454631813291536 1.1499999999999844 -2.220446049250313E-12 0.02 1.5046905780554014 -2.220446049250313E-10 -0.9967466041343274 -0.6714238279768681
5.477631813291536 1.1499999999999844 0.0 0.02 1.4917405439112863 1.1102230246251565E-10 -0.9950809067849664 -0.648484384661696
5.500631813291536 1.1499999999999844 0.0 0.02 1.4776138497441296 0.0 -0.9931049453364258 -0.6255696125812532
5.523631813291536 1.1500000000000288 2.220446049250313E-12 0.02 1.4622369648974254 1.1102230246251565E-10 -0.9907913277659423 -0.6026865019843437
5.546631813289797 1.1499999999130317 -4.349853810481363E-9 0.02 1.4455292941196685 -2.1760371282653068E-7 -0.9881110913088884 -0.5798434717979151
5.569631811007109 1.1499998858655935 -5.702371908000714E-6 0.02 1.4274032940810837 -2.8490110270951163E-4 -0.985033607538453 -0.5570506109428459
5.592631774475819 1.1499981734355291 -8.562150322077855E-5 0.02 1.4077648706903945 -0.003995956565638892 -0.9815265160358515 -0.5343199789926305
5.615631579136049 1.1499902330114775 -3.9702120258056084E-4 0.02 1.3865141906748968 -0.015569984967989114 -0.9775557041130374 -0.511665978006614
5.638630937424846 1.1499679144398645 -0.0011159285806527919 0.02 1.363547039134433 -0.03594536890361155 -0.9730853486548794 -0.4891057662603344
5.661629328274834 1.149919542499367 -0.002418597024878011 0.02 1.3387568959464398 -0.06513342221126095 -0.9680780415218989 -0.46665970267438384
5.6846259266128385 1.1498299169002468 -0.004481279956003448 0.02 1.3120379352438758 -0.10313414655627184 -0.9624950250951447 -0.44435181162144066
5.707619532858539 1.1496803122850174 -0.007480230761469642 0.02 1.2832891695727722 -0.1499475402733097 -0.9562965692229666 -0.4222102520445655
5.7306085024230935 1.1494484782277326 -0.011591702864244269 0.02 1.2524199487196404 -0.20557360513873135 -0.949442523529711 -0.40026776326936475
5.753590675207786 1.1491086392346084 -0.01699194965620876 0.02 1.2193569698056954 -0.27001233959822457 -0.9418930794874116 -0.37856204868807763
5.776563305102656 1.148631494743535 -0.023857224553669454 0.02 1.184052830536971 -0.3432637448730347 -0.9336097715283489 -0.35713604301408086
5.7995229894851485 1.1479842191246092 -0.032363780946287335 0.02 1.1464959418947283 -0.42532781963089406 -0.924556734050201 -0.3360379944196288
5.822465598718738 1.1471304616794686 -0.04268787225703008 0.02 1.1067212932823507 -0.5162045655371372 -0.9147022082233758 -0.31532128036389806
5.845386205651574 1.1460303466418242 -0.05500575188222001 0.02 1.0648211472454658 -0.6158939812594966 -0.9040202580451342 -0.29504387187885994
5.868279015115135 1.144640473178038 -0.06949367318931365 0.02 1.0209542898704973 -0.7243960653546822 -0.8924926098182699 -0.27526737068473106
5.891137295328391 1.1429140106627766 -0.08632312576306589 0.02 0.9753520929470376 -0.8414726286876117 -0.8801104776075259 -0.25605557185050465
5.9139533460329785 1.1408025352293905 -0.10557377166930948 0.02 0.9283194648534612 -0.9625322953121795 -0.8668761720469755 -0.23747253264018386
5.936718543456698 1.138259871185987 -0.127133202170171 0.02 0.880229063935019 -1.0779715250430755 -0.8528042511138287 -0.21958020596267835
5.9594234101269254 1.1352433335113599 -0.15082688373135866 0.02 0.8315082005592753 -1.1846840780593837 -0.8379220342955259 -0.20243586004799896
5.982057685371968 1.13171376225214 -0.17647856296099107 0.02 0.7826191130703948 -1.2825839614816203 -0.8222693562272485 -0.18608954485086193
6.0046103958224375 1.1276355225234624 -0.2039119864338801 0.02 0.7340346640042944 -1.371671173644451 -0.805897524906936 -0.17058187523657087
6.027069925912596 1.1229765045079443 -0.23295090077590785 0.02 0.68621257498049 -1.4519457171013883 -0.7888675676739851 -0.15594237750105433
6.0494240883817385 1.1177081234571062 -0.26341905254190223 0.02 0.6395716771438946 -1.523407588299719 -0.7712479552268368 -0.14218856959361126
6.071660194775531 1.1118053196896405 -0.2951401883732885 0.02 0.5944731616480353 -1.5860567915693125 -0.7531120611690502 -0.129325834375007
6.093765125947399 1.1052465585933646 -0.32793805481379223 0.02 0.5512086566070882 -1.6398933220251877 -0.7345356263678136 -0.11734802893274532
6.115725402559862 1.098013830623179 -0.36163639850927964 0.02 0.5099955445168193 -1.6849171847743705 -0.7155944576880687 -0.10623868103378409
6.137527255585922 1.0900926513029763 -0.3960589660101377 0.02 0.47097869855616653 -1.7211283750429018 -0.6963625173143967 -0.0959725736217345
6.159156696810404 1.0814720612241313 -0.4310295039422485 0.02 0.4342370372681223 -1.74852689660554 -0.6769104759783213 -0.08651751235138683
6.180599589331335 1.0721446260465228 -0.4663717588804239 0.02 0.3997930368346233 -1.7671127469087722 -0.6573047307341277 -0.07783609919542167
6.2018417180612895 1.062106436497734 -0.5019094774394439 0.02 0.3676234930657883 -1.7768859279509996 -0.637606837187016 -0.06988738179764009
6.222868860228767 1.051357108373896 -0.5374664061918999 0.02 0.3376702101068126 -1.7778464376227987 -0.6178732780468685 -0.0626282981797035
6.243666855879546 1.0398997825389333 -0.5728662917481309 0.02 0.3098497475240905 -1.7699942778115485 -0.5981554831848042 -0.05601488076250638
6.264221678378045 1.0277411249249635 -0.6079328806984918 0.02 0.2840617631903648 -1.7533294475180483 -0.578500020778584 -0.05000321605473157
6.28451950490869 1.0148913265322523 -0.6424899196355582 0.02 0.2601958017997502 -1.7278519468533204 -0.5589488933141473 -0.04455017817036888
6.304546786977274 1.0013641034291698 -0.676361155154126 0.02 0.23813658100747426 -1.6935617759283872 -0.539539886012186 -0.03961396522340743
6.324290320912314 0.9871766967520124 -0.7093703338578727 0.02 0.2177679423576694 -1.6504589351873378 -0.5203069305171054 -0.03515447204081168
6.343737318366422 0.9723498727054025 -0.7413412023304922 0.02 0.19897568198681925 -1.5985434236309715 -0.5012804589232684 -0.031133531960945815
6.362875476817663 0.9569079225620669 -0.7720975071667802 0.02 0.18164948089055788 -1.5378152418143998 -0.48248773196967565 -0.027515057057726833
6.381693050070916 0.9408786626626142 -0.8014629949726348 0.02 0.16568413792242698 -1.4682743902927342 -0.4639531336535583 -0.024265102061165833
6.400178918759236 0.9242934344160236 -0.8292614123295294 0.02 0.1509802783958395 -1.3899208678447295 -0.44569842805243454 -0.021351872329564925
6.4183226608452175 0.9071871042990676 -0.8553165058478029 0.02 0.1374446805569569 -1.3027546759136754 -0.42774297829515484 -0.0187456921527831
6.436114622122359 0.8895980638570666 -0.8794520221000468 0.02 0.12499033208666277 -1.206775812612193 -0.4101039293792422 -0.01641894587162307
6.453545986716416 0.8715682297028682 -0.9014917077099227 0.02 0.11353630260387537 -1.1019842804937952 -0.3927963573345432 -0.014346001167759193
6.4706088474153285 0.8531430349456137 -0.921259737862723 0.02 0.10300749704038614 -0.9884015076400132 -0.3758333882513888 -0.012503121475271994
6.487296261280063 0.8343706932367301 -0.9386170854441822 0.02 0.09333434558067999 -0.8678673790729619 -0.3592263051161645 -0.010868373842803036
6.503602234573229 0.8152986646583038 -0.9536014289213135 0.02 0.0844524903754944 -0.7492171738565645 -0.34298470151098803 -0.009421539546580426
6.51952165693837 0.7959711182570217 -0.9663773200641046 0.02 0.07630246819844466 -0.6387945571395548 -0.32711666566728637 -0.008144024535857941
6.535050230902521 0.7764286982075763 -0.9771210024722699 0.02 0.06882937692747892 -0.5371841204082628 -0.3116289517814176 -0.007018766654890429
6.5501844013748425 0.7567085236160676 -0.9860087295754383 0.02 0.06198253820388511 -0.4443863551584215 -0.29652713592701674 -0.006030141703555203
6.564921285145264 0.7368441885210686 -0.9932167547499482 0.02 0.05571516706685997 -0.36040125872549567 -0.2818157591582141 -0.005163870290395445
6.579258600383112 0.7168657618924268 -0.9989213314320899 0.02 0.04998405506835901 -0.28522883410708744 -0.2674984590706503 -0.0044069267804273116
6.593194596135762 0.6967997876324628 -1.0032987129982018 0.02 0.04474927112096372 -0.21886907830559466 -0.2535780917548687 -0.003747451283503511
6.60672798182726 0.6766692845749045 -1.0065251528779129 0.02 0.03997388227951637 -0.16132199398555258 -0.240056845644541 -0.0031746652886918136
6.619857856756976 0.65649374648582 -1.0087769044542227 0.02 0.03562369520482145 -0.11258757881549286 -0.22693634821091413 -0.0026787913024596266
6.63258363959823 0.6362891420626848 -1.0102302211567604 0.02 0.03166701837641095 -0.07266583512688385 -0.21421776683351146 -0.002250976706199559
6.644904997896938 0.6160679149354031 -1.0110613563640847 0.02 0.028074444361313677 -0.041556760366212586 -0.2019019045601831 -0.001883221902944876
6.6568217775702445 0.5958389836653311 -1.011446563503604 0.02 0.024818651220784305 -0.019260356975969728 -0.18998929172003676 -0.0015683127507641892
6.668333932432101 0.5756077430928208 -1.0115620286255123 0.02 0.021874221821582385 -0.0057732560954093515 -0.17848027387081133 -0.0012997572046177241
6.679441461621663 0.5553764594781185 -1.011564180735114 0.02 0.019217478008273448 -1.0760548008192927E-4 -0.16737508888147512 -0.001071725903901699
6.69014440706711 0.5351472722723294 -1.0114593602894573 0.02 0.01682631794659417 0.005241022282831409 -0.15667388139106753 -8.789958124936215E-4
6.700442914379992 0.5149253656441033 -1.0110953314113047 0.02 0.014680060814907137 0.018201443907628345 -0.14637665184407445 -7.168975613123241E-4
6.710337303307443 0.49471944637256016 -1.010295963577157 0.02 0.012759312920490595 0.03996839170739008 -0.1364831940717286 -5.812675337034667E-4
6.719828138233537 0.4745417463047019 -1.008885003392912 0.02 0.011045855012681849 0.07054800921224569 -0.12699303140155904 -4.684042064505567E-4
6.728916298680651 0.454408022355679 -1.0066861974511454 0.02 0.009522548148913956 0.10994029708832898 -0.11790535153916126 -3.7502811257950075E-4
6.73760304981083 0.434337556508968 -1.0035232923355508 0.02 0.008173255730429707 0.15814525577972915 -0.10921894042510205 -2.982449025565881E-4
6.745890112927145 0.41435315581574983 -0.9992200346609081 0.02 0.0069827795392948255 0.215162883732134 -0.1009321152544923 -2.3551107773700508E-4
6.753779735975058 0.39448115239566484 -0.9936001710042497 0.02 0.005936807779666542 0.28099318283292263 -0.09304265681627077 -1.8460205495873794E-4
6.761274764043784 0.3747514034362798 -0.9864874479692531 0.02 0.005021873264771548 0.35563615174982743 -0.08554774125853193 -1.4358229522004606E-4
6.768378709867651 0.3551972911933543 -0.9777056121462735 0.02 0.004225320012521627 0.4390917911489822 -0.07844387136549058 -1.1077729362107824E-4
6.775095824327463 0.33585572299057453 -0.9670784101389884 0.02 0.0035352766248862855 0.5313601003642532 -0.07172680747490956 -8.474728253826669E-5
6.781431166951864 0.31676713122008593 -0.9544295885244303 0.02 0.0029406349115065344 0.632441080727908 -0.06539149805964883 -6.42625447839773E-5
6.787390676417316 0.29797547327259366 -0.9395828973746134 0.02 0.0024310323244240983 0.7423345574908424 -0.05943201008645704 -4.8280270589118324E-5
6.792981237333068 0.2795280457875915 -0.9223713742501083 0.02 0.001996837132344109 0.8605761562252567 -0.05384146287312863 -3.5922927381193404E-5
6.798210700154595 0.26147314107634045 -0.902745235562552 0.02 0.0016291377964381404 0.9813069343778125 -0.04861200864517823 -2.6458185091726705E-5
6.803087828144914 0.2438563995159626 -0.8808370780188923 0.02 0.001319734860829147 1.0954078771829856 -0.04373488595759911 -1.9280329141335706E-5
6.807622227134958 0.22671994950220764 -0.8568225006877483 0.02 0.0010611286897378447 1.2007288665571991 -0.03920049018000893 -1.389302303778095E-5
6.811824275022213 0.21010239436272116 -0.8308777569743242 0.02 8.465018384858913E-4 1.2972371856712073 -0.034998444204195844 -9.893481598632903E-6
6.815705051269351 0.19403881235691145 -0.8031791002904853 0.02 6.696965338546246E-4 1.3849328341919431 -0.03111766907125435 -6.958122912736897E-6
6.819276266402877 0.17856075667630478 -0.7739027840303336 0.02 5.251878119021391E-4 1.4638158130075851 -0.02754645457526894 -4.829721973576007E-6
6.822550191511758 0.16369625544405686 -0.7432250616123959 0.02 4.0805289551226753E-4 1.533886120896888 -0.02427252982190331 -3.3060495742143203E-6
6.825539587746069 0.1494698117155302 -0.711322186426333 0.02 3.139374284530927E-4 1.5951437593031415 -0.021283133782294072 -2.2299476838405496E-6
6.828257635815622 0.13590240347767235 -0.6783704118928924 0.02 2.390192015749859E-4 1.6475887266720335 -0.01856508581647942 -1.4807666568472655E-6
6.830717865488612 0.12301148364950443 -0.6445459914083962 0.02 1.7997001935565748E-4 1.6912210242248094 -0.016104856197152406 -9.670701710540186E-7
6.832934085090251 0.11081098008194346 -0.6100251783780486 0.02 1.3391635134962776E-4 1.7260406515173798 -0.013888636622742867 -6.205001606973681E-7
6.834920311001406 0.09931129555775797 -0.5749842262092741 0.02 9.839939907174688E-5 1.7520476084387226 -0.011902410724338397 -3.9068578983059155E-7
6.8366906971572385 0.08851930779161243 -0.5395993883072769 0.02 7.133518180979515E-5 1.76924189509986 -0.010132024575069454 -2.4107702123465913E-7
6.83825946454584 0.07843836943006721 -0.5040469180772611 0.02 5.097520604047112E-5 1.7776235115007921 -0.008563257188998974 -1.4558392813501797E-7
6.8396408307068715 0.0690683080515786 -0.4685030689244307 0.02 3.5868235032876505E-5 1.7771924576415188 -0.007181891029048093 -8.590688482801312E-8
6.840848939230203 0.06040542616658762 -0.433144094249549 0.02 2.4823617336466874E-5 1.7679487337440847 -0.005973782506393244 -4.94494295510961E-8
6.841897789254547 0.05244250121720917 -0.39814624746892235 0.02 1.68765691898054E-5 1.7498923390313337 -0.004924932482130551 -2.7714224692942935E-8
6.842801164966102 0.04516878557772053 -0.36368578197443213 0.02 1.1255736591220256E-5 1.7230232747245111 -0.004021556770448131 -1.5092511795877783E-8
6.843572565097185 0.03857000655416165 -0.3299389511779438 0.02 7.353290704670279E-6 1.6873415398244163 -0.003250156639507673 -7.968157356152972E-9
6.844225132424873 0.0326283663843796 -0.2970820084891024 0.02 4.697737106984512E-6 1.6428471344420714 -0.0025975893116532145 -4.068297254633535E-9
6.84477158326964 0.027322542238383818 -0.2652912072997893 0.02 2.9295469057277757E-6 1.589540059465655 -0.0020511384669273935 -2.0032425718241598E-9
6.845224136993996 0.022627686217768783 -0.23474280103075174 0.02 1.7796476279308138E-6 1.5274203134518771 -0.0015985847424418997 -9.484070195853178E-10
6.84559444550112 0.01851542535620254 -0.20561304307831207 0.02 1.0507457620656524E-6 1.456487897621983 -0.0012282762353548193 -4.3023751228332685E-10
6.845893522733505 0.014953861619249054 -0.1780781868476744 0.02 6.0139211055521E-7 1.3767428115318836 -9.291990029373087E-4 -1.8628298903422547E-10
6.846131674171591 0.011907571904323788 -0.15231448574626327 0.02 3.326471721409874E-7 1.2881850550705565 -6.910475648221892E-4 -7.662925849416524E-11
6.846318426332407 0.009337608040782541 -0.12849819317706235 0.02 1.7715757694158896E-7 1.1908146284600463 -5.04295403975008E-4 -2.978106650175505E-11
6.846462456268202 0.0072014967897438 -0.10680556255193707 0.02 9.041735293813247E-8 1.0846315312562638 -3.6026546815026705E-4 -1.0858647314648806E-11
6.846571521551804 0.005453264180133033 -0.08741163048053835 0.02 4.3960149076482935E-8 0.9696966035699361 -2.512001845585976E-4 -3.6811664827496315E-12
6.846652412015344 0.004044523176993664 -0.07043705015696844 0.02 2.020726697082864E-8 0.8487290161784955 -1.703097210096205E-4 -1.1476375405550243E-12
6.8467109772218615 0.002928260325862908 -0.0558131425565378 0.02 8.699373776899222E-9 0.7311953800215321 -1.117445144847018E-4 -3.2451819009793326E-13
6.846752194482187 0.0020608630162843866 -0.04336986547892607 0.02 3.4654080716123303E-9 0.6221638538805863 -7.052725415412908E-5 -8.22675261247241E-14
6.846780239356175 0.0014022436993776921 -0.032930965845334725 0.02 1.2573649899039196E-9 0.5219449816795674 -4.248238016268946E-5 -1.7763568394002505E-14
6.846798556154064 9.15839894455317E-4 -0.024320190246118756 0.02 4.0685510516169643E-10 0.4305387799607985 -2.416558227213983E-5 -3.6637359812630166E-15
6.846809928437841 5.68614188845018E-4 -0.01736128528051495 0.02 1.1402800925708334E-10 0.34794524828019036 -1.2793298494462313E-5 -6.661338147750939E-16
6.8468165495226 3.310542379786341E-4 -0.011877997543319196 0.02 2.6541990827411155E-11 0.2741643868597876 -6.172213734223497E-6 -3.3306690738754696E-16
6.846820092977909 1.7717276543649518E-4 -0.007694073627106945 0.02 4.814482146286991E-12 0.20919619581061255 -2.62875842482746E-6 -4.440892098500626E-16
6.846821783129168 8.450756294742234E-5 -0.004633260124453642 0.02 6.125100426856989E-13 0.15304067513266517 -9.386071658790129E-7 2.220446049250313E-16
6.846822465558971 3.412149016668309E-5 -0.0025193036390369627 0.02 4.54081217071689E-14 0.10569782427083396 -2.5617736243432887E-7 -1.1102230246251565E-16
6.846822677608473 1.0602475075671691E-5 -0.0011759507545505699 0.02 5.551115123125783E-16 0.06716764422431964 -4.412786103191735E-8 0.0
6.8468227188787445 2.063513582228893E-6 -4.269480746721399E-4 0.02 6.283185307179586 0.0374501339939215 -2.8575889432502777E-9 -5.551115123125783E-16
6.846822721732141 1.4266983150434953E-7 -9.604218753622717E-5 0.02 6.283185307179586 0.016545294356795637 -4.192646230194441E-12 0.0
6.846822721736334 2.0965451597021456E-10 -7.123008849418966E-6 0.02 6.283185307179586 0.0044459589343404105 4.440892098500626E-16 -3.3306690738754696E-16
6.846822721736334 0.0 -1.0482725798510728E-8 0.02 6.283185307179586 3.5562630618102276E-4 4.440892098500626E-16 -3.3306690738754696E-16
