5.875113506465018E-10 2.937556753232509E-8 1.4687783766162545E-6 0.02 0.0 7.343891883081273E-5 5.875113508167672E-10 -2.5849394142282115E-26
1.8800363220688058E-8 9.106425935020778E-7 4.406335129848763E-5 0.02 6.283185307179586 0.002129728646093569 1.880036322590088E-8 -2.481541837659083E-24
1.427652582070999E-7 6.1982447493205925E-6 2.643801077909257E-4 0.02 6.28318530717957 0.011015837824621903 1.4276525824668692E-7 -7.543887186483612E-22
6.016116230620179E-7 2.29423182427459E-5 8.372036746712653E-4 0.02 6.283185307179304 0.02864117834401698 6.016116232287947E-7 -5.659238878842794E-20
1.8359729707703185E-6 6.171806738541503E-5 0.0019387874571334565 0.02 6.283185307176957 0.05507918912310956 1.8359729712785948E-6 -1.6088332041911367E-18
4.568488262627197E-6 1.366257645928439E-4 0.0037453848603714434 0.02 6.28318530716331 0.09032987016189935 4.568488263882053E-6 -2.4785878102555337E-17
9.874303270315758E-6 2.6529075038442805E-4 0.006433249289579207 0.02 6.283185307103551 0.13439322146038818 9.874303272934324E-6 -2.502660486616501E-16
1.925157193798457E-5 4.6886343338344065E-4 0.01017863414995063 0.02 6.283185306890563 0.18726924301857117 1.9251571942439043E-5 -1.854722633614324E-15
3.469195774432528E-5 7.720192903170353E-4 0.01515779284667973 0.02 6.283185306241042 0.24895793483645495 3.469195774877567E-5 -1.0853358413821096E-14
5.875113506465019E-5 0.0012029588660162458 0.021546978784960525 0.02 6.283185304487902 0.3194592969140398 5.8751135078138115E-5 -5.2713570813066324E-14
9.461929053296976E-5 0.0017934077734159785 0.029522445369986636 0.02 6.28318530019818 0.39877332925130554 9.461929055487317E-5 -2.2019461720559214E-13
1.461916244040703E-4 0.002578616693555027 0.03926044600695242 0.02 6.283185290514139 0.4869000318482893 1.4619162443065914E-4 -8.121315848551997E-13
2.181388519155916E-4 0.0035973613755760653 0.05093723410105192 0.02 6.28318527007549 0.583839404704975 2.1813885196296786E-4 -2.6980244075122325E-12
3.1597770465010427E-4 0.004891942636725633 0.06472906305747839 0.02 6.283185229331721 0.6895914478213232 3.1597770470547534E-4 -8.199731610933694E-12
4.461410715330586E-4 0.006508168344147716 0.08081128537110417 0.02 6.283185151994849 0.8041111156812892 4.4614107163543803E-4 -2.3079426228218153E-11
6.160287406665392E-4 0.00849438345667403 0.09931075562631567 0.02 6.283185011331749 0.9249735127605747 6.160287407418715E-4 -6.075509436905338E-11
8.339836499198928E-4 0.01089774546266768 0.12016810029968254 0.02 6.283184765013176 1.0428672336683438 8.339836501090591E-4 -1.5073554963896882E-10
0.0011092244374463587 0.013762039376323292 0.14321469568278059 0.02 6.283184348232477 1.1523297691549022 0.0011092244376760126 -3.5461331988244707E-10
0.0014517749408068995 0.01712752516802704 0.16827428958518745 0.02 6.283183664784635 1.2529796951203431 0.0014517749411374914 -7.949448962594682E-10
0.0018723936956081195 0.021030937740060998 0.19517062860169784 0.02 6.283182575818354 1.3448169508255197 0.0018723936960366675 -1.7051396158755672E-9
0.002382503434140188 0.025505486926603427 0.22372745932712143 0.02 6.283180886004326 1.4278415362711794 0.0023825034346530278 -3.5122333462813196E-9
0.002994120584014768 0.03058085749372899 0.2537685283562782 0.02 6.283178326904383 1.5020534514578396 0.0029941205846898823 -6.96928122265357E-9
0.0037197847668029274 0.03628320913940798 0.2851175822839495 0.02 6.283174537379334 1.5674526963835644 0.0037197847674996713 -1.3360168634379485E-8
0.0045724882966730685 0.04263517649350705 0.3175983677049535 0.02 6.2831690409366825 1.6240392710501983 0.004572488297529775 -2.480696264530423E-8
0.0055656056790288535 0.04965586911778925 0.3510346312141099 0.02 6.28316121999227 1.6718131754578203 0.005565605679299589 -4.471848985380944E-8
0.006712823109147118 0.05736087150591323 0.38525011940619897 0.02 6.2831502871005975 1.7107744096044541 0.006712823109693289 -7.842853191279003E-8
0.008028067970815803 0.06576224308343422 0.42006857887604937 0.02 6.283135253296143 1.7409229734925202 0.00802806797036326 -1.3408268156401074E-7
0.009525438334971863 0.07486851820780303 0.4553137562184409 0.02 6.283114893780031 1.762258867119576 0.009525438332425777 -2.2384420481774692E-7
0.011219132458339203 0.08468470616836699 0.49080939802819756 0.02 6.2830877112821835 1.7747820904878335 0.011219132450031007 -3.6550080032872467E-7
0.01312337828206661 0.09521229118637031 0.5263792509001664 0.02 6.283051897525176 1.7784926435984394 0.013123378261564298 -5.845654265828129E-7
0.015252362930365639 0.10644923241495147 0.5618470614290577 0.02 6.283005293311733 1.7733905264445682 0.015252362883918777 -9.169747593488695E-7
0.017620162209148575 0.11838996393914682 0.5970365762097675 0.02 6.282945347849428 1.7594757390354876 0.017620162109073117 -1.412497642554883E-6
0.020240670104666323 0.1310253947758874 0.6317715418370291 0.02 6.282869078012306 1.736748281363082 0.020240669905082675 -2.1389723165003705E-6
0.02312752828214635 0.1443429088740013 0.6658757049056954 0.02 6.28277302831812 1.705208153433313 0.02312752789276002 -3.1874943958870583E-6
0.026294055584430612 0.1583263651142131 0.69917281201059 0.02 6.282653232465604 1.664855355244732 0.026294054842751935 -4.678676692484313E-6
0.029753177530613434 0.1729560973091411 0.7314866097463998 0.02 6.282505177333733 1.615689886790489 0.029753176150827995 -6.770096101694004E-6
0.03351735581467954 0.18820891420330518 0.7626408447082039 0.02 6.282323770383869 1.557711748090207 0.03351735332079999 -9.66503114505253E-6
0.037598517804141834 0.20405809947311482 0.7924592634904817 0.02 6.282103311435692 1.4909209391138878 0.03759851338146851 -1.3622575487669264E-5
0.042007986038679404 0.22047341172687848 0.8207656126881832 0.02 6.281837469787603 1.4153174598850737 0.04200797836433018 -1.8969187480205596E-5
0.04675640772877544 0.23742108450480193 0.8473836388961722 0.02 6.281519267659432 1.3309013103994516 0.046756394663154795 -2.6111702406832887E-5
0.05185368425435513 0.2548638262789844 0.872137088709124 0.02 6.281141070895266 1.23767249064759 0.051853662418098856 -3.5551793212514754E-5
0.0573089006634236 0.27276082045342326 0.8948497087219426 0.02 6.280694587838677 1.1356310006409298 0.05730886480392212 -4.790181589100703E-5
0.0631302551786804 0.2910677257628402 0.915345265470846 0.02 6.2801708772299785 1.0247778374451733 0.06313019726598679 -6.390191849267243E-5
0.0693249942946908 0.30973695580052 0.933461501883992 0.02 6.2795603653408545 0.9058118206572985 0.06932490223876785 -8.443824773790229E-5
0.07589940173269191 0.3287203719000556 0.9491708049767789 0.02 6.278852867273408 0.7854651546393421 0.07589925764572578 -1.1056223181843405E-4
0.08285885594680137 0.3479727107054728 0.9626169402708606 0.02 6.2780376075489635 0.6723067647040892 0.08285863366187782 -1.4351099750974095E-4
0.09020790050730407 0.36745222802513494 0.9739758659831066 0.02 6.277103242378478 0.5679462856122974 0.09020756237748469 -1.847287631574282E-4
0.0979503146020145 0.38712070473552185 0.9834238355193453 0.02 6.276037883778995 0.47239847681193603 0.09794980707721408 -2.35889081399758E-4
0.10608918353763871 0.4069434467812105 0.991137102284434 0.02 6.274829124593061 0.3856633382544328 0.10608843145240508 -2.9891784411502365E-4
0.11462696924113638 0.42688928517488345 0.997291919683646 0.02 6.273464063553886 0.30774086996060435 0.11462586837268493 -3.7601697409168217E-4
0.1235655807610829 0.4469305759973258 1.0020645411221163 0.02 6.271929329530904 0.23863107192351185 0.12356398819800479 -4.696887504033534E-4
0.13290644476903143 0.46704320039742675 1.0056312200050488 0.02 6.270211104126264 0.17833394414662473 0.1329041666608562 -5.827607423979711E-4
0.14265057606087506 0.4872065645921811 1.008168209737717 0.02 6.268295141880265 0.1268494866334069 0.1426473522006954 -7.184113585088289E-4
0.15279864805820884 0.5074035998666889 1.0098517637253916 0.02 6.2661667874426215 0.0841776993837362 0.152794132577412 -8.801960514623897E-4
0.16335106330969176 0.5276207625741464 1.0108581353728718 0.02 6.263810989135183 0.050318582374009324 0.16334480075588195 -0.0010720742635873248
0.17430802399240902 0.5478480341358629 1.0113635780858277 0.02 6.261212308478399 0.025272135647791405 0.1742994198629395 -0.0012984372365506397
0.18566960241311867 0.5680789210354822 1.0115443449809636 0.02 6.258354925339461 0.009038344756795436 0.18565788719015425 -0.0015641368577368753
0.1974358090644475 0.5883103325664413 1.0115705765479543 0.02 6.255222639197619 0.0013115783495387667 0.1974199945903355 -0.0018745156907935684
0.20960662037342717 0.6085405654489839 1.0115116441271332 0.02 6.251798877684326 -0.002946621041055586 0.2095854472786716 -0.0022354372070022555
0.22218193063564723 0.6287655131110028 1.0112473831009439 0.02 6.248066727795194 -0.013213051309468593 0.22215380531219936 -0.0026533142082222766
0.23516148201146073 0.6489775687906748 1.0106027839835996 0.02 6.244008981550831 -0.032229955867213445 0.2351244017065608 -0.003135135465817146
0.24854479402462232 0.6691656006580795 1.009401593370235 0.02 6.2396081927728835 -0.060059530668232775 0.2484962583260332 -0.0036884903457436308
0.2623310930609258 0.6893149518151731 1.00746755785468 0.02 6.234846746490723 -0.09670177577775219 0.2622679999146303 -0.004321590696076738
0.2765192418668424 0.7094074402958311 1.0046244240329016 0.02 6.229706942747889 -0.1421566910889127 0.27643776613238946 -0.0050432891511711375
0.29110766904815844 0.7294213590658016 1.0006959384985248 0.02 6.2241710965720785 -0.19642427671884288 0.29100312180503146 -0.005863092906836342
0.3060942985686135 0.7493314760227521 0.995505847847522 0.02 6.2182216562023305 -0.2595045325501366 0.3059609649524344 -0.006791171866301557
0.32147647924853795 0.7691090339962237 0.9888778986735791 0.02 6.2118413415103415 -0.3313974586971469 0.32130743284993823 -0.007838359956892985
0.3372509142634913 0.7887217507476674 0.9806358375721858 0.02 6.2050133046125024 -0.41210305506966805 0.3370378062449018 -0.009016148283375242
0.35341359064289996 0.8081338189704329 0.9706034111382766 0.02 6.197721314606894 -0.5016213216954557 0.3531464119060493 -0.010336668657035225
0.3699597087686951 0.8273059062897575 0.9586043659662313 0.02 6.189949968313445 -0.5999522586022654 0.36962652354504144 -0.011812665898520897
0.3868836118739504 0.8461951552627633 0.9444624486502906 0.02 6.181684928243921 -0.7070958657970361 0.38647026204696955 -0.013457457270357631
0.4041787164382678 0.8647552282158716 0.9280036476554121 0.02 6.172913188390779 -0.8229400497439254 0.40366849626976914 -0.015284877366135236
0.42183747011064765 0.8829376836189923 0.9091227701560345 0.02 6.163623353869997 -0.9440438749688806 0.42121077139182217 -0.017309209859817792
0.4398513869889241 0.9006958439138235 0.8879080147415619 0.02 6.153805902166508 -1.0607377707236298 0.43908531567538617 -0.019545112705629974
0.45821111660267444 0.917986480687516 0.8645318386846235 0.02 6.14345343937225 -1.1688088028469212 0.4572790821426457 -0.022007534777330418
0.4769065144145803 0.9347698905952939 0.8391704953888968 0.02 6.132560962958766 -1.268067164786335 0.4757777945178835 -0.02471162128424148
0.4959267123217903 0.9510098953604995 0.8120002382602798 0.02 6.121126128021172 -1.358512856430849 0.49456599677927443 -0.027672607977551084
0.5152601891572817 0.9666738417745679 0.7831973207034215 0.02 6.109149511877813 -1.4401458778429133 0.513627107571053 -0.03090570460584638
0.5348948411912227 0.9817326016970496 0.7529379961240812 0.02 6.096634870725151 -1.5129662289670165 0.532943480711993 -0.03442596838617845
0.5548180526323343 0.9961605720555822 0.7213985179266302 0.02 6.083589380834578 -1.5769739098725477 0.5524964730569173 -0.038248168614155476
0.5750167661292526 1.0099356748459132 0.6887551395165503 0.02 6.07002385567291 -1.6321689205039958 0.5722665209194431 -0.042386643925851675
0.5954775532718909 1.0230393571319163 0.6551841143001558 0.02 6.055952929408357 -1.6785512608197273 0.5922332261773063 -0.046855154142055655
0.6161866850928012 1.0354565910455138 0.6208616956798751 0.02 6.0413951964714085 -1.7161209310140313 0.6123754532786428 -0.051666729116203264
0.6371302025685371 1.0471758737867987 0.5859641370642432 0.02 6.02637329711016 -1.7448779307815965 0.6326714374982298 -0.05683351729119493
0.6582939871210159 1.0581892276239402 0.5506676918570763 0.02 6.010913938714915 -1.7648222603583452 0.6530989052633887 -0.06236663722606842
0.6796638311188801 1.0684921998932062 0.515148613463301 0.02 5.995047844134243 -1.7759539196887664 0.6736352063732378 -0.06827603554656683
0.7012255083788586 1.0780838629989242 0.4795831552859009 0.02 5.978809619756512 -1.7782729088700044 0.6942574577412224 -0.07457035505722542
0.7229648446671311 1.0869668144136257 0.44414757073507616 0.02 5.962237538587553 -1.771779227541237 0.7149426977580983 -0.08125681685517983
0.7448677882006884 1.0951471766778687 0.4090181132121451 0.02 5.945373236802996 -1.7564728761465531 0.735668049645996 -0.08834112017619197
0.7669204801486955 1.1026345974003537 0.3743710361242547 0.02 5.92826132549618 -1.7323538543945194 0.7564108921038812 -0.09582736363285613
0.7891093251338527 1.1094422492578582 0.3403825928752213 0.02 5.910948923801968 -1.6994221624516692 0.777149034380124 -0.10371799089245043
0.8114210617337582 1.1155868299952743 0.30722903687080416 0.02 5.893485123009533 -1.657677800220858 0.7978608931612269 -0.11201376348796752
0.8338428329822701 1.1210885624255984 0.27508662151620733 0.02 5.875920395358145 -1.6071207677298416 0.8185256679085913 -0.12071376257957911
0.856362256870869 1.1259711944299422 0.24413160021719005 0.02 5.8583059641057895 -1.5477510649508641 0.8391235114299677 -0.1298154207503049
0.8789674968500191 1.1302619989575047 0.21454022637812376 0.02 5.840693153950228 -1.4795686919533146 0.8596356922698948 -0.1393145839191693
0.9016473323305304 1.1339917740255667 0.18648875340310234 0.02 5.823132742005964 -1.402573648751071 0.8800447458532985 -0.1492056025797346
0.9243912291849224 1.1371948427196021 0.1601534347017708 0.02 5.805674329711441 -1.3167659350665772 0.9003346115786263 -0.15948145063119123
0.9471894102487842 1.1399090531930889 0.13571052367433722 0.02 5.788365754940357 -1.2221455513716784 0.9204907535777992 -0.17013386926187046
0.9700329258221371 1.1421757786676423 0.11333627372767108 0.02 5.771252561440541 -1.1187124973333074 0.9405002634637221 -0.1811535326620379
0.9929137241233345 1.144039915059869 0.09320681961133559 0.02 5.754377539697882 -1.0064727058167744 0.9603519440576651 -0.19253023182849535
1.0158247122936856 1.14554940851756 0.07547467288454568 0.02 5.737780356517705 -0.8866073363394955 0.9800363656453779 -0.20425306745937472
1.0387597541739937 1.146752094015402 0.06013427489209855 0.02 5.721497316499364 -0.7670198996223565 0.9995458503114172 -0.21631061826068881
1.0617136078297271 1.1476926827866718 0.04702943856349506 0.02 5.705561248578341 -0.6552418164301743 1.018874391547607 -0.22869107624669283
1.0846818550776758 1.148412362397433 0.03598398053805685 0.02 5.690001472620491 -0.5522729012719108 1.0380175577013648 -0.24138236961035203
1.1076608309845866 1.148948795345539 0.026821647405306237 0.02 5.674843833404632 -0.45811665663753054 1.056972387937079 -0.2543722747123351
1.130647553365803 1.1493361190608176 0.019366185763924904 0.02 5.660110793516694 -0.3727730820690667 1.0757372826876361 -0.26764851561082564
1.1536396522839023 1.1496049459049695 0.013441342207598517 0.02 5.645821575747679 -0.29624217781631934 1.0943118904798335 -0.2811988500178256
1.1766352995473341 1.149782363171592 0.008870863331122969 0.02 5.631992345303237 -0.2285239438237774 1.1126969927456651 -0.29501114090829095
1.1996331382090575 1.1498919330861668 0.005478495728739041 0.02 5.618636421986521 -0.1696183801191964 1.130894388358937 -0.3090734136278387
1.2226322120651796 1.149953692806105 0.0030879859969079604 0.02 5.6057645131687455 -0.11952548659155404 1.148906779221607 -0.32337389855949095
1.245631895153593 1.149984154420669 0.0015230807282051728 0.02 5.5933849589277695 -0.07824526343513938 1.166737658292847 -0.33790105994050823
1.2686318212526142 1.149996304951062 6.07526519647017E-4 0.02 5.581503982099714 -0.04577771042790779 1.184391200680527 -0.35264361123971033
1.291631813379621 1.1499996063503382 1.6506996380893924E-4 0.02 5.570125936536498 -0.022122827791903887 1.2018721589201544 -0.36759051827088407
1.3146318132915367 1.1499999955957851 1.9462272349279885E-5 0.02 5.5592535484438494 -0.0072803845729829675 1.2191857626816998 -0.38273099082354867
1.3376318132915368 1.1500000000000066 2.2021107159986286E-7 0.02 5.5488881454089825 -9.621030638840011E-4 1.2363376251158755 -0.3980544655944189
1.3606318132915363 1.1499999999999733 -1.6653345369377348E-12 0.02 5.539029860782314 -1.101063684671999E-5 1.253333672510234 -0.4135505970019472
1.3836318132915362 1.1499999999999955 1.1102230246251565E-12 0.02 5.529677810727484 1.3877787807814457E-10 1.27018010381262 -0.4292092654136379
1.406631813291536 1.1499999999999955 0.0 0.02 5.520830258335614 -5.551115123125783E-11 1.286883358003648 -0.44502058568551905
1.4296318132915362 1.1500000000000066 5.551115123125783E-13 0.02 5.512484767329533 2.7755575615628914E-11 1.303450083921088 -0.46097491179769134
1.4526318132915363 1.1500000000000066 0.0 0.02 5.5046383446352785 -2.7755575615628914E-11 1.319887112656995 -0.4770628380863074
1.4756318132915363 1.1499999999999955 -5.551115123125783E-13 0.02 5.49728757159002 -2.7755575615628914E-11 1.336201432334598 -0.4932751973007359
1.4986318132915362 1.1499999999999955 0.0 0.02 5.490428723644463 2.7755575615628914E-11 1.35240016543133 -0.5096030560762228
1.5216318132915363 1.1500000000000066 5.551115123125783E-13 0.02 5.484057878827203 2.7755575615628914E-11 1.368490548435678 -0.5260377080549271
1.5446318132915362 1.1499999999999955 -5.551115123125783E-13 0.02 5.47817101531475 -5.551115123125783E-11 1.3844799137987007 -0.542570665050571
1.5676318132915363 1.1500000000000066 5.551115123125783E-13 0.02 5.472764098598605 5.551115123125783E-11 1.4003756741009097 -0.5591936466062906
1.5906318132915362 1.1499999999999955 -5.551115123125783E-13 0.02 5.467833158899559 -5.551115123125783E-11 1.4161853081255091 -0.5758985680384342
1.6136318132915364 1.1500000000000066 5.551115123125783E-13 0.02 5.463374359380873 5.551115123125783E-11 1.4319163489231443 -0.5926775274463403
1.6366318132915365 1.1500000000000066 0.0 0.02 5.459384055887094 -2.7755575615628914E-11 1.4475763735199432 -0.6095227916959011
1.6596318132915366 1.1500000000000066 0.0 0.02 5.455858848829543 0.0 1.4631729941880547 -0.6264267816359598
1.6826318132915363 1.1499999999999844 -1.1102230246251565E-12 0.02 5.452795627849067 -5.551115123125783E-11 1.4787138511129416 -0.6433820566947137
1.7056318132915365 1.1500000000000066 1.1102230246251565E-12 0.02 5.4501916098473036 1.1102230246251565E-10 1.4942066062912804 -0.6603812989780059
1.7286318132915366 1.1500000000000066 0.0 0.02 5.448044370929588 -5.551115123125783E-11 1.5096589384723291 -0.677417296944714
1.7516318132915367 1.1500000000000066 0.0 0.02 5.446351872728232 0.0 1.525078539059983 -0.6944829288280552
1.7746318132915364 1.1499999999999844 -1.1102230246251565E-12 0.02 5.445112483540447 -5.551115123125783E-11 1.540473108707235 -0.711571145748949
1.7976318132915365 1.1500000000000066 1.1102230246251565E-12 0.02 5.4443249946108185 1.1102230246251565E-10 1.5558503545874103 -0.7286749547296114
1.8206318132915367 1.1500000000000066 0.0 0.02 5.443988631850363 -5.551115123125783E-11 1.5712179880844057 -0.745787401535188
1.8436318132915368 1.1500000000000066 0.0 0.02 5.444103063188915 0.0 1.5865837228122468 -0.7629015534464323
1.866631813291537 1.1500000000000066 0.0 0.02 5.4446684016935 0.0 1.6019552728200115 -0.7800104819995483
1.8896318132915366 1.1499999999999844 -1.1102230246251565E-12 0.02 5.445685204508854 -5.551115123125783E-11 1.617340350820834 -0.797107245705784
1.9126318132915368 1.1500000000000066 1.1102230246251565E-12 0.02 5.447154467601154 1.1102230246251565E-10 1.6327466663244343 -0.8141848728079404
1.9356318132915364 1.1499999999999844 -1.1102230246251565E-12 0.02 5.449077616209506 -1.1102230246251565E-10 1.6481819235049933 -0.8312363440804365
1.9586318132915361 1.1499999999999844 0.0 0.02 5.451456490840314 5.551115123125783E-11 1.6636538187007044 -0.8482545757568186
1.9816318132915363 1.1500000000000066 1.1102230246251565E-12 0.02 5.454293328559921 5.551115123125783E-11 1.6791700373611378 -0.8652324025883237
2.004631813291536 1.1499999999999955 -5.551115123125783E-13 0.02 5.457590739267831 -8.326672684688674E-11 1.694738250290581 -0.8821625610852177
2.0276318132915367 1.1500000000000288 1.6653345369377348E-12 0.02 5.461351676582632 1.1102230246251565E-10 1.710366109112722 -0.8990376730909624
2.0506318132915364 1.1499999999999844 -2.220446049250313E-12 0.02 5.465579402864097 -1.942890293094024E-10 1.7260612406668803 -0.9158502296222029
2.073631813291537 1.1500000000000288 2.220446049250313E-12 0.02 5.470277447897876 2.220446049250313E-10 1.7418312403485232 -0.9325925752563698
2.0966318132915367 1.1499999999999844 -2.220446049250313E-12 0.02 5.475449560621746 -2.220446049250313E-10 1.757683664016064 -0.949256892949257
2.1196318132915364 1.1499999999999844 0.0 0.02 5.4810996533617855 1.1102230246251565E-10 1.773626018582075 -0.9658351897197861
2.142631813291537 1.1500000000000288 2.220446049250313E-12 0.02 5.487231737839311 1.1102230246251565E-10 1.7896657508045444 -0.9823192830233962
2.1656318132915366 1.1499999999999844 -2.220446049250313E-12 0.02 5.4938498524040895 -2.220446049250313E-10 1.8058102344607434 -0.9987007883638501
2.1886318132915363 1.1499999999999844 0.0 0.02 5.5009579797072465 1.1102230246251565E-10 1.8220667553720462 -1.014971107973149
2.211631813291537 1.1500000000000288 2.220446049250313E-12 0.02 5.508559954360242 1.1102230246251565E-10 1.8384424945567266 -1.0311214212450084
2.2346318132915366 1.1499999999999844 -2.220446049250313E-12 0.02 5.516659359851903 -2.220446049250313E-10 1.8549445089437573 -1.0471426767659067
2.257631813291537 1.1500000000000288 2.220446049250313E-12 0.02 5.525259414460735 2.220446049250313E-10 1.871579709952625 -1.0630255866812932
2.280631813291537 1.1499999999999844 -2.220446049250313E-12 0.02 5.534362845666525 -2.220446049250313E-10 1.8883548394164036 -1.0787606233215479
2.3036318132915365 1.1499999999999844 0.0 0.02 5.543971753194688 1.1102230246251565E-10 1.9052764432418303 -1.094338018906943
2.326631813291537 1.1500000000000288 2.220446049250313E-12 0.02 5.554087460714375 1.1102230246251565E-10 1.9223508424640823 -1.1097477684223147
2.3496318132913836 1.1499999999923238 -3.852473895449293E-10 0.02 5.5647103567615455 -1.937339177970898E-8 1.9395841018560023 -1.1249796362151478
2.3726318118782466 1.1499999293431484 -3.5324587699392396E-6 0.02 5.575839725109521 -1.7660367612748473E-4 1.9569819951215714 -1.14002316585039
2.3956317835660776 1.149998584391554 -6.724757972698114E-5 0.02 5.587473555591746 -0.003185756047852095 1.9745499516612104 -1.1548676811455787
2.4186316186351906 1.149991753455648 -3.41546795290526E-4 0.02 5.599608325146261 -0.013714960778177243 1.9922929711042503 -1.169502269708686
2.4416310528333502 1.149971709907982 -0.0010021773833024383 0.02 5.6122387617302225 -0.033031529400595616 2.010215525666199 -1.1839157696064018
2.4646295968744107 1.149927202053025 -0.0022253927478566027 0.02 5.62535759879209 -0.06116076822770822 2.028321457441342 -1.1980967666001996
2.4876264659369527 1.1498434531270973 -0.004187446296377573 0.02 5.638955325451385 -0.0981026774260485 2.046613871594192 -1.2120336034616739
2.510620509162921 1.149702161298416 -0.007064591434069456 0.02 5.6530199380351736 -0.14385725688459416 2.065095025740451 -1.2257144020343838
2.533610139156262 1.1494814996670488 -0.011033081568356806 0.02 5.667536700075673 -0.1984245067143675 2.0837662165493818 -1.2391270989736516
2.556593261481565 1.1491561162651598 -0.016269170094451724 0.02 5.6824879188235675 -0.2618044263047459 2.1026276646927724 -1.2522594957545619
2.579567204162696 1.1486971340565422 -0.022949110430880992 0.02 5.69785274709936 -0.33399701682146343 2.1216783993431667 -1.265099323154424
2.6025286471814373 1.1480721509370628 -0.031249155973966936 0.02 5.713607020027432 -0.41500227715429716 2.1409161437486603 -1.2776343201694902
2.625473551976125 1.1472452397343957 -0.04134556013335455 0.02 5.7297231365786185 -0.5048202079693809 2.1603372036956365 -1.2898523269918898
2.648397090940289 1.1461769482081996 -0.05341457630980706 0.02 5.7461699954708045 -0.6034508088226254 2.179936360533232 -1.3017413910444777
2.671293576921287 1.1448242990498958 -0.0676324579151899 0.02 5.762912994405197 -0.7108940802691421 2.199706770663793 -1.3132898847075067
2.6941563937886 1.143140843365642 -0.08417278421268826 0.02 5.779914101143879 -0.8270163148749177 2.2196398743544554 -1.3244866333964345
2.7169779564673475 1.1410781339373788 -0.1031354714131627 0.02 5.797132023642618 -0.9481343600237224 2.2397253406094286 -1.3353210646541052
2.7397497484988795 1.1385896015766006 -0.12442661803890864 0.02 5.814522521056877 -1.064557331287297 2.25995109419018 -1.345783393959064
2.762462391253601 1.1356321377360645 -0.14787319202680393 0.02 5.832038822722152 -1.1723286993947646 2.2803033887431257 -1.3558648153149269
2.7851057144323335 1.1321661589366316 -0.17329893997164447 0.02 5.8496321250913255 -1.2712873972420269 2.3007669002561535 -1.3655576763569117
2.807668826567679 1.1281556067672671 -0.20052760846822615 0.02 5.867252153386805 -1.3614334248290838 2.321324839138334 -1.3748556334299364
2.83014018552538 1.1235679478850624 -0.22938294411023463 0.02 5.88484777220415 -1.4427667821004242 2.341959079527508 -1.3837537831178564
2.852507669005684 1.118374174015191 -0.25968869349357604 0.02 5.902367626712768 -1.5152874691670704 2.362650303810618 -1.3922487673228692
2.874758645044703 1.1125488019509522 -0.29126860321193604 0.02 5.919760794558912 -1.578995485918 2.383378159888414 -1.4003388497910605
2.896880042515776 1.1060698735536612 -0.3239464198645514 0.02 5.936977427925088 -1.6338908326307688 2.4041214280995202 -1.408023962766145
2.9188584216308344 1.0989189557529144 -0.3575458900373363 0.02 5.953969366058586 -1.679973508639243 2.4248581946406143 -1.4153057234659725
2.9406800444417582 1.0910811405461907 -0.39189076033618875 0.02 5.970690700274435 -1.7172435149426235 2.445566028076367 -1.4221874209520957
2.9623309453417432 1.0825450449992502 -0.42680477734702293 0.02 5.987098276325712 -1.7457008505417093 2.466222155752828 -1.4286739749024058
2.9837970015666624 1.0733028112459575 -0.46211168766463473 0.02 6.003152122308341 -1.7653455158805897 2.4868036369171223 -1.4347718685006823
3.0050640036964236 1.063350106488059 -0.49763523789492226 0.02 6.018815794289744 -1.7761775115143763 2.5072875298758683 -1.440489058370272
3.0261177261563375 1.052686122995694 -0.5331991746182485 0.02 6.034056635976809 -1.7781968361663125 2.5276510511854213 -1.44583486500736
3.046943997718476 1.0413135781069283 -0.5686272444382912 0.02 6.048845951936455 -1.7714034910021326 2.5478717246063094 -1.4508198472576348
3.067528772003036 1.029238714227998 -0.6037431939465154 0.02 6.063159098041003 -1.7557974754112138 2.5679275191094098 -1.455455664805218
3.0878581979796995 1.016471298833177 -0.6383707697410479 0.02 6.07697549511129 -1.731378789726623 2.587796975150195 -1.4597549324245482
3.1079186904689986 1.0030246244649543 -0.6723337184111333 0.02 6.0902785737512275 -1.6981474335042712 2.6074593187925803 -1.4637310695679833
3.1276970006436744 0.9889155087337897 -0.7054557865582289 0.02 6.103055660066058 -1.656103407354781 2.6268945641387407 -1.4673981486901286
3.1471802865300424 0.9741642943184026 -0.7375607207693591 0.02 6.115297812539325 -1.6052467105565071 2.6460836047537386 -1.4707707453066803
3.1663561835093508 0.9587948489654163 -0.7684722676493116 0.02 6.1269996201970685 -1.5455773439976284 2.6650082946877642 -1.4738637923136666
3.1852128748191464 0.9428345654897807 -0.7980141737817803 0.02 6.138158972117626 -1.4770953066234327 2.683651520395657 -1.4766924407642192
3.203739162054634 0.9263143617743719 -0.8260101857704427 0.02 6.148776807398763 -1.3998005994331209 2.701997264749148 -1.4792719288195084
3.221924535670039 0.9092686807702588 -0.8522840502056539 0.02 6.158856853549323 -1.313693221760559 2.720030664197008 -1.4816174601584593
3.2397592454799704 0.8917354904965702 -0.8766595136844302 0.02 6.168405360426597 -1.2187731739388141 2.737738060700284 -1.483744092836452
3.257234371160783 0.8737562840406277 -0.8989603227971266 0.02 6.177430835108757 -1.1150404556348192 2.7551070491534837 -1.4856666391245181
3.2743418926870294 0.8553760763123197 -0.9190103864153976 0.02 6.1859437824538706 -1.0025031809135498 2.7721265219149536 -1.4873995767025843
3.291074750289633 0.8366428801301895 -0.9366598091065104 0.02 6.193956449491144 -0.8824711345556402 2.7887867004909936 -1.4889569702698457
3.3074268393665514 0.8176044538459104 -0.9519213142139549 0.02 6.201482553104885 -0.7630752553722253 2.8050791015487415 -1.4903523995992376
3.323392947151808 0.7983053892628433 -0.9649532291533536 0.02 6.208537003335776 -0.6515957469699352 2.8209964437888013 -1.4915988972516967
3.338968682233436 0.7787867540813842 -0.9759317590729566 0.02 6.215135651617532 -0.548926495980151 2.836532548026203 -1.4927089010332433
3.35415040405211 0.7590860909337138 -0.9850331573835192 0.02 6.221295066746977 -0.4550699155281279 2.8516822376161737 -1.4936942201706613
3.3689351523997924 0.7392374173841088 -0.9924336774802534 0.02 6.2270323376203205 -0.3700260048367099 2.8664412403246398 -1.4945660135300414
3.3833205769183627 0.7192712259285194 -0.9983095727794655 0.02 6.2323649008908175 -0.29379476496060875 2.8808060914790117 -1.495334778208509
3.397304866598264 0.6992144839950587 -1.002837096673037 0.02 6.237310391950188 -0.22637619467857917 2.8947740393035852 -1.4960103470192203
3.4108866792771315 0.67909063394338 -1.0061925025839358 0.02 6.241886516946119 -0.1677702955449334 2.908342951793217 -1.4966018934246892
3.424065071138441 0.6589195930654768 -1.0085520438951612 0.02 6.246110944138852 -0.11797706556126997 2.9215112260541414 -1.4971179426929004
3.436839426210137 0.6387177535847943 -1.0100919740341219 0.02 6.250001212309861 -0.07699650694803495 2.934277699270859 -1.4975663880904788
3.4492093858632775 0.6184979826570292 -1.0109885463882584 0.02 6.253574654544348 -0.04482861770682689 2.946641561920924 -1.497954511125239
3.4611747783106668 0.5982696223694628 -1.011418014378318 0.02 6.256848335432256 -0.021473399502980328 2.9586022727174672 -1.4982890049196762
3.472735548111654 0.5780384900493596 -1.0115566160051603 0.02 6.259839000054512 -0.0069300813421158125 2.9701594753335967 -1.4985759999366168
3.483891690905196 0.5578071396771023 -1.0115675186128659 0.02 6.262563034451052 -5.451303852765932E-4 2.981312922128195 -1.4988210914854456
3.49464324082488 0.5375774959841984 -1.011482184645196 0.02 6.265036446089137 0.004266698383492695 2.9920624517600456 -1.4990293691850052
3.504990327304527 0.5173543239823442 -1.0111586000927097 0.02 6.2672748616926155 0.01617922762431334 3.0024080377891487 -1.4992054473671867
3.514933245443016 0.4971459069244677 -1.010420852893823 0.02 6.26929352428355 0.03688735994433756 3.012349851994833 -1.4993534945061548
3.5244725265056536 0.4769640531318675 -1.009092689630009 0.02 6.271107285763516 0.06640816319070098 3.021888328803616 -1.4994772615130945
3.533609008425529 0.4568240959937686 -1.0069978569049454 0.02 6.272730595312769 0.10474163625318056 3.031024230846051 -1.49958010909029
3.5423439063048816 0.4367448939676333 -1.0039601013067667 0.02 6.274177483910268 0.15188777990893243 3.0397587151100645 -1.499665034286202
3.5506788829164577 0.41674883057880585 -0.9998031694413712 0.02 6.275461545562446 0.20784659326977817 3.0480934000237028 -1.4997346963607583
3.5586161192048786 0.3968618144210456 -0.9943508078880114 0.02 6.276595915788356 0.2726180776679854 3.0560304330408266 -1.4997914420185905
3.5661583847879985 0.3771132791559939 -0.9874267632525857 0.02 6.277593248083584 0.3462022317712865 3.063572558716083 -1.4998373300351717
3.5733091084582664 0.3575361835133961 -0.9788547821298899 0.02 6.278465689165306 0.428599056134793 3.0707231873449943 -1.4998741552661217
3.580072448684092 0.33816701129127935 -0.968458611105838 0.02 6.279224853806751 0.5198085512025941 3.0774864638645987 -1.4999034719976458
3.5864533641112013 0.31904577135546397 -0.9560619967907691 0.02 6.2798818001753185 0.6198307157534444 3.0838673372037517 -1.4999266165753709
3.5924576840639464 0.30021599763725426 -0.9414886859104854 0.02 6.280447006539756 0.7286655440141843 3.0898716297578623 -1.499944729227377
3.5980921767915968 0.28172463638251877 -0.9245680627367747 0.02 6.280930350080505 0.846031158685534 3.095506104925162 -1.4999587749828063
3.6033645785964135 0.26362009024083477 -0.9052273070841999 0.02 6.2813410860318175 0.9670377826287435 3.1007784956585205 -1.4999695635233605
3.6082835467654037 0.2459484084495145 -0.8835840895660141 0.02 6.281687827416228 1.0821608759092882 3.105697456959549 -1.4999777679044068
3.6128585896240057 0.22875214293009982 -0.8598132759707333 0.02 6.281978532466379 1.1885406797640385 3.1102724956365444 -1.4999839422237944
3.617099996034728 0.2120703205361174 -0.8340911196991208 0.02 6.282220501409455 1.286107813580628 3.114513899546729 -1.4999885381082718
3.621018764895788 0.1959384430529898 -0.8065938741563805 0.02 6.282420381852392 1.3748622771370123 3.1184326669471565 -1.499991919867203
3.6246265346397495 0.18038848719807987 -0.7774977927454962 0.02 6.2825841818800425 1.4548040705442133 3.1220404358462286 -1.4999943782225418
3.6279355127321598 0.1654489046205132 -0.7469791288783334 0.02 6.282717289944754 1.5259331933581421 3.125349413469156 -1.4999961425774777
3.6309584051701886 0.1511446219014445 -0.7152141359534347 0.02 6.282824500578634 1.5882496462449325 3.128372305646031 -1.4999973918312377
3.6337083459812662 0.13749704055388 -0.6823790673782248 0.02 6.282910044962609 1.6417534287604951 3.131122246318126 -1.4999982637847376
3.636198826721719 0.12452403702263304 -0.6486501765623487 0.02 6.282977625370386 1.6864445407938078 3.1336127269880607 -1.4999988632108794
3.63844362597541 0.11223996268454606 -0.614203716904349 0.02 6.2830304525348275 1.722322982899982 3.135857526205674 -1.4999992686848935
3.640456738852377 0.10065564384835746 -0.57921594180943 0.02 6.283071285012422 1.7493887547459508 3.137870639064065 -1.4999995382851004
3.6422523064874683 0.08977838175456831 -0.5438631046894571 0.02 6.283102469671055 1.7676418559986473 3.1396662066898915 -1.499999714282852
3.643844545538983 0.07961195257573106 -0.5083214589418628 0.02 6.283125982488791 1.7770822873797165 3.141258445738099 -1.4999998269438641
3.6452476776873044 0.07015660741607199 -0.4727672579829534 0.02 6.283143468924074 1.7777100479454688 3.1426615778852227 -1.4999998975617004
3.6464758591335458 0.0614090723120686 -0.4373767552001695 0.02 6.283156283200532 1.7695251391391942 3.1438897593307944 -1.4999999408392173
3.6475431100981806 0.053362548231739027 -0.4023262040164788 0.02 6.283165525938581 1.7525275591845357 3.1449570102948723 -1.4999999667262778
3.6484632443196836 0.04600671107515275 -0.3677918578293138 0.02 6.283172079660275 1.72671730935825 3.1458771445165445 -1.4999999818119822
3.649249798553171 0.039327711674363997 -0.3339499700394377 0.02 6.283176641790021 1.6920943894938034 3.146663698750128 -1.49999999035908
3.649915962069034 0.03330817579314527 -0.30097679406093647 0.02 6.283179754869872 1.6486587989250623 3.1473298622663197 -1.4999999950564877
3.650474506151579 0.027927204127253802 -0.26904858329457326 0.02 6.283181833802323 1.5964105383181604 3.147888406348773 -1.4999999975545464
3.6509377135976666 0.023160372304387167 -0.23834159114333175 0.02 6.283183190023369 1.5353496075620754 3.148351613794965 -1.4999999988364545
3.6513173082153476 0.018979730884050028 -0.20903207101685695 0.02 6.283184052593114 1.4654760063237404 3.14873120841279 -1.4999999994693067
3.6516243843225005 0.015353805357642969 -0.18129627632035294 0.02 6.283184586267859 1.3867897348252 3.149038284520014 -1.4999999997688647
3.6518693362454724 0.012247596148595719 -0.15531046045236252 0.02 6.283184906685907 1.2992907933995212 3.1492832364429626 -1.4999999999043043
3.6520617878177135 0.009622578612056287 -0.13125087682697156 0.02 6.28318509285766 1.2029791812695478 3.149475688015248 -1.4999999999625417
3.6522105218784175 0.00743670303520183 -0.10929377884272284 0.02 6.283185197197857 1.097854899212436 3.1496244220759944 -1.4999999999862317
3.652323409995754 0.005644405866833679 -0.08961485841840755 0.02 6.2831852533733965 0.9839460212157647 3.1497373101933603 -1.4999999999952898
3.652407358440731 0.004197422248841676 -0.07234918089960019 0.02 6.283185282267234 0.8632838759403683 3.149821258638346 -1.4999999999985152
3.6524683263169346 0.003048393810178851 -0.05745142193314123 0.02 6.283185296363422 0.7448879483229476 3.1498822265145754 -1.4999999999995735
3.6525113920071806 0.0021532845122962385 -0.044755464894130625 0.02 6.283185302827277 0.6347978519505304 3.1499252922048253 -1.4999999999998928
3.65254082367279 0.001471583280476807 -0.03408506159097158 0.02 6.283185305581011 0.5335201651579524 3.1499547238704375 -1.499999999999973
3.6525601497549505 9.663041080187895E-4 -0.025263958622900873 0.02 6.28318530665445 0.4410551484035352 3.1499740499526 -1.4999999999999938
3.652572229476077 6.039860563245014E-4 -0.018115902584714405 0.02 6.2831853070295605 0.3574028019093234 3.149986129673729 -1.499999999999997
3.6525793233411776 3.5469325503356686E-4 -0.012464640064546728 0.02 6.283185307143778 0.28256312600838385 3.149993223538829 -1.5000000000000018
3.6525831636392128 1.920149017564654E-4 -0.008133917663855073 0.02 6.283185307172867 0.21653612003458278 3.149997063836868 -1.4999999999999951
3.652585024944458 9.306526225216771E-5 -0.004947481975214885 0.02 6.28318530717869 0.1593217844320094 3.149998925142112 -1.5
3.6525857946178655 3.8483670383726576E-5 -0.002729079593422057 0.02 6.283185307179518 0.11092011908964139 3.149999694815521 -1.499999999999997
3.6525860433084296 1.2434528207094786E-5 -0.0013024571088315895 0.02 0.0 0.07133112422952337 3.1499999435060855 -1.499999999999997
3.652586095454542 2.607305615853761E-6 -4.913611295620512E-4 0.02 2.886579864025407E-15 0.04055479896347691 3.1499999956521965 -1.4999999999999987
3.6525860997853594 2.1654087412059653E-7 -1.1953823708665823E-4 0.02 0.0 0.01859114462376965 3.1499999999830153 -1.499999999999997
3.652586099802346 8.493206138382448E-10 -1.0784577675337914E-5 0.02 0.0 0.005437682970566016 3.1500000000000004 -1.4999999999999984
3.652586099802346 0.0 -4.246603069191224E-8 0.02 0.0 5.371055822323001E-4 3.1500000000000004 -1.4999999999999984
