5.875113506465018E-10 2.937556753232509E-8 1.4687783766162545E-6 0.02 0.0 7.343891883081273E-5 5.875113506468161E-10 0.0
1.8800363220688058E-8 9.106425935020778E-7 4.406335129848763E-5 0.02 0.0 0.002129728646093569 1.8800363220687952E-8 0.0
1.427652582070999E-7 6.1982447493205925E-6 2.643801077909257E-4 0.02 0.0 0.011015837824621903 1.427652582071001E-7 0.0
6.016116230620179E-7 2.29423182427459E-5 8.372036746712653E-4 0.02 0.0 0.02864117834401698 6.016116230620179E-7 0.0
1.8359729707703185E-6 6.171806738541503E-5 0.0019387874571334565 0.02 0.0 0.05507918912310956 1.8359729707703192E-6 0.0
4.568488262627197E-6 1.366257645928439E-4 0.0037453848603714434 0.02 0.0 0.09032987016189935 4.568488262627197E-6 0.0
9.874303270315758E-6 2.6529075038442805E-4 0.006433249289579207 0.02 0.0 0.13439322146038818 9.874303270315758E-6 0.0
1.925157193798457E-5 4.6886343338344065E-4 0.01017863414995063 0.02 0.0 0.18726924301857117 1.925157193798457E-5 0.0
3.469195774432528E-5 7.720192903170353E-4 0.01515779284667973 0.02 0.0 0.24895793483645495 3.469195774432527E-5 0.0
5.875113506465019E-5 0.0012029588660162458 0.021546978784960525 0.02 0.0 0.3194592969140398 5.875113506465019E-5 0.0
9.461929053296976E-5 0.0017934077734159785 0.029522445369986636 0.02 0.0 0.39877332925130554 9.461929053296976E-5 0.0
1.461916244040703E-4 0.002578616693555027 0.03926044600695242 0.02 0.0 0.4869000318482893 1.4619162440407022E-4 0.0
2.181388519155916E-4 0.0035973613755760653 0.05093723410105192 0.02 0.0 0.583839404704975 2.1813885191559137E-4 0.0
3.1597770465010427E-4 0.004891942636725633 0.06472906305747839 0.02 0.0 0.6895914478213232 3.159777046501038E-4 0.0
4.461410715330586E-4 0.006508168344147716 0.08081128537110417 0.02 0.0 0.8041111156812892 4.4614107153305774E-4 0.0
6.160287406665392E-4 0.00849438345667403 0.09931075562631567 0.02 0.0 0.9249735127605747 6.160287406665379E-4 0.0
8.339836499198928E-4 0.01089774546266768 0.12016810029968254 0.02 0.0 1.0428672336683438 8.33983649919891E-4 0.0
0.0011092244374463587 0.013762039376323292 0.14321469568278059 0.02 0.0 1.1523297691549022 0.0011092244374463563 0.0
0.0014517749408068995 0.01712752516802704 0.16827428958518745 0.02 0.0 1.2529796951203431 0.001451774940806896 0.0
0.0018723936956081195 0.021030937740060998 0.19517062860169784 0.02 0.0 1.3448169508255197 0.001872393695608115 0.0
0.002382503434140188 0.025505486926603427 0.22372745932712143 0.02 0.0 1.4278415362711794 0.002382503434140201 0.0
0.002994120584014768 0.03058085749372899 0.2537685283562782 0.02 0.0 1.5020534514578396 0.0029941205840148056 0.0
0.0037197847668029274 0.03628320913940798 0.2851175822839495 0.02 0.0 1.5674526963835644 0.003719784766802995 0.0
0.0045724882966730685 0.04263517649350705 0.3175983677049535 0.02 0.0 1.6240392710501983 0.004572488296673171 0.0
0.0055656056790288535 0.04965586911778925 0.3510346312141099 0.02 0.0 1.6718131754578203 0.005565605679028997 0.0
0.006712823109147118 0.05736087150591323 0.38525011940619897 0.02 0.0 1.7107744096044541 0.006712823109147307 0.0
0.008028067970815803 0.06576224308343422 0.42006857887604937 0.02 0.0 1.7409229734925202 0.008028067970816045 0.0
0.009525438334971863 0.07486851820780303 0.4553137562184409 0.02 0.0 1.762258867119576 0.009525438334972167 0.0
0.011219132458339203 0.08468470616836699 0.49080939802819756 0.02 0.0 1.7747820904878335 0.011219132458339576 0.0
0.01312337828206661 0.09521229118637031 0.5263792509001664 0.02 0.0 1.7784926435984394 0.013123378282067059 0.0
0.015252362930365639 0.10644923241495147 0.5618470614290577 0.02 0.0 1.7733905264445682 0.015252362930366175 0.0
0.017620162209148575 0.11838996393914682 0.5970365762097675 0.02 0.0 1.7594757390354876 0.017620162209148513 0.0
0.020240670104666323 0.1310253947758874 0.6317715418370291 0.02 0.0 1.736748281363082 0.02024067010466546 0.0
0.02312752828214635 0.1443429088740013 0.6658757049056954 0.02 0.0 1.705208153433313 0.023127528282144604 0.0
0.026294055584430612 0.1583263651142131 0.69917281201059 0.02 0.0 1.664855355244732 0.026294055584427895 0.0
0.029753177530613434 0.1729560973091411 0.7314866097463998 0.02 0.0 1.615689886790489 0.02975317753060966 0.0
0.03351735581467954 0.18820891420330518 0.7626408447082039 0.02 0.0 1.557711748090207 0.033517355814676186 0.0
0.037598517804141834 0.20405809947311482 0.7924592634904817 0.02 0.0 1.4909209391138878 0.037598517804140065 0.0
0.042007986038679404 0.22047341172687848 0.8207656126881832 0.02 0.0 1.4153174598850737 0.04200798603867934 0.0
0.04675640772877544 0.23742108450480193 0.8473836388961722 0.02 0.0 1.3309013103994516 0.046756407728777226 0.0
0.05185368425435513 0.2548638262789844 0.872137088709124 0.02 0.0 1.23767249064759 0.051853684254358885 0.0
0.0573089006634236 0.27276082045342326 0.8948497087219426 0.02 0.0 1.1356310006409298 0.05730890066342947 0.0
0.0631302551786804 0.2910677257628402 0.915345265470846 0.02 0.0 1.0247778374451733 0.06313025517868764 0.0
0.0693249942946908 0.30973695580052 0.933461501883992 0.02 0.0 0.9058118206572985 0.06932499429469186 0.0
0.07589940173269191 0.3287203719000556 0.9491708049767789 0.02 0.0 0.7854651546393421 0.07589940173268639 0.0
0.08285885594680137 0.3479727107054728 0.9626169402708606 0.02 0.0 0.6723067647040892 0.08285885594678889 0.0
0.09020790050730407 0.36745222802513494 0.9739758659831066 0.02 0.0 0.5679462856122974 0.09020790050728424 0.0
0.0979503146020145 0.38712070473552185 0.9834238355193453 0.02 0.0 0.47239847681193603 0.09795031460198693 0.0
0.10608918353763871 0.4069434467812105 0.991137102284434 0.02 0.0 0.3856633382544328 0.10608918353760301 0.0
0.11462696924113638 0.42688928517488345 0.997291919683646 0.02 0.0 0.30774086996060435 0.11462696924109213 0.0
0.1235655807610829 0.4469305759973258 1.0020645411221163 0.02 0.0 0.23863107192351185 0.1235655807610297 0.0
0.13290644476903143 0.46704320039742675 1.0056312200050488 0.02 0.0 0.17833394414662473 0.1329064447689689 0.0
0.14265057606087506 0.4872065645921811 1.008168209737717 0.02 0.0 0.1268494866334069 0.14265057606080278 0.0
0.15279864805820884 0.5074035998666889 1.0098517637253916 0.02 0.0 0.0841776993837362 0.1527986480581264 0.0
0.16335106330969176 0.5276207625741464 1.0108581353728718 0.02 0.0 0.050318582374009324 0.16335106330959878 0.0
0.17430802399240902 0.5478480341358629 1.0113635780858277 0.02 0.0 0.025272135647791405 0.17430802399230508 0.0
0.18566960241311867 0.5680789210354822 1.0115443449809636 0.02 0.0 0.009038344756795436 0.18566960241300337 0.0
0.1974358090644475 0.5883103325664413 1.0115705765479543 0.02 0.0 0.0013115783495387667 0.19743580906432043 0.0
0.20960662037342717 0.6085405654489839 1.0115116441271332 0.02 0.0 -0.002946621041055586 0.20960662037328792 0.0
0.22218193063564723 0.6287655131110028 1.0112473831009439 0.02 0.0 -0.013213051309468593 0.2221819306354954 0.0
0.23516148201146073 0.6489775687906748 1.0106027839835996 0.02 0.0 -0.032229955867213445 0.23516148201129594 0.0
0.24854479402462232 0.6691656006580795 1.009401593370235 0.02 0.0 -0.060059530668232775 0.24854479402444413 0.0
0.2623310930609258 0.6893149518151731 1.00746755785468 0.02 0.0 -0.09670177577775219 0.26233109306080227 0.0
0.2765192418668424 0.7094074402958311 1.0046244240329016 0.02 0.0 -0.1421566910889127 0.27651924186678345 0.0
0.29110766904815844 0.7294213590658016 1.0006959384985248 0.02 0.0 -0.19642427671884288 0.2911076690481659 0.0
0.3060942985686135 0.7493314760227521 0.995505847847522 0.02 0.0 -0.2595045325501366 0.30609429856868914 0.0
0.32147647924853795 0.7691090339962237 0.9888778986735791 0.02 0.0 -0.3313974586971469 0.3214764792486836 0.0
0.3372509142634913 0.7887217507476674 0.9806358375721858 0.02 0.0 -0.41210305506966805 0.3372509142637088 0.0
0.35341359064289996 0.8081338189704329 0.9706034111382766 0.02 0.0 -0.5016213216954557 0.35341359064319094 0.0
0.3699597087686951 0.8273059062897575 0.9586043659662313 0.02 0.0 -0.5999522586022654 0.3699597087690614 0.0
0.3868836118739504 0.8461951552627633 0.9444624486502906 0.02 0.0 -0.7070958657970361 0.3868836118743937 0.0
0.4041787164382678 0.8647552282158716 0.9280036476554121 0.02 0.0 -0.8229400497439254 0.40417871643878983 0.0
0.42183747011064765 0.8829376836189923 0.9091227701560345 0.02 0.0 -0.9440438749688806 0.42183747011125006 0.0
0.4398513869889241 0.9006958439138235 0.8879080147415619 0.02 0.0 -1.0607377707236298 0.4398513869896085 0.0
0.45821111660267444 0.917986480687516 0.8645318386846235 0.02 0.0 -1.1688088028469212 0.4582111166034424 0.0
0.4769065144145803 0.9347698905952939 0.8391704953888968 0.02 0.0 -1.268067164786335 0.47690651441543336 0.0
0.4959267123217903 0.9510098953604995 0.8120002382602798 0.02 0.0 -1.358512856430849 0.4959267123227299 0.0
0.5152601891572817 0.9666738417745679 0.7831973207034215 0.02 0.0 -1.4401458778429133 0.5152601891582398 0.0
0.5348948411912227 0.9817326016970496 0.7529379961240812 0.02 0.0 -1.5129662289670165 0.5348948411921814 0.0
0.5548180526323343 0.9961605720555822 0.7213985179266302 0.02 0.0 -1.5769739098725477 0.5548180526332939 0.0
0.5750167661292526 1.0099356748459132 0.6887551395165503 0.02 0.0 -1.6321689205039958 0.5750167661302129 0.0
0.5954775532718909 1.0230393571319163 0.6551841143001558 0.02 0.0 -1.6785512608197273 0.5954775532728521 0.0
0.6161866850928012 1.0354565910455138 0.6208616956798751 0.02 0.0 -1.7161209310140313 0.6161866850937632 0.0
0.6371302025685371 1.0471758737867987 0.5859641370642432 0.02 0.0 -1.7448779307815965 0.6371302025695 0.0
0.6582939871210159 1.0581892276239402 0.5506676918570763 0.02 0.0 -1.7648222603583452 0.6582939871219764 0.0
0.6796638311188801 1.0684921998932062 0.515148613463301 0.02 0.0 -1.7759539196887664 0.679663831119834 0.0
0.7012255083788586 1.0780838629989242 0.4795831552859009 0.02 0.0 -1.7782729088700044 0.7012255083798059 0.0
0.7229648446671311 1.0869668144136257 0.44414757073507616 0.02 0.0 -1.771779227541237 0.7229648446680718 0.0
0.7448677882006884 1.0951471766778687 0.4090181132121451 0.02 0.0 -1.7564728761465531 0.7448677882016224 0.0
0.7669204801486955 1.1026345974003537 0.3743710361242547 0.02 0.0 -1.7323538543945194 0.7669204801496228 0.0
0.7891093251338527 1.1094422492578582 0.3403825928752213 0.02 0.0 -1.6994221624516692 0.7891093251347732 0.0
0.8114210617337582 1.1155868299952743 0.30722903687080416 0.02 0.0 -1.657677800220858 0.8114210617346813 0.0
0.8338428329822701 1.1210885624255984 0.27508662151620733 0.02 0.0 -1.6071207677298416 0.8338428329832019 0.0
0.856362256870869 1.1259711944299422 0.24413160021719005 0.02 0.0 -1.5477510649508641 0.8563622568718094 0.0
0.8789674968500191 1.1302619989575047 0.21454022637812376 0.02 0.0 -1.4795686919533146 0.8789674968509684 0.0
0.9016473323305304 1.1339917740255667 0.18648875340310234 0.02 0.0 -1.402573648751071 0.9016473323314884 0.0
0.9243912291849224 1.1371948427196021 0.1601534347017708 0.02 0.0 -1.3167659350665772 0.9243912291858893 0.0
0.9471894102487842 1.1399090531930889 0.13571052367433722 0.02 0.0 -1.2221455513716784 0.94718941024976 0.0
0.9700329258221371 1.1421757786676423 0.11333627372767108 0.02 0.0 -1.1187124973333074 0.9700329258231217 0.0
0.9929137241233345 1.144039915059869 0.09320681961133559 0.02 0.0 -1.0064727058167744 0.992913724124328 0.0
1.0158247122936856 1.14554940851756 0.07547467288454568 0.02 0.0 -0.8866073363394955 1.015824712294688 0.0
1.0387597541739937 1.146752094015402 0.06013427489209855 0.02 0.0 -0.7670198996223565 1.0387597541750049 0.0
1.0617136078297271 1.1476926827866718 0.04702943856349506 0.02 0.0 -0.6552418164301743 1.0617136078307472 0.0
1.0846818550776758 1.148412362397433 0.03598398053805685 0.02 0.0 -0.5522729012719108 1.084681855078705 0.0
1.1076608309845866 1.148948795345539 0.026821647405306237 0.02 0.0 -0.45811665663753054 1.1076608309856075 0.0
1.130647553365803 1.1493361190608176 0.019366185763924904 0.02 0.0 -0.3727730820690667 1.130647553366801 0.0
1.1536396522839023 1.1496049459049695 0.013441342207598517 0.02 0.0 -0.29624217781631934 1.1536396522848773 0.0
1.1766352995473341 1.149782363171592 0.008870863331122969 0.02 0.0 -0.2285239438237774 1.176635299548286 0.0
1.1996331382090575 1.1498919330861668 0.005478495728739041 0.02 0.0 -0.1696183801191964 1.1996331382099865 0.0
1.2226322120651796 1.149953692806105 0.0030879859969079604 0.02 0.0 -0.11952548659155404 1.2226322120660855 0.0
1.245631895153593 1.149984154420669 0.0015230807282051728 0.02 0.0 -0.07824526343513938 1.2456318951544758 0.0
1.2686318212526142 1.149996304951062 6.07526519647017E-4 0.02 0.0 -0.04577771042790779 1.2686318212534742 0.0
1.291631813379621 1.1499996063503382 1.6506996380893924E-4 0.02 0.0 -0.022122827791903887 1.2916318133804578 0.0
1.3146318132915367 1.1499999955957851 1.9462272349279885E-5 0.02 0.0 -0.0072803845729829675 1.3146318132923507 0.0
1.3376318132915368 1.1500000000000066 2.2021107159986286E-7 0.02 0.0 -9.621030638840011E-4 1.3376318132923277 0.0
1.3606318132915363 1.1499999999999733 -1.6653345369377348E-12 0.02 0.0 -1.101063684671999E-5 1.360631813292304 0.0
1.3836318132915362 1.1499999999999955 1.1102230246251565E-12 0.02 0.0 1.3877787807814457E-10 1.383631813292281 0.0
1.406631813291536 1.1499999999999955 0.0 0.02 0.0 -5.551115123125783E-11 1.406631813292258 0.0
1.4296318132915362 1.1500000000000066 5.551115123125783E-13 0.02 0.0 2.7755575615628914E-11 1.429631813292235 0.0
1.4526318132915363 1.1500000000000066 0.0 0.02 0.0 -2.7755575615628914E-11 1.452631813292212 0.0
1.4756318132915363 1.1499999999999955 -5.551115123125783E-13 0.02 0.0 -2.7755575615628914E-11 1.475631813292189 0.0
1.4986318132915362 1.1499999999999955 0.0 0.02 0.0 2.7755575615628914E-11 1.498631813292166 0.0
1.5216318132915363 1.1500000000000066 5.551115123125783E-13 0.02 0.0 2.7755575615628914E-11 1.5216318132921431 0.0
1.5446318132915362 1.1499999999999955 -5.551115123125783E-13 0.02 0.0 -5.551115123125783E-11 1.5446318132921202 0.0
1.5676318132915363 1.1500000000000066 5.551115123125783E-13 0.02 0.0 5.551115123125783E-11 1.5676318132920972 0.0
1.5906318132915362 1.1499999999999955 -5.551115123125783E-13 0.02 0.0 -5.551115123125783E-11 1.5906318132920743 0.0
1.6136318132915364 1.1500000000000066 5.551115123125783E-13 0.02 0.0 5.551115123125783E-11 1.6136318132920513 0.0
1.6366318132915365 1.1500000000000066 0.0 0.02 0.0 -2.7755575615628914E-11 1.6366318132920283 0.0
1.6596318132915366 1.1500000000000066 0.0 0.02 0.0 0.0 1.6596318132920054 0.0
1.6826318132915363 1.1499999999999844 -1.1102230246251565E-12 0.02 0.0 -5.551115123125783E-11 1.6826318132919822 0.0
1.7056318132915365 1.1500000000000066 1.1102230246251565E-12 0.02 0.0 1.1102230246251565E-10 1.7056318132919595 0.0
1.7286318132915366 1.1500000000000066 0.0 0.02 0.0 -5.551115123125783E-11 1.7286318132919365 0.0
1.7516318132915367 1.1500000000000066 0.0 0.02 0.0 0.0 1.7516318132919135 0.0
1.7746318132915364 1.1499999999999844 -1.1102230246251565E-12 0.02 0.0 -5.551115123125783E-11 1.7746318132918903 0.0
1.7976318132915365 1.1500000000000066 1.1102230246251565E-12 0.02 0.0 1.1102230246251565E-10 1.7976318132918674 0.0
1.8206318132915367 1.1500000000000066 0.0 0.02 0.0 -5.551115123125783E-11 1.8206318132918446 0.0
1.8436318132915368 1.1500000000000066 0.0 0.02 0.0 0.0 1.843631813291822 0.0
1.866631813291537 1.1500000000000066 0.0 0.02 0.0 0.0 1.866631813291799 0.0
1.8896318132915366 1.1499999999999844 -1.1102230246251565E-12 0.02 0.0 -5.551115123125783E-11 1.8896318132917755 0.0
1.9126318132915368 1.1500000000000066 1.1102230246251565E-12 0.02 0.0 1.1102230246251565E-10 1.9126318132917528 0.0
1.9356318132915364 1.1499999999999844 -1.1102230246251565E-12 0.02 0.0 -1.1102230246251565E-10 1.9356318132917294 0.0
1.9586318132915361 1.1499999999999844 0.0 0.02 0.0 5.551115123125783E-11 1.958631813291706 0.0
1.9816318132915363 1.1500000000000066 1.1102230246251565E-12 0.02 0.0 5.551115123125783E-11 1.9816318132916833 0.0
2.004631813291536 1.1499999999999955 -5.551115123125783E-13 0.02 0.0 -8.326672684688674E-11 2.0046318132916605 0.0
2.0276318132915367 1.1500000000000288 1.6653345369377348E-12 0.02 0.0 1.1102230246251565E-10 2.0276318132916376 0.0
2.0506318132915364 1.1499999999999844 -2.220446049250313E-12 0.02 0.0 -1.942890293094024E-10 2.0506318132916146 0.0
2.073631813291537 1.1500000000000288 2.220446049250313E-12 0.02 0.0 2.220446049250313E-10 2.073631813291592 0.0
2.0966318132915367 1.1499999999999844 -2.220446049250313E-12 0.02 0.0 -2.220446049250313E-10 2.0966318132915687 0.0
2.1196318132915364 1.1499999999999844 0.0 0.02 0.0 1.1102230246251565E-10 2.1196318132915453 0.0
2.142631813291537 1.1500000000000288 2.220446049250313E-12 0.02 0.0 1.1102230246251565E-10 2.1426318132915227 0.0
2.1656318132915366 1.1499999999999844 -2.220446049250313E-12 0.02 0.0 -2.220446049250313E-10 2.1656318132914993 0.0
2.1886318132915363 1.1499999999999844 0.0 0.02 0.0 1.1102230246251565E-10 2.1886318132914764 0.0
2.211631813291537 1.1500000000000288 2.220446049250313E-12 0.02 0.0 1.1102230246251565E-10 2.2116318132914534 0.0
2.2346318132915366 1.1499999999999844 -2.220446049250313E-12 0.02 0.0 -2.220446049250313E-10 2.234631813291431 0.0
2.257631813291537 1.1500000000000288 2.220446049250313E-12 0.02 0.0 2.220446049250313E-10 2.2576318132914084 0.0
2.280631813291537 1.1499999999999844 -2.220446049250313E-12 0.02 0.0 -2.220446049250313E-10 2.280631813291385 0.0
2.3036318132915365 1.1499999999999844 0.0 0.02 0.0 1.1102230246251565E-10 2.3036318132913616 0.0
2.326631813291537 1.1500000000000288 2.220446049250313E-12 0.02 0.0 1.1102230246251565E-10 2.326631813291339 0.0
2.349631813291537 1.1499999999999844 -2.220446049250313E-12 0.02 0.0 -2.220446049250313E-10 2.3496318132913157 0.0
2.3726318132915365 1.1499999999999844 0.0 0.02 0.0 1.1102230246251565E-10 2.3726318132912922 0.0
2.395631813291537 1.1500000000000288 2.220446049250313E-12 0.02 0.0 1.1102230246251565E-10 2.39563181329127 0.0
2.4186318132915368 1.1499999999999844 -2.220446049250313E-12 0.02 0.0 -2.220446049250313E-10 2.4186318132912468 0.0
2.4416318132915373 1.1500000000000288 2.220446049250313E-12 0.02 0.0 2.220446049250313E-10 2.4416318132912243 0.0
2.464631813291537 1.1499999999999844 -2.220446049250313E-12 0.02 0.0 -2.220446049250313E-10 2.464631813291201 0.0
2.4876318132915367 1.1499999999999844 0.0 0.02 0.0 1.1102230246251565E-10 2.4876318132911774 0.0
2.5106318132915373 1.1500000000000288 2.220446049250313E-12 0.02 0.0 1.1102230246251565E-10 2.5106318132911554 0.0
2.533631813291536 1.14999999999994 -4.440892098500626E-12 0.02 0.0 -3.3306690738754696E-10 2.5336318132911315 0.0
2.5566318132915367 1.1500000000000288 4.440892098500626E-12 0.02 0.0 4.440892098500626E-10 2.5566318132911086 0.0
2.5796318132915363 1.1499999999999844 -2.220446049250313E-12 0.02 0.0 -3.3306690738754696E-10 2.5796318132910856 0.0
2.602631813291537 1.1500000000000288 2.220446049250313E-12 0.02 0.0 2.220446049250313E-10 2.602631813291063 0.0
2.6256318132915366 1.1499999999999844 -2.220446049250313E-12 0.02 0.0 -2.220446049250313E-10 2.6256318132910397 0.0
2.6486318132915363 1.1499999999999844 0.0 0.02 0.0 1.1102230246251565E-10 2.6486318132910163 0.0
2.671631813291536 1.1499999999999844 0.0 0.02 0.0 0.0 2.671631813290993 0.0
2.6946318132915366 1.1500000000000288 2.220446049250313E-12 0.02 0.0 1.1102230246251565E-10 2.694631813290971 0.0
2.7176318132915362 1.1499999999999844 -2.220446049250313E-12 0.02 0.0 -2.220446049250313E-10 2.7176318132909474 0.0
2.740631813291537 1.1500000000000288 2.220446049250313E-12 0.02 0.0 2.220446049250313E-10 2.740631813290925 0.0
2.7636318132915365 1.1499999999999844 -2.220446049250313E-12 0.02 0.0 -2.220446049250313E-10 2.7636318132909015 0.0
2.786631813291536 1.1499999999999844 0.0 0.02 0.0 1.1102230246251565E-10 2.7866318132908785 0.0
2.8096318132915368 1.1500000000000288 2.220446049250313E-12 0.02 0.0 1.1102230246251565E-10 2.809631813290856 0.0
2.8326318132915365 1.1499999999999844 -2.220446049250313E-12 0.02 0.0 -2.220446049250313E-10 2.8326318132908326 0.0
2.855631813291536 1.1499999999999844 0.0 0.02 0.0 1.1102230246251565E-10 2.855631813290809 0.0
2.8786318132915367 1.1500000000000288 2.220446049250313E-12 0.02 0.0 1.1102230246251565E-10 2.8786318132907867 0.0
2.9016318132915364 1.1499999999999844 -2.220446049250313E-12 0.02 0.0 -2.220446049250313E-10 2.901631813290875 0.0
2.924631813291537 1.1500000000000288 2.220446049250313E-12 0.02 0.0 2.220446049250313E-10 2.92463181329098 0.0
2.9476318132915367 1.1499999999999844 -2.220446049250313E-12 0.02 0.0 -2.220446049250313E-10 2.947631813291085 0.0
2.9706318132915364 1.1499999999999844 0.0 0.02 0.0 1.1102230246251565E-10 2.970631813291189 0.0
2.993631813291537 1.1500000000000288 2.220446049250313E-12 0.02 0.0 1.1102230246251565E-10 2.9936318132912945 0.0
3.0166318132915366 1.1499999999999844 -2.220446049250313E-12 0.02 0.0 -2.220446049250313E-10 3.0166318132913985 0.0
3.0396318132915363 1.1499999999999844 0.0 0.02 0.0 1.1102230246251565E-10 3.0396318132915034 0.0
3.062631813291536 1.1499999999999844 0.0 0.02 0.0 0.0 3.0626318132916075 0.0
3.0856318132915366 1.1500000000000288 2.220446049250313E-12 0.02 0.0 1.1102230246251565E-10 3.085631813291713 0.0
3.1086318132915363 1.1499999999999844 -2.220446049250313E-12 0.02 0.0 -2.220446049250313E-10 3.1086318132918174 0.0
3.131631813291536 1.1499999999999844 0.0 0.02 0.0 1.1102230246251565E-10 3.131631813291922 0.0
3.1546318132915356 1.1499999999999844 0.0 0.02 0.0 0.0 3.154631813292026 0.0
3.177631813291536 1.1500000000000288 2.220446049250313E-12 0.02 0.0 1.1102230246251565E-10 3.177631813292131 0.0
3.200631813291536 1.1499999999999844 -2.220446049250313E-12 0.02 0.0 -2.220446049250313E-10 3.200631813292236 0.0
3.2236318132915356 1.1499999999999844 0.0 0.02 0.0 1.1102230246251565E-10 3.2236318132923403 0.0
3.2466318132915353 1.1499999999999844 0.0 0.02 0.0 0.0 3.2466318132924443 0.0
3.269631813291536 1.1500000000000288 2.220446049250313E-12 0.02 0.0 1.1102230246251565E-10 3.269631813292549 0.0
3.2926318132915355 1.1499999999999844 -2.220446049250313E-12 0.02 0.0 -2.220446049250313E-10 3.2926318132926538 0.0
3.315631813291536 1.1500000000000288 2.220446049250313E-12 0.02 0.0 2.220446049250313E-10 3.3156318132927587 0.0
3.338631813291536 1.1499999999999844 -2.220446049250313E-12 0.02 0.0 -2.220446049250313E-10 3.338631813292863 0.0
3.3616318132915364 1.1500000000000288 2.220446049250313E-12 0.02 0.0 2.220446049250313E-10 3.3616318132929686 0.0
3.384631813291536 1.1499999999999844 -2.220446049250313E-12 0.02 0.0 -2.220446049250313E-10 3.384631813293073 0.0
3.407631813291535 1.14999999999994 -2.220446049250313E-12 0.02 0.0 0.0 3.4076318132931767 0.0
3.4306318132915354 1.1500000000000288 4.440892098500626E-12 0.02 0.0 3.3306690738754696E-10 3.4306318132932816 0.0
3.453631813291535 1.1499999999999844 -2.220446049250313E-12 0.02 0.0 -3.3306690738754696E-10 3.453631813293386 0.0
3.4766318132915357 1.1500000000000288 2.220446049250313E-12 0.02 0.0 2.220446049250313E-10 3.4766318132934915 0.0
3.4996318132915354 1.1499999999999844 -2.220446049250313E-12 0.02 0.0 -2.220446049250313E-10 3.4996318132935955 0.0
3.522631813291536 1.1500000000000288 2.220446049250313E-12 0.02 0.0 2.220446049250313E-10 3.522631813293701 0.0
3.5456318132915357 1.1499999999999844 -2.220446049250313E-12 0.02 0.0 -2.220446049250313E-10 3.5456318132938054 0.0
3.5686318132915362 1.1500000000000288 2.220446049250313E-12 0.02 0.0 2.220446049250313E-10 3.5686318132939108 0.0
3.591631813291535 1.14999999999994 -4.440892098500626E-12 0.02 0.0 -3.3306690738754696E-10 3.591631813294014 0.0
3.6146318132915356 1.1500000000000288 4.440892098500626E-12 0.02 0.0 4.440892098500626E-10 3.6146318132941193 0.0
3.6376318132915353 1.1499999999999844 -2.220446049250313E-12 0.02 0.0 -3.3306690738754696E-10 3.637631813294224 0.0
3.660631813291536 1.1500000000000288 2.220446049250313E-12 0.02 0.0 2.220446049250313E-10 3.660631813294329 0.0
3.6836318132915356 1.1499999999999844 -2.220446049250313E-12 0.02 0.0 -2.220446049250313E-10 3.6836318132944332 0.0
3.706631813291536 1.1500000000000288 2.220446049250313E-12 0.02 0.0 2.220446049250313E-10 3.706631813294538 0.0
3.729631813291536 1.1499999999999844 -2.220446049250313E-12 0.02 0.0 -2.220446049250313E-10 3.729631813294643 0.0
3.7526318132915355 1.1499999999999844 0.0 0.02 0.0 1.1102230246251565E-10 3.752631813294747 0.0
3.775631813291535 1.1499999999999844 0.0 0.02 0.0 0.0 3.7756318132948516 0.0
3.7986318132915358 1.1500000000000288 2.220446049250313E-12 0.02 0.0 1.1102230246251565E-10 3.7986318132949566 0.0
3.8216318132915355 1.1499999999999844 -2.220446049250313E-12 0.02 0.0 -2.220446049250313E-10 3.8216318132950615 0.0
3.844631813291536 1.1500000000000288 2.220446049250313E-12 0.02 0.0 2.220446049250313E-10 3.8446318132951665 0.0
3.8676318132915357 1.1499999999999844 -2.220446049250313E-12 0.02 0.0 -2.220446049250313E-10 3.8676318132952705 0.0
3.8906318132915363 1.1500000000000288 2.220446049250313E-12 0.02 0.0 2.220446049250313E-10 3.8906318132953763 0.0
3.913631813291536 1.1499999999999844 -2.220446049250313E-12 0.02 0.0 -2.220446049250313E-10 3.9136318132954804 0.0
3.9366318132915357 1.1499999999999844 0.0 0.02 0.0 1.1102230246251565E-10 3.936631813295585 0.0
3.9596318132915354 1.1499999999999844 0.0 0.02 0.0 0.0 3.959631813295689 0.0
3.982631813291536 1.1500000000000288 2.220446049250313E-12 0.02 0.0 1.1102230246251565E-10 3.9826318132957947 0.0
4.005631813291536 1.1499999999999844 -2.220446049250313E-12 0.02 0.0 -2.220446049250313E-10 4.005631813295899 0.0
4.028631813291535 1.1499999999999844 0.0 0.02 0.0 1.1102230246251565E-10 4.028631813296004 0.0
4.051631813291536 1.1500000000000288 2.220446049250313E-12 0.02 0.0 1.1102230246251565E-10 4.051631813296108 0.0
4.074631813291536 1.1499999999999844 -2.220446049250313E-12 0.02 0.0 -2.220446049250313E-10 4.074631813296213 0.0
4.097631813291536 1.1500000000000288 2.220446049250313E-12 0.02 0.0 2.220446049250313E-10 4.097631813296317 0.0
4.120631813291535 1.14999999999994 -4.440892098500626E-12 0.02 0.0 -3.3306690738754696E-10 4.120631813296422 0.0
4.1436318132915355 1.1500000000000288 4.440892098500626E-12 0.02 0.0 4.440892098500626E-10 4.143631813296526 0.0
4.166631813291535 1.1499999999999844 -2.220446049250313E-12 0.02 0.0 -3.3306690738754696E-10 4.166631813296631 0.0
4.189631813291536 1.1500000000000288 2.220446049250313E-12 0.02 0.0 2.220446049250313E-10 4.189631813296737 0.0
4.2126318132915355 1.1499999999999844 -2.220446049250313E-12 0.02 0.0 -2.220446049250313E-10 4.2126318132968406 0.0
4.235631813291536 1.1500000000000288 2.220446049250313E-12 0.02 0.0 2.220446049250313E-10 4.235631813296946 0.0
4.258631813291536 1.1499999999999844 -2.220446049250313E-12 0.02 0.0 -2.220446049250313E-10 4.25863181329705 0.0
4.281631813291535 1.1499999999999844 0.0 0.02 0.0 1.1102230246251565E-10 4.281631813297155 0.0
4.304631813291535 1.1499999999999844 0.0 0.02 0.0 0.0 4.304631813297259 0.0
4.327631813291536 1.1500000000000288 2.220446049250313E-12 0.02 0.0 1.1102230246251565E-10 4.327631813297364 0.0
4.350631813291536 1.1500000000000288 0.0 0.02 0.0 -1.1102230246251565E-10 4.35063181329747 0.0
4.373631813291536 1.1499999999999844 -2.220446049250313E-12 0.02 0.0 -1.1102230246251565E-10 4.373631813297574 0.0
4.396631813291536 1.1499999999999844 0.0 0.02 0.0 1.1102230246251565E-10 4.396631813297678 0.0
4.419631813291536 1.1500000000000288 2.220446049250313E-12 0.02 0.0 1.1102230246251565E-10 4.419631813297784 0.0
4.442631813291536 1.1499999999999844 -2.220446049250313E-12 0.02 0.0 -2.220446049250313E-10 4.442631813297888 0.0
4.4656318132915365 1.1500000000000288 2.220446049250313E-12 0.02 0.0 2.220446049250313E-10 4.4656318132979935 0.0
4.488631813291536 1.1499999999999844 -2.220446049250313E-12 0.02 0.0 -2.220446049250313E-10 4.488631813298097 0.0
4.511631813291537 1.1500000000000288 2.220446049250313E-12 0.02 0.0 2.220446049250313E-10 4.511631813298203 0.0
4.534631813291536 1.1499999999999844 -2.220446049250313E-12 0.02 0.0 -2.220446049250313E-10 4.534631813298307 0.0
4.557631813291536 1.1499999999999844 0.0 0.02 0.0 1.1102230246251565E-10 4.5576318132984115 0.0
4.580631813291536 1.1499999999999844 0.0 0.02 0.0 0.0 4.580631813298515 0.0
4.6036318132915355 1.1499999999999844 0.0 0.02 0.0 0.0 4.60363181329862 0.0
4.626631813291536 1.1500000000000288 2.220446049250313E-12 0.02 0.0 1.1102230246251565E-10 4.626631813298725 0.0
4.649631813291535 1.14999999999994 -4.440892098500626E-12 0.02 0.0 -3.3306690738754696E-10 4.649631813298829 0.0
4.672631813291535 1.1500000000000288 4.440892098500626E-12 0.02 0.0 4.440892098500626E-10 4.672631813298934 0.0
4.695631813291535 1.1499999999999844 -2.220446049250313E-12 0.02 0.0 -3.3306690738754696E-10 4.6956318132990384 0.0
4.718631813291536 1.1500000000000288 2.220446049250313E-12 0.02 0.0 2.220446049250313E-10 4.718631813299144 0.0
4.741631813291535 1.1499999999999844 -2.220446049250313E-12 0.02 0.0 -2.220446049250313E-10 4.741631813299248 0.0
4.764631813291536 1.1500000000000288 2.220446049250313E-12 0.02 0.0 2.220446049250313E-10 4.764631813299354 0.0
4.787631813291536 1.1499999999999844 -2.220446049250313E-12 0.02 0.0 -2.220446049250313E-10 4.787631813299458 0.0
4.810631813291535 1.1499999999999844 0.0 0.02 0.0 1.1102230246251565E-10 4.810631813299562 0.0
4.833631813291535 1.1499999999999844 0.0 0.02 0.0 0.0 4.833631813299666 0.0
4.856631813291536 1.1500000000000288 2.220446049250313E-12 0.02 0.0 1.1102230246251565E-10 4.856631813299772 0.0
4.879631813291535 1.1499999999999844 -2.220446049250313E-12 0.02 0.0 -2.220446049250313E-10 4.879631813299876 0.0
4.902631813291536 1.1500000000000288 2.220446049250313E-12 0.02 0.0 2.220446049250313E-10 4.9026318132999815 0.0
4.9256318132915355 1.1499999999999844 -2.220446049250313E-12 0.02 0.0 -2.220446049250313E-10 4.925631813300086 0.0
4.948631813291536 1.1500000000000288 2.220446049250313E-12 0.02 0.0 2.220446049250313E-10 4.948631813300191 0.0
4.971631813291536 1.1499999999999844 -2.220446049250313E-12 0.02 0.0 -2.220446049250313E-10 4.971631813300295 0.0
4.9946318132915355 1.1499999999999844 0.0 0.02 0.0 1.1102230246251565E-10 4.9946318133004 0.0
5.017631813291535 1.1499999999999844 0.0 0.02 0.0 0.0 5.017631813300504 0.0
5.040631813291536 1.1500000000000288 2.220446049250313E-12 0.02 0.0 1.1102230246251565E-10 5.040631813300609 0.0
5.063631813291535 1.1499999999999844 -2.220446049250313E-12 0.02 0.0 -2.220446049250313E-10 5.063631813300713 0.0
5.086631813291536 1.1500000000000288 2.220446049250313E-12 0.02 0.0 2.220446049250313E-10 5.086631813300818 0.0
5.109631813291536 1.1499999999999844 -2.220446049250313E-12 0.02 0.0 -2.220446049250313E-10 5.109631813300923 0.0
5.132631813291536 1.1500000000000288 2.220446049250313E-12 0.02 0.0 2.220446049250313E-10 5.132631813301028 0.0
5.155631813291536 1.1499999999999844 -2.220446049250313E-12 0.02 0.0 -2.220446049250313E-10 5.155631813301133 0.0
5.178631813291536 1.1499999999999844 0.0 0.02 0.0 1.1102230246251565E-10 5.178631813301237 0.0
5.201631813291536 1.1500000000000288 2.220446049250313E-12 0.02 0.0 1.1102230246251565E-10 5.201631813301343 0.0
5.224631813291536 1.1499999999999844 -2.220446049250313E-12 0.02 0.0 -2.220446049250313E-10 5.224631813301447 0.0
5.2476318132915365 1.1500000000000288 2.220446049250313E-12 0.02 0.0 2.220446049250313E-10 5.247631813301552 0.0
5.270631813291535 1.14999999999994 -4.440892098500626E-12 0.02 6.283096747486919 -3.3306690738754696E-10 5.270631813296313 -2.2567472369528288E-7
5.293631813291537 1.1500000000000732 6.661338147750939E-12 0.02 6.281787030765865 5.551115123125783E-10 5.29363180726123 -1.4372519019964503E-5
5.316631813291536 1.14999999999994 -6.661338147750939E-12 0.02 6.278981272123763 -6.661338147750939E-10 5.31663171707705 -7.601356384933852E-5
5.339631813291536 1.1500000000000288 4.440892098500626E-12 0.02 6.274761927308436 5.551115123125783E-10 5.339631258040846 -2.1859259575862655E-4
5.362631813291536 1.1499999999999844 -2.220446049250313E-12 0.02 6.269203939063412 -3.3306690738754696E-10 5.362629813089305 -4.7374390142833345E-4
5.385631813291536 1.1500000000000288 2.220446049250313E-12 0.02 6.262376420097318 2.220446049250313E-10 5.385626329781051 -8.714413467465001E-4
5.408631813291536 1.1499999999999844 -2.220446049250313E-12 0.02 6.2543441944927505 -2.220446049250313E-10 5.4086192367866355 -0.0014401079772976416
5.431631813291537 1.1500000000000288 2.220446049250313E-12 0.02 6.245169206984279 2.220446049250313E-10 5.431606377555412 -0.002206689120705159
5.454631813291536 1.1499999999999844 -2.220446049250313E-12 0.02 6.234911806020431 -2.220446049250313E-10 5.454584960073659 -0.003196691978858482
5.477631813291536 1.1499999999999844 0.0 0.02 6.2236319023167495 1.1102230246251565E-10 5.477551522206976 -0.004434194774091099
5.500631813291536 1.1499999999999844 0.0 0.02 6.211390000070094 0.0 5.500501912868493 -0.005941828696737775
5.523631813291536 1.1500000000000288 2.220446049250313E-12 0.02 6.198248093827993 1.1102230246251565E-10 5.523431289584367 -0.007740736184817201
5.546631813291536 1.1499999999999844 -2.220446049250313E-12 0.02 6.184270420626666 -2.220446049250313E-10 5.546334133126319 -0.009850509430021498
5.569631813291537 1.1500000000000288 2.220446049250313E-12 0.02 6.169524054621615 2.220446049250313E-10 5.569204280096167 -0.012289113449842681
5.592631813291536 1.1499999999999844 -2.220446049250313E-12 0.02 6.154079330837028 -2.220446049250313E-10 5.592034973909415 -0.015072798495378362
5.615631813291537 1.1500000000000288 2.220446049250313E-12 0.02 6.138010085693483 2.220446049250313E-10 5.614818934390826 -0.018216006979667382
5.6386318132915365 1.1499999999999844 -2.220446049250313E-12 0.02 6.121393705130391 -2.220446049250313E-10 5.637548445578285 -0.02173128041011131
5.661631813291536 1.1499999999999844 0.0 0.02 6.1043109762089545 1.1102230246251565E-10 5.66021546071511 -0.025629171957756658
5.684631813291536 1.1499999999999844 0.0 0.02 6.086845745096222 0.0 5.682811722465433 -0.029918170186854956
5.7076318132915365 1.1500000000000288 2.220446049250313E-12 0.02 6.069084392295535 1.1102230246251565E-10 5.705328895895861 -0.034604639171582116
5.730631813291536 1.1499999999999844 -2.220446049250313E-12 0.02 6.051115145046924 -2.220446049250313E-10 5.727758710674559 -0.03969277954450397
5.753631813291537 1.1500000000000288 2.220446049250313E-12 0.02 6.033027255234603 2.220446049250313E-10 5.750093108533066 -0.04518461415237564
5.776631813291536 1.1499999999999844 -2.220446049250313E-12 0.02 6.014910078619827 -2.220446049250313E-10 5.7723243915341715 -0.05108000084895298
5.799631813291536 1.1499999999999844 0.0 0.02 5.9968520966498655 1.1102230246251565E-10 5.794445366516843 -0.05737667365589344
5.822631813291537 1.1500000000000288 2.220446049250313E-12 0.02 5.978939924963646 1.1102230246251565E-10 5.816449481088228 -0.06407031211828154
5.845631813290636 1.1499999999549537 -2.2537527399890678E-9 0.02 5.961257352416097 -1.127986593019159E-7 5.8383309469954465 -0.07115463734921587
5.868631811322776 1.1499999016070017 -4.917397600223694E-6 0.02 5.9438844527106465 -2.4575719237418525E-4 5.860084845410326 -0.07862153135982003
5.891631777597716 1.1499983137470249 -7.939299884185402E-5 0.02 5.92689681905885 -0.0037237800620815165 5.881707190845362 -0.08646116803687376
5.914631592415394 1.1499907408838883 -3.78643156828673E-4 0.02 5.910364953577951 -0.014962507899340949 5.903194941352091 -0.09466214421361999
5.937630975783365 1.1499691683985347 -0.0010786242676807944 0.02 5.894353802225428 -0.03499905554260607 5.924545981512413 -0.1032116130495502
5.960629416915454 1.1499220566044688 -0.0023555897032956352 0.02 5.878922433300759 -0.06384827178074204 5.945759086132226 -0.11209541794960381
5.983626103730387 1.1498343407466471 -0.004385792891081763 0.02 5.86412385584151 -0.10151015938930641 5.96683386548558 -0.12129822333735459
6.006619852350429 1.1496874310021 -0.007345487227361502 0.02 5.850004967463273 -0.14798471681398695 5.987770693393807 -0.13080363909320625
6.029609036600022 1.1494592124796643 -0.011410926121779852 0.02 5.836606615888528 -0.20327194472091747 6.008570619767291 -0.14059433610573904
6.052591517504428 1.1491240452202955 -0.01675836296843869 0.02 5.823963754739874 -0.26737184233294187 6.029235269510034 -0.15065215112918587
6.075564572788355 1.1486527641963562 -0.02356405119696703 0.02 5.812105672277096 -0.34028441142641697 6.049766729668474 -0.16095817983530875
6.098524826374611 1.148012679312771 -0.03200424417926229 0.02 5.8010562712358515 -0.4220096491147629 6.070167426777293 -0.17149285771425127
6.121468177882726 1.1471675754057387 -0.042255195351614816 0.02 5.790834378846668 -0.5125475586176265 6.090439996030187 -0.18223602903730768
6.144389732127603 1.146077712243887 -0.05449315809258337 0.02 5.781454067774409 -0.6118981370484278 6.110587143869674 -0.19316700473985615
6.1672837286181466 1.1446998245271622 -0.06889438583623786 0.02 5.772924971245938 -0.7200613871827244 6.130611505156635 -0.2042646104454443
6.190143472651353 1.142987201660306 -0.08563114334281252 0.02 5.765252577861695 -0.8368378753287331 6.150515497343165 -0.21550722706114295
6.21296130075042 1.1408914049533703 -0.10478983534678576 0.02 5.758438486353687 -0.9579346001986622 6.170301200651154 -0.2268728422536117
6.235728623374375 1.1383661311977544 -0.1262636877807921 0.02 5.75248061067681 -1.0736926217003173 6.189970301114879 -0.238339137760521
6.25843599457112 1.1353685598372465 -0.14987856802539667 0.02 5.747373360316716 -1.1807440122302282 6.209524052454944 -0.2498835907095144
6.281073182478804 1.1318593953841827 -0.1754582226531909 0.02 5.743107803689173 -1.2789827313897106 6.228963235248287 -0.261483576540259
6.303629239827175 1.1278028674185592 -0.2028263982811751 0.02 5.739671813215562 -1.3684087813992107 6.248288114079507 -0.2731164730118448
6.326092574438951 1.1231667305887871 -0.2318068414886021 0.02 5.737050191978449 -1.4490221603713493 6.2674983941259725 -0.2847597652014311
6.348451019731176 1.1179222646112486 -0.2622232988769291 0.02 5.735224783410083 -1.5208228694163495 6.286593178579971 -0.2963911513336458
6.370691905216585 1.112044274270474 -0.2938995170387315 0.02 5.734174566840761 -1.583810908090122 6.30557092830326 -0.30798864920183394
6.392802127004969 1.1055110894191866 -0.3266592425643644 0.02 5.733875742919082 -1.6379862762816444 6.324429425101412 -0.31953070283437307
6.414768218304527 1.0983045649779033 -0.36032622206416676 0.02 5.734301813884427 -1.6833489749901176 6.3431657399770645 -0.3309962889174614
6.436576419923239 1.0904100809355999 -0.3947242021151709 0.02 5.735423664393444 -1.719899002550207 6.361776207684561 -0.34236502232726984
6.4582127507702225 1.0818165423491788 -0.4296769293210545 0.02 5.737209649054504 -1.7476363602941802 6.380256408871361 -0.3536172599661253
6.479663078357096 1.072516379343691 -0.465008150274393 0.02 5.73962569298315 -1.7665610476669258 6.398601161008216 -0.3647342019243399
6.50091318929934 1.0625055471122025 -0.5005416115744232 0.02 5.742635411537936 -1.7766730650015106 6.41680451922406 -0.37569798884194006
6.521948859817662 1.0517835259160613 -0.5361010598070592 0.02 5.746200254913571 -1.7779724116318008 6.434859788015434 -0.3864917942016038
6.542755926239351 1.0403533210844529 -0.5715102415804196 0.02 5.750279682459241 -1.7704590886680194 6.452759544648627 -0.3970999101919271
6.563320355499653 1.028221463015111 -0.6065929034670958 0.02 5.754831370460751 -1.7541330943338096 6.470495674859278 -0.40750782571562133
6.583628315643118 1.0153980071732516 -0.64117279209297 0.02 5.7598114557101905 -1.7289944312937067 6.488059421221235 -0.4177022951148354
6.603666246324975 1.001896534092861 -0.6750736540195312 0.02 5.765174815535609 -1.6950430963280638 6.505441444289991 -0.42767139624161854
6.623420929312483 0.9877341493754077 -0.7081192358726618 0.02 5.770875383154972 -1.6522790926565278 6.522631896358486 -0.43740457663472143
6.642879558986304 0.9729314836910419 -0.7401332842182917 0.02 5.77686649532162 -1.6007024172814965 6.539620507330824 -0.44689268673313703
6.662029812841854 0.9575126927774846 -0.7709395456778623 0.02 5.783101267388556 -1.5403130729785275 6.556396681972886 -0.4561279993386113
6.680859921990673 0.9415054574409609 -0.8003617668261853 0.02 5.789532989203296 -1.4711110574161523 6.57294960749676 -0.46510421483667774
6.6993587416617855 0.9249409835556222 -0.8282236942669385 0.02 5.796115533792079 -1.393096372037661 6.589268370197807 -0.47381645204831424
6.71751582170306 0.9078540020637238 -0.8543490745949178 0.02 5.802803769697692 -1.3062690163989643 6.605342079682485 -0.4822612249838696
6.7353214770825725 0.8902827689756254 -0.8785616544049191 0.02 5.809553967139187 -1.2106289905000622 6.621159999029162 -0.49043640614493605
6.752766858389971 0.8722690653699239 -0.9006851802850768 0.02 5.816324187992384 -1.1061762940078879 6.636711679222394 -0.4983411774558704
6.769844022209647 0.853858190983825 -0.9205437193049448 0.02 5.823074649781457 -0.9929269509934002 6.651987095970395 -0.5059759701616521
6.786545988236223 0.8350983013287738 -0.9379944827525577 0.02 5.829768049403907 -0.8725381723806436 6.666976775447061 -0.5133423896958316
6.802866727362743 0.8160369563260161 -0.9530672501378845 0.02 5.836369815828072 -0.7536383692663406 6.681671856779044 -0.5204431039373629
6.818801096570892 0.7967184604074529 -0.9659247959281636 0.02 5.842848291703778 -0.6428772895139545 6.696064102879989 -0.5272817065773218
6.834344768436537 0.7771835932822491 -0.9767433562601902 0.02 5.849174861494804 -0.5409280166013275 6.710145900921226 -0.5338625798461654
6.849494160628367 0.7574696095914657 -0.9856991845391683 0.02 5.8553240296401095 -0.44779141394890587 6.723910256562901 -0.5401907608103479
6.864246365406528 0.7376102389080597 -0.9929685341703021 0.02 5.861273451363805 -0.3634674815566896 6.737350781520124 -0.5462718127490592
6.878599079121262 0.7176356857367061 -0.9987276585676774 0.02 5.867003919779244 -0.28795621986876796 6.750461674330572 -0.5521117028926164
6.8925505317115485 0.6975726295143314 -1.0031528111187349 0.02 5.872499313679286 -0.22125762755287326 6.76323769432665 -0.557716687507
6.906099416203737 0.6774442246094026 -1.0064202452464421 0.02 5.877746510971595 -0.16337170638536236 6.775674129049325 -0.5630932050725829
6.919244818210187 0.6572701003225045 -1.008706214344901 0.02 5.882735273003828 -0.11429845492294533 6.787766755441856 -0.5682477780332281
6.931986145427908 0.6370663608860738 -1.0101869718215362 0.02 5.887458105112301 -0.07403787383175597 6.799511795283258 -0.573186923362481
6.944323057137197 0.6168455854644428 -1.0110387710815516 0.02 5.8919100986053 -0.042589963000772 6.810905865374569 -0.5779170719718807
6.95625539370027 0.5966168281536621 -1.0114378655390333 0.02 5.896088759114373 -0.01995472287408262 6.82194592303164 -0.5824444968000467
6.96778310607749 0.5763856188609751 -1.0115604646343535 0.02 5.899993825852984 -0.00612995476600986 6.832629207485803 -0.5867752492781126
6.978906192301611 0.5561543112060807 -1.0115653827447169 0.02 5.90362708802706 -2.4590551817027517E-4 6.842953184186826 -0.5909151062933471
6.989624691703048 0.5359249700718216 -1.0114670567129558 0.02 5.906992216855398 0.004916301588053784 6.852915539859856 -0.5948695456256434
6.999938744605505 0.5157026451228397 -1.0111162474490953 0.02 5.910094612882474 0.01754046319302205 6.862514236449972 -0.5986437509338153
7.009848662757573 0.4954959076034271 -1.01033687597063 0.02 5.912941248819209 0.038968573923270355 6.871747573728185 -0.602242624946439
7.019354999834092 0.4753168538259356 -1.008952688874576 0.02 5.915540505310235 0.06920935480270174 6.880614250838653 -0.6056708067889046
7.028458621937513 0.45518110517104304 -1.006787432744627 0.02 5.917902000958438 0.10826280649745001 6.889113426851904 -0.6089326933560208
7.037160778099256 0.4351078080871762 -1.0036648541933424 0.02 5.920036418113222 0.15612892756422525 6.897244780450084 -0.6120324646008793
7.045463170781082 0.4151196340913099 -0.9994086997933138 0.02 5.921955326067802 0.2128077200014289 6.905008568859893 -0.6149741125430719
7.053368026376441 0.39524277976794586 -0.9938427161682029 0.02 5.923671003439241 0.278299181255548 6.91240568615087 -0.6177614737390218
7.060878165711849 0.3755069667704003 -0.9867906498772783 0.02 5.925196261611744 0.3526033145462293 6.919437721011526 -0.6203982648985717
7.067997074548236 0.3559454418193386 -0.9780762475530835 0.02 5.926544271207013 0.43572011620973683 6.926107014117414 -0.622888121282563
7.074728974082321 0.3365949767042409 -0.9675232557548874 0.02 5.927728393596025 0.5276495899098066 6.93241671520407 -0.6252346374742371
7.081078891447962 0.31749586828206944 -0.954955421108572 0.02 5.928762019479563 0.6283917323157695 6.938370839959012 -0.6274414100865034
7.087052730216911 0.29869193844742625 -0.9401964917321592 0.02 5.92965841653257 0.7379464688206383 6.943974326846012 -0.6295120819471556
7.0926573377146385 0.28023037488638103 -0.9230781780522612 0.02 5.9304305876066365 0.8559156839949011 6.949233090985866 -0.6314503861967384
7.097900527958109 0.26215951217354316 -0.9035431356418933 0.02 5.931091136574702 0.9767521205183982 6.954154036532737 -0.6332601756469439
7.1027910304071495 0.24452512245201063 -0.8817194860766264 0.02 5.931652143529451 1.0911824782633417 6.958744999607969 -0.6349454268503648
7.107338419800194 0.2273694696522277 -0.8577826399891464 0.02 5.932125060982108 1.1968423043740017 6.963014673734399 -0.6365102376250193
7.111553045652923 0.21073129263644574 -0.8319088507890982 0.02 5.932520633527647 1.2936894600024118 6.96697253535142 -0.637958823924596
7.1154459617569 0.19464580519885644 -0.8042743718794654 0.02 5.932848839887043 1.3817239454816388 6.970628769850585 -0.6392955157154212
7.119028855678209 0.17914469606545858 -0.7750554566698931 0.02 5.933118855823877 1.4609457604786158 6.973994198220124 -0.6405247515198423
7.122313978256097 0.1642561288943689 -0.7444283585544831 0.02 5.933339036145112 1.531354905770499 6.977080204353492 -0.6416510713913697
7.125314073101603 0.15000474227533367 -0.7125693309517622 0.02 5.933516913781355 1.5929513801360429 6.979898663048691 -0.6426791081814386
7.128042306096206 0.1364116497301282 -0.6796546272602733 0.02 5.933659213797396 1.6457351845744483 6.982461868700653 -0.6436135770391556
7.130512194890455 0.12349443971246821 -0.6458605008829998 0.02 5.933771880105778 1.6897063188636707 6.984782464668523 -0.6444592631531756
7.132737538402613 0.11126717560787647 -0.611363205229587 0.02 5.9338601126392225 1.7248647826706431 6.986873373283939 -0.6452210077992885
7.134732346317288 0.09974039573377169 -0.5763389937052388 0.02 5.933928412776147 1.7512105762174102 6.988747726454271 -0.645903692798223
7.136510768584079 0.08892111333955732 -0.5409641197107184 0.02 5.933980634900062 1.7687436997260164 6.990418796806561 -0.6465122235172645
7.138087024916207 0.0788128166063995 -0.5054148366578914 0.02 5.934020042101304 1.7774641526413504 6.991899929313153 -0.6470515105671583
7.139475334289158 0.06941546864753789 -0.4698673979430801 0.02 5.9340493641906145 1.7773719357405682 6.993204473338251 -0.6475264503543711
7.140689844439316 0.06072550750788608 -0.4344980569825907 0.02 5.934070856380797 1.768467048024469 6.994345715045153 -0.6479419046493368
7.141744561362605 0.052735846164475575 -0.3994830671705252 0.02 5.9340863571979 1.7507494906032761 6.995336810106764 -0.6483026793257003
7.142653278813128 0.045435872526145005 -0.3649986819165285 0.02 5.934097344399727 1.7242192626998332 6.996190716666022 -0.6486135024151499
7.143429507801798 0.03881144943349568 -0.33122115463246615 0.02 5.9341049879006045 1.688876364203118 6.996920128498253 -0.6488790016088449
7.144086406094983 0.03284491465924688 -0.29832673871244 0.02 5.934110198921193 1.6447207960013088 6.997537408333162 -0.6491036813208867
7.144636707713141 0.027515080907880574 -0.2664916875683154 0.02 5.934113674795343 1.5917525572062274 6.998054521300316 -0.6492918994128667
7.145092652429457 0.02279723581581905 -0.23589225460307617 0.02 5.9341159390682146 1.529971648261963 6.99848296846787 -0.6494478436623685
7.145465915268485 0.018663141951380524 -0.2067046932219263 0.02 5.934117376706999 1.4593780690574931 6.998833720449989 -0.6495755080428331
7.14576753600478 0.015081036814779125 -0.17910525683006995 0.02 5.9341182644145345 1.379971819592818 6.999117151063475 -0.6496786688682571
7.14600784866154 0.012015632837991674 -0.15327019883937254 0.02 5.934118796184432 1.2917528995348704 6.999342971018631 -0.649760860843853
7.146196411009245 0.009428117385246182 -0.12937577263727462 0.02 5.93411910436182 1.194721310104896 6.999520161633178 -0.6498253530533721
7.146341934064289 0.007276152752178078 -0.10759823165340521 0.02 5.934119276575292 1.0888770491934707 6.999656908561139 -0.6498751249052803
7.146452211972511 0.005513895411102254 -0.08811286705379118 0.02 5.934119368981893 0.9742682299807015 6.999760535892781 -0.649912842184859
7.146534071782572 0.004092990503057337 -0.07104524540224588 0.02 5.9341194163251485 0.8533810825772647 6.999837458950481 -0.6499408398936464
7.1465933980017855 0.0029663109606836713 -0.056333977118683265 0.02 5.934119439315784 0.7355634141781309 6.999893207360325 -0.6499611306572147
7.146635200174813 0.002090108651353617 -0.04381011546650271 0.02 5.934119449800617 0.6261930826090278 6.999932488553681 -0.6499754278428896
7.146663683384642 0.001424160491492188 -0.03329740799307146 0.02 5.934119454238039 0.5256353736715624 6.99995925401573 -0.6499851696745204
7.146682318753955 9.317684656284797E-4 -0.02461960129318541 0.02 5.934119455953925 0.4338903349943024 6.999976765534748 -0.6499915433462319
7.1466939139464865 5.797596265733063E-4 -0.017600441952758672 0.02 5.934119456547553 0.35095796702133697 6.999987661451605 -0.6499955091356491
7.146700683668387 3.38486095019519E-4 -0.012063676577689364 0.02 5.934119456726002 0.2768382687534654 6.999994022909319 -0.6499978245169044
7.146704320169584 1.8182505985286923E-4 -0.007833051758332488 0.02 5.934119456770683 0.21153124096784381 6.999997440102659 -0.6499990682735651
7.146706063745146 8.717877810759944E-5 -0.0047323140872634895 0.02 5.9341194567794195 0.1550368835534499 6.999999078527749 -0.6499996646115284
7.146706773236643 3.5474574833216366E-5 -0.002585210163719154 0.02 5.93411945678062 0.10735519617721678 6.999999745231673 -0.6499999072719114
7.146706996533509 1.1164843316535666E-5 -0.001215486575834035 0.02 5.934119456780716 0.06848617939425594 6.99999995506209 -0.6499999836439375
7.1467070410744045 2.227044770819475E-6 -4.4688992728580956E-4 0.02 5.934119456780719 0.03842983242741127 6.999999996916841 -0.6499999988778218
7.146707044348578 1.637086910477592E-7 -1.031668039885858E-4 0.02 5.93411945678072 0.017186156164861188 6.999999999993558 -0.6499999999976548
7.146707044355434 3.4279246108326333E-10 -8.168294929333797E-6 0.02 5.93411945678072 0.0047499254529626 7.0 -0.6499999999999989
7.146707044355434 0.0 -1.7139623054163167E-8 0.02 5.93411945678072 4.075577653139817E-4 7.0 -0.6499999999999989
