5.875113506465018E-10 2.937556753232509E-8 1.4687783766162545E-6 0.02 0.0 7.343891883081273E-5 5.875113508654491E-10 5.169878828456423E-26
1.8800363220688058E-8 9.106425935020778E-7 4.406335129848763E-5 0.02 3.3306690738754696E-16 0.002129728646093569 1.8800363227587952E-8 4.963083675318166E-24
1.427652582070999E-7 6.1982447493205925E-6 2.643801077909257E-4 0.02 2.1538326677728037E-14 0.011015837824621903 1.4276525825946994E-7 1.0323214044661785E-21
6.016116230620179E-7 2.29423182427459E-5 8.372036746712653E-4 0.02 3.8324898810060404E-13 0.02864117834401698 6.016116232826585E-7 7.686823996332776E-20
1.8359729707703185E-6 6.171806738541503E-5 0.0019387874571334565 0.02 3.5689229349600282E-12 0.05507918912310956 1.8359729714425436E-6 2.1841803336136202E-18
4.568488262627197E-6 1.366257645928439E-4 0.0037453848603714434 0.02 2.2097434992929266E-11 0.09032987016189935 4.568488264283852E-6 3.3650501412045217E-17
9.874303270315758E-6 2.6529075038442805E-4 0.006433249289579207 0.02 1.0323053523109138E-10 0.13439322146038818 9.874303273744495E-6 3.397779494286428E-16
1.925157193798457E-5 4.6886343338344065E-4 0.01017863414995063 0.02 3.9239633764509563E-10 0.18726924301857117 1.9251571943613688E-5 2.5180900387836852E-15
3.469195774432528E-5 7.720192903170353E-4 0.01515779284667973 0.02 1.2742253918673896E-9 0.24895793483645495 3.469195774866716E-5 1.473520029680441E-14
5.875113506465019E-5 0.0012029588660162458 0.021546978784960525 0.02 3.6543924553100737E-9 0.3194592969140398 5.8751135080480046E-5 7.156717235436323E-14
9.461929053296976E-5 0.0017934077734159785 0.029522445369986636 0.02 9.478357876346877E-9 0.39877332925130554 9.46192905580522E-5 2.9894921987124595E-13
1.461916244040703E-4 0.002578616693555027 0.03926044600695242 0.02 2.262590070856163E-8 0.4869000318482893 1.4619162443919913E-4 1.1025954997113951E-12
2.181388519155916E-4 0.0035973613755760653 0.05093723410105192 0.02 5.037430217402772E-8 0.583839404704975 2.181388519731148E-4 3.6629785847303725E-12
3.1597770465010427E-4 0.004891942636725633 0.06472906305747839 0.02 1.0568942776512102E-7 0.6895914478213232 3.1597770470100523E-4 1.1132337835850076E-11
4.461410715330586E-4 0.006508168344147716 0.08081128537110417 0.02 2.1068359579157203E-7 0.8041111156812892 4.461410716421718E-4 3.13335356196421E-11
6.160287406665392E-4 0.00849438345667403 0.09931075562631567 0.02 4.016484058677605E-7 0.9249735127605747 6.160287408437052E-4 8.248292223929712E-11
8.339836499198928E-4 0.01089774546266768 0.12016810029968254 0.02 7.360461591332523E-7 1.0428672336683438 8.339836500773708E-4 2.046412198768513E-10
0.0011092244374463587 0.013762039376323292 0.14321469568278059 0.02 1.3018487932114908E-6 1.1523297691549022 0.0011092244377183288 4.814237869032317E-10
0.0014517749408068995 0.01712752516802704 0.16827428958518745 0.02 2.2296432049540016E-6 1.2529796951203431 0.0014517749412383415 1.0792036722823486E-9
0.0018723936956081195 0.021030937740060998 0.19517062860169784 0.02 3.7078912730192926E-6 1.3448169508255197 0.001872393696144375 2.3148287127188957E-9
0.002382503434140188 0.025505486926603427 0.22372745932712143 0.02 6.001690924017922E-6 1.4278415362711794 0.0023825034347667784 4.7679672187436045E-9
0.002994120584014768 0.03058085749372899 0.2537685283562782 0.02 9.475327211738716E-6 1.5020534514578396 0.0029941205847085124 9.460784343873901E-9
0.0037197847668029274 0.03628320913940798 0.2851175822839495 0.02 1.4618829402568423E-5 1.5674526963835644 0.003719784767834705 1.8135871836851697E-8
0.0045724882966730685 0.04263517649350705 0.3175983677049535 0.02 2.2078662873292743E-5 1.6240392710501983 0.004572488297083865 3.3673274360285915E-8
0.0055656056790288535 0.04965586911778925 0.3510346312141099 0.02 3.269258499660754E-5 1.6718131754578203 0.00556560568012516 6.069904974958726E-8
0.006712823109147118 0.05736087150591323 0.38525011940619897 0.02 4.7528583556610826E-5 1.7107744096044541 0.006712823109566812 1.0645092846138862E-7
0.008028067970815803 0.06576224308343422 0.42006857887604937 0.02 6.792769784902397E-5 1.7409229734925202 0.008028067968328886 1.8198103410912297E-7
0.009525438334971863 0.07486851820780303 0.4553137562184409 0.02 9.555039742981108E-5 1.762258867119576 0.009525438327725315 3.037908825505309E-7
0.011219132458339203 0.08468470616836699 0.49080939802819756 0.02 1.3242606576446825E-4 1.7747820904878335 0.011219132442018385 4.960094428527531E-7
0.01312337828206661 0.09521229118637031 0.5263792509001664 0.02 1.8100500817630483E-4 1.7784926435984394 0.013123378241077954 7.93240223569136E-7
0.015252362930365639 0.10644923241495147 0.5618470614290577 0.02 2.442122796203483E-4 1.7733905264445682 0.015252362841716952 1.2442173172302548E-6
0.017620162209148575 0.11838996393914682 0.5970365762097675 0.02 3.2550250823182303E-4 1.7594757390354876 0.017620162024801888 1.916422125205694E-6
0.020240670104666323 0.1310253947758874 0.6317715418370291 0.02 4.289147858357323E-4 1.736748281363082 0.020240669733879377 2.901821091803522E-6
0.02312752828214635 0.1443429088740013 0.6658757049056954 0.02 5.591266008921902E-4 1.705208153433313 0.023127527561728946 4.323889040501461E-6
0.026294055584430612 0.1583263651142131 0.69917281201059 0.02 7.215057126082058E-4 1.664855355244732 0.026294054217025565 6.3460815236202756E-6
0.029753177530613434 0.1729560973091411 0.7314866097463998 0.02 9.221588091110622E-4 1.615689886790489 0.02975317499503683 9.181911866235765E-6
0.03351735581467954 0.18820891420330518 0.7626408447082039 0.02 0.0011679757545813851 1.557711748090207 0.033517351225021225 1.310677319312295E-5
0.037598517804141834 0.20405809947311482 0.7924592634904817 0.02 0.0014666682163222422 1.4909209391138878 0.037598509673999296 1.847162176048245E-5
0.042007986038679404 0.22047341172687848 0.8207656126881832 0.02 0.0018268014748877848 1.4153174598850737 0.042007971927729655 2.5718604638354237E-5
0.04675640772877544 0.23742108450480193 0.8473836388961722 0.02 0.0022578182491649335 1.3309013103994516 0.04675638371873843 3.539867148281972E-5
0.05185368425435513 0.2548638262789844 0.872137088709124 0.02 0.0027700534152481637 1.23767249064759 0.051853644137466376 4.8191156416733244E-5
0.0573089006634236 0.27276082045342326 0.8948497087219426 0.02 0.003374738577897496 1.1356310006409298 0.057308834796159065 6.49252522580343E-5
0.0631302551786804 0.2910677257628402 0.915345265470846 0.02 0.004083995518233685 1.0247778374451733 0.06313014883029668 8.660322471852264E-5
0.0693249942946908 0.30973695580052 0.933461501883992 0.02 0.004910818412804607 0.9058118206572985 0.0693248252933735 1.1442515755552898E-4
0.07589940173269191 0.3287203719000556 0.9491708049767789 0.02 0.005869051868133135 0.7854651546393421 0.07589913722760543 1.4981522004999664E-4
0.08285885594680137 0.3479727107054728 0.9626169402708606 0.02 0.0069733715462642065 0.6723067647040892 0.08285844795936627 1.9444956140363817E-4
0.09020790050730407 0.36745222802513494 0.9739758659831066 0.02 0.008239264235309962 0.5679462856122974 0.09020727990262942 2.5028564599099967E-4
0.0979503146020145 0.38712070473552185 0.9834238355193453 0.02 0.009683007349262751 0.47239847681193603 0.09794938311433483 3.195928980047613E-4
0.10608918353763871 0.4069434467812105 0.991137102284434 0.02 0.011321649113444576 0.3856633382544328 0.10608780318227531 4.0498457383285336E-4
0.11462696924113638 0.42688928517488345 0.997291919683646 0.02 0.013172990728980372 0.30774086996060435 0.11462494852412082 5.094508094444505E-4
0.1235655807610829 0.4469305759973258 1.0020645411221163 0.02 0.015255571713837623 0.23863107192351185 0.1235626569895136 6.363928236073207E-4
0.13290644476903143 0.46704320039742675 1.0056312200050488 0.02 0.017588659451543587 0.17833394414662473 0.1329022614086861 7.896582952209089E-4
0.14265057606087506 0.4872065645921811 1.008168209737717 0.02 0.020192243907976748 0.1268494866334069 0.14264465406794186 9.735779833201161E-4
0.15279864805820884 0.5074035998666889 1.0098517637253916 0.02 0.023087038304626883 0.0841776993837362 0.1527903499920497 0.0011930037106878955
0.16335106330969176 0.5276207625741464 1.0108581353728718 0.02 0.026294486286551233 0.050318582374009324 0.1633395486752446 0.0014533478836599029
0.17430802399240902 0.5478480341358629 1.0113635780858277 0.02 0.029836775969700247 0.025272135647791405 0.17429219413534525 0.001760624782832565
0.18566960241311867 0.5680789210354822 1.0115443449809636 0.02 0.03373686094910566 0.009038344756795436 0.1856480329202253 0.002121493913769548
0.1974358090644475 0.5883103325664413 1.0115705765479543 0.02 0.03801848716790229 0.0013115783495387667 0.19740666728009854 0.0025433056712750035
0.20960662037342717 0.6085405654489839 1.0115116441271332 0.02 0.04270620995469726 -0.002946621041055586 0.20956756572314428 0.003034148038920534
0.22218193063564723 0.6287655131110028 1.0112473831009439 0.02 0.04782537896055894 -0.013213051309468593 0.2221299943652545 0.0036028915890308766
0.23516148201146073 0.6489775687906748 1.0106027839835996 0.02 0.0534021011292411 -0.032229955867213445 0.23509292355358255 0.004259232824553122
0.24854479402462232 0.6691656006580795 1.009401593370235 0.02 0.059463184408906744 -0.060059530668232775 0.24845493006673797 0.005013735469129074
0.2623310930609258 0.6893149518151731 1.00746755785468 0.02 0.06603605829679943 -0.09670177577775219 0.26221409542144003 0.005877868623406182
0.2765192418668424 0.7094074402958311 1.0046244240329016 0.02 0.07314866640511725 -0.1421566910889127 0.2763678999441079 0.006864040458514881
0.29110766904815844 0.7294213590658016 1.0006959384985248 0.02 0.0808293256919907 -0.19642427671884288 0.29091311247953333 0.007985625882581213
0.3060942985686135 0.7493314760227521 0.995505847847522 0.02 0.08910654603861135 -0.2595045325501366 0.3058456750425803 0.009256986293016453
0.32147647924853795 0.7691090339962237 0.9888778986735791 0.02 0.09800880389001321 -0.3313974586971469 0.3211605830495886 0.010693479312387094
0.3372509142634913 0.7887217507476674 0.9806358375721858 0.02 0.1075642626376257 -0.41210305506966805 0.33685176076411594 0.012311456006201371
0.35341359064289996 0.8081338189704329 0.9706034111382766 0.02 0.11780043243497851 -0.5016213216954557 0.35291193238748 0.014128242782858541
0.3699597087686951 0.8273059062897575 0.9586043659662313 0.02 0.12874376226337836 -0.5999522586022654 0.3693324895813971 0.01616210485862718
0.3868836118739504 0.8461951552627633 0.9444624486502906 0.02 0.14041915731924282 -0.7070958657970361 0.38610335614886077 0.018432187812639222
0.4041787164382678 0.8647552282158716 0.9280036476554121 0.02 0.1528494171124804 -0.8229400497439254 0.4032128527052674 0.020958433722164355
0.42183747011064765 0.8829376836189923 0.9091227701560345 0.02 0.1660546106218076 -0.9440438749688806 0.4206475888169745 0.02376147237222373
0.4398513869889241 0.9006958439138235 0.8879080147415619 0.02 0.18005143372045368 -1.0607377707236298 0.4383924348212328 0.02686249533748153
0.45821111660267444 0.917986480687516 0.8645318386846235 0.02 0.19485253174178735 -1.1688088028469212 0.456430531212158 0.030283108869434222
0.4769065144145803 0.9347698905952939 0.8391704953888968 0.02 0.21046577549418077 -1.268067164786335 0.4747433071877403 0.0340451607912014
0.4959267123217903 0.9510098953604995 0.8120002382602798 0.02 0.22689350352516752 -1.358512856430849 0.4933105103291381 0.0381705406185994
0.5152601891572817 0.9666738417745679 0.7831973207034215 0.02 0.24413175038323587 -1.4401458778429133 0.5121102510123571 0.04268095308470443
0.5348948411912227 0.9817326016970496 0.7529379961240812 0.02 0.262169487579194 -1.5129662289670165 0.5311190657340604 0.04759766635482465
0.5548180526323343 0.9961605720555822 0.7213985179266302 0.02 0.28098791130302686 -1.5769739098725477 0.5503120041550003 0.05294123767517017
0.5750167661292526 1.0099356748459132 0.6887551395165503 0.02 0.3005598160032541 -1.6321689205039958 0.5696627432102201 0.058731220401025075
0.5954775532718909 1.0230393571319163 0.6551841143001558 0.02 0.3208490992012366 -1.6785512608197273 0.5891437327106712 0.06498585840851018
0.6161866850928012 1.0354565910455138 0.6208616956798751 0.02 0.3418104439023159 -1.7161209310140313 0.6087263745391469 0.07172177522712034
0.6371302025685371 1.0471758737867987 0.5859641370642432 0.02 0.3633892251958749 -1.7448779307815965 0.6283812375643141 0.07895366722863623
0.6582939871210159 1.0581892276239402 0.5506676918570763 0.02 0.3855216810995023 -1.7648222603583452 0.6480783075475871 0.0866940112161845
0.6796638311188801 1.0684921998932062 0.515148613463301 0.02 0.4081353785549033 -1.7759539196887664 0.6677872702538535 0.09495279797819595
0.7012255083788586 1.0780838629989242 0.4795831552859009 0.02 0.43114998982560804 -1.7782729088700044 0.6874778230136186 0.10373730340484646
0.7229648446671311 1.0869668144136257 0.44414757073507616 0.02 0.4544783762421643 -1.771779227541237 0.7071200082253328 0.11305190845569324
0.7448677882006884 1.0951471766778687 0.4090181132121451 0.02 0.47802795452001007 -1.7564728761465531 0.726684559857855 0.12289797778602846
0.7669204801486955 1.1026345974003537 0.3743710361242547 0.02 0.5017022994162128 -1.7323538543945194 0.746143252538961 0.13327380472250835
0.7891093251338527 1.1094422492578582 0.3403825928752213 0.02 0.5254029169472164 -1.6994221624516692 0.7654692417441431 0.1441746273501349
0.8114210617337582 1.1155868299952743 0.30722903687080416 0.02 0.5490311075841053 -1.657677800220858 0.7846373833978908 0.15559271707030875
0.8338428329822701 1.1210885624255984 0.27508662151620733 0.02 0.5724898307386732 -1.6071207677298416 0.803624521898397 0.16751753740279068
0.856362256870869 1.1259711944299422 0.24413160021719005 0.02 0.5956854815383243 -1.5477510649508641 0.8224097370982948 0.17993596734448725
0.8789674968500191 1.1302619989575047 0.21454022637812376 0.02 0.6185294984065222 -1.4795686919533146 0.8409745429821942 0.1928325805815152
0.9016473323305304 1.1339917740255667 0.18648875340310234 0.02 0.640939734380783 -1.402573648751071 0.8593030335510194 0.20618996960630084
0.9243912291849224 1.1371948427196021 0.1601534347017708 0.02 0.6628415442542216 -1.3167659350665772 0.8773819743127432 0.21998910238087072
0.9471894102487842 1.1399090531930889 0.13571052367433722 0.02 0.6841685612276174 -1.2221455513716784 0.8952008406454629 0.23420969874556322
0.9700329258221371 1.1421757786676423 0.11333627372767108 0.02 0.7048631581148864 -1.1187124973333074 0.9127518067562893 0.24883061414087448
0.9929137241233345 1.144039915059869 0.09320681961133559 0.02 0.7248766075707141 -1.0064727058167744 0.9300296912467152 0.2638302195854856
1.0158247122936856 1.14554940851756 0.07547467288454568 0.02 0.7441689624955767 -0.8866073363394955 0.9470318591346583 0.27918676162386097
1.0387597541739937 1.146752094015402 0.06013427489209855 0.02 0.7627086570233577 -0.7670198996223565 0.9637580509291016 0.2948786571905927
1.0617136078297271 1.1476926827866718 0.04702943856349506 0.02 0.7804718907505586 -0.6552418164301743 0.9802101538334815 0.3108847139840211
1.0846818550776758 1.148412362397433 0.03598398053805685 0.02 0.7974418967610435 -0.5522729012719108 0.9963919644422845 0.32718430677807747
1.1076608309845866 1.148948795345539 0.026821647405306237 0.02 0.8136081456351273 -0.45811665663753054 1.0123089551474656 0.34375751528880605
1.130647553365803 1.1493361190608176 0.019366185763924904 0.02 0.828965523773636 -0.3727730820690667 1.0279680486433704 0.36058522492052647
1.1536396522839023 1.1496049459049695 0.013441342207598517 0.02 0.8435135184666442 -0.29624217781631934 1.0433774048142144 0.3776491937089622
1.1766352995473341 1.149782363171592 0.008870863331122969 0.02 0.857255433916589 -0.2285239438237774 1.0585462222388229 0.39493208843612093
1.1996331382090575 1.1498919330861668 0.005478495728739041 0.02 0.8701976559600686 -0.1696183801191964 1.0734845558557446 0.4124174934631428
1.2226322120651796 1.149953692806105 0.0030879859969079604 0.02 0.882348977475337 -0.11952548659155404 1.0882031518213757 0.4300898963072759
1.245631895153593 1.149984154420669 0.0015230807282051728 0.02 0.893719990750268 -0.07824526343513938 1.1027132991938617 0.44793465308907904
1.2686318212526142 1.149996304951062 6.07526519647017E-4 0.02 0.9043225496849017 -0.04577771042790779 1.1170266982481871 0.4659379375787617
1.291631813379621 1.1499996063503382 1.6506996380893924E-4 0.02 0.9141693011255405 -0.022122827791903887 1.131155344221047 0.48408667657506543
1.3146318132915367 1.1499999955957851 1.9462272349279885E-5 0.02 0.9232732828383975 -0.0072803845729829675 1.145111425467668 0.5023684745839087
1.3376318132915368 1.1500000000000066 2.2021107159986286E-7 0.02 0.9316475847804601 -9.621030638840011E-4 1.1589072359378874 0.5207715319633609
1.3606318132915363 1.1499999999999733 -1.6653345369377348E-12 0.02 0.9393050755341384 -1.101063684671999E-5 1.1725551138872006 0.539284577163405
1.3836318132915362 1.1499999999999955 1.1102230246251565E-12 0.02 0.9462581861869737 1.3877787807814457E-10 1.1860674101482354 0.5578968236327381
1.406631813291536 1.1499999999999955 0.0 0.02 0.9525187322149793 -5.551115123125783E-11 1.1994564674338435 0.5765979309955205
1.4296318132915362 1.1500000000000066 5.551115123125783E-13 0.02 0.9580977656682301 2.7755575615628914E-11 1.2127346052520962 0.5953779651888093
1.4526318132915363 1.1500000000000066 0.0 0.02 0.9630054535364282 -2.7755575615628914E-11 1.2259141095862198 0.6142273578485995
1.4756318132915363 1.1499999999999955 -5.551115123125783E-13 0.02 0.9672509786793331 -2.7755575615628914E-11 1.2390072268964574 0.6331368656124683
1.4986318132915362 1.1499999999999955 0.0 0.02 0.9708424599135272 2.7755575615628914E-11 1.2520261616509745 0.6520975293446135
1.5216318132915363 1.1500000000000066 5.551115123125783E-13 0.02 0.9737868883678199 2.7755575615628914E-11 1.2649830768393604 0.6711006334732667
1.5446318132915362 1.1499999999999955 -5.551115123125783E-13 0.02 0.9760900776412678 -5.551115123125783E-11 1.277890097050856 0.6901376656848975
1.5676318132915363 1.1500000000000066 5.551115123125783E-13 0.02 0.9777566256453474 5.551115123125783E-11 1.2907593135271547 0.7092002768504594
1.5906318132915362 1.1499999999999955 -5.551115123125783E-13 0.02 0.9787898864646252 -5.551115123125783E-11 1.3036027908343304 0.7282802413016732
1.6136318132915364 1.1500000000000066 5.551115123125783E-13 0.02 0.9791919509193184 5.551115123125783E-11 1.3164325746560936 0.7473694172873709
1.6366318132915365 1.1500000000000066 0.0 0.02 0.9789636349098623 -2.7755575615628914E-11 1.329260700411171 0.7664597076769368
1.6596318132915366 1.1500000000000066 0.0 0.02 0.978104474960971 0.0 1.3420992022642502 0.7855430207402261
1.6826318132915363 1.1499999999999844 -1.1102230246251565E-12 0.02 0.9766127307461236 -5.551115123125783E-11 1.3549601221898944 0.8046112309451535
1.7056318132915365 1.1500000000000066 1.1102230246251565E-12 0.02 0.974485394718203 1.1102230246251565E-10 1.3678555187246142 0.8236561396757026
1.7286318132915366 1.1500000000000066 0.0 0.02 0.9717182093222857 -5.551115123125783E-11 1.3807974750413532 0.8426694357879241
1.7516318132915367 1.1500000000000066 0.0 0.02 0.968305692624891 0.0 1.3937981059573592 0.861642655922062
1.7746318132915364 1.1499999999999844 -1.1102230246251565E-12 0.02 0.9642411735557282 -5.551115123125783E-11 1.4068695634879567 0.8805671445452892
1.7976318132915365 1.1500000000000066 1.1102230246251565E-12 0.02 0.959516838349578 1.1102230246251565E-10 1.4200240404831816 0.8994340136624125
1.8206318132915367 1.1500000000000066 0.0 0.02 0.9541237901354249 -5.551115123125783E-11 1.433273771957165 0.9182341023297456
1.8436318132915368 1.1500000000000066 0.0 0.02 0.9480521241125691 0.0 1.4466310334389072 0.9369579358162049
1.866631813291537 1.1500000000000066 0.0 0.02 0.9412910210218959 0.0 1.4601081360258188 0.9555956848925292
1.8896318132915366 1.1499999999999844 -1.1102230246251565E-12 0.02 0.9338288622002608 -5.551115123125783E-11 1.473717417329517 0.9741371251774846
1.9126318132915368 1.1500000000000066 1.1102230246251565E-12 0.02 0.925653369796924 1.1102230246251565E-10 1.4874712277572433 0.9925715970043564
1.935631813284844 1.1499999996653631 -1.6732171204125734E-8 0.02 0.916751776082771 -8.36664071357518E-7 1.501381911487833 1.0108879663253285
1.9586318100334104 1.1499998374283171 -8.111852300984879E-6 0.02 0.9071110276464838 -4.0475600648903765E-4 1.515461779212262 1.0290745844222688
1.981631765665181 1.1499977815885298 -1.0279198936480327E-4 0.02 0.896718041180264 -0.00473400685319092 1.529723056410499 1.0471192282136728
2.0046315429567816 1.1499888645800316 -4.458504249127415E-4 0.02 0.8855600247044508 -0.017152921777396912 1.5441778011407368 1.065009019191839
2.0276308348746577 1.1499645958938043 -0.0012134343113645585 0.02 0.8736248619151052 -0.03837919432259085 1.5588378059219827 1.0827303455859483
2.050629094073712 1.1499129599527258 -0.0025817970539243618 0.02 0.8609015621233902 -0.06841813712799016 1.5737144856121803 1.100268794571981
2.073625462395943 1.1498184161115477 -0.004727192058906482 0.02 0.8473807788835421 -0.10726975024910601 1.5888187500403368 1.1176090972120722
2.0966187003690804 1.1496618986568619 -0.007825872734290584 0.02 0.8330553984169742 -0.15493403376920512 1.6041608604275048 1.1347350891530574
2.1196071167052257 1.1494208168072673 -0.012054092479729661 0.02 0.8179211963081825 -0.21141098727195384 1.6197502688107948 1.1516296901992493
2.1425884977994896 1.149069054713192 -0.01758810470375849 0.02 0.801977556943616 -0.2767006112014414 1.6355954404618178 1.1682749064339384
2.1655600372286283 1.1485769714569383 -0.0246041628126914 0.02 0.7852282455312272 -0.3508029054466455 1.6517036597593402 1.184651858481004
2.1885182652496833 1.147911401052748 -0.03327852020951205 0.02 0.7676822168082091 -0.43371786984103267 1.6680808207446705 1.2007408394548034
2.2114589782986194 1.147035652446804 -0.04378743029720411 0.02 0.7493544375135155 -0.5254455043846029 1.684731204920642 1.216521406291319
2.234377168488961 1.1459095095170735 -0.0563071464865228 0.02 0.7302666931768612 -0.6259858094659343 1.701657249328564 1.23197250703145
2.257266953110788 1.1444892310913612 -0.07101392128561201 0.02 0.7104483420145246 -0.7353387399544609 1.7188593096908324 1.2470726464080664
2.2801215070281606 1.1427276958686283 -0.0880767611366462 0.02 0.6899369700826689 -0.8531419925517092 1.7363354264303137 1.2618000923681965
2.302933037971676 1.1405765471757645 -0.10755743464319067 0.02 0.668778861434851 -0.9740336753272238 1.7540811319661382 1.2761331473428916
2.325692836666919 1.1379899347621514 -0.1293306206806566 0.02 0.6470291943975424 -1.088659301873296 1.7720893364050245 1.2900504957865402
2.348391346946163 1.1349255139621928 -0.15322103999793057 0.02 0.6247519601566391 -1.194520965863699 1.7903502619329896 1.3035315809870882
2.371018236249728 1.1313444651782634 -0.17905243919646985 0.02 0.6020195866020043 -1.2915699599269637 1.8088514191990048 1.3165569888410213
2.393562466127347 1.127211493880953 -0.2066485648655192 0.02 0.5789122489765949 -1.3798062834524671 1.827577631598807 1.3291088274823943
2.416012362739526 1.1224948306089333 -0.23583316360098472 0.02 0.5555168666396773 -1.4592299367732764 1.846511111856114 1.3411710906437078
2.4383556873589036 1.1171662309688912 -0.2664299820021032 0.02 0.5319258061448376 -1.5298409200559249 1.8656315929758058 1.3527299920285976
2.46057970687162 1.1112009756358177 -0.29826276665367857 0.02 0.5082353328217641 -1.5916392325787676 1.8849165126966054 1.363774258065687
2.4826712642786704 1.1045778703525189 -0.33115526416493957 0.02 0.48454387300875673 -1.64462487556305 1.9043412477634245 1.3742953676323146
2.5046168491972747 1.097279245930216 -0.364931221115139 0.02 0.46095016502834996 -1.6887978475099708 1.9238793915085375 1.3842877293569995
2.5264026683622336 1.089290958247946 -0.3994143841135056 0.02 0.43755138660780124 -1.7241581499183312 1.9435030658104508 1.393748789915878
2.5480147161272964 1.080602388253138 -0.43442849974040243 0.02 0.4144413483934681 -1.7507057813448412 1.9631832567191394 1.402679070086422
2.569438844966518 1.0712064419610812 -0.4697973146028378 0.02 0.3917088368992655 -1.7684407431217686 1.9828901623407753 1.4110821290188853
2.590660835975623 1.0610995504552578 -0.5053445752911667 0.02 0.36943617764396985 -1.777363034416446 2.0025935410737437 1.418964460455946
2.6116664693733687 1.0502816698872763 -0.5408940283990749 0.02 0.34769807008354914 -1.7774726553954068 2.0222630497029033 1.4263353279824431
2.6324415950029056 1.0387562814768492 -0.5762694205213581 0.02 0.326560725337469 -1.7687696061141622 2.0418685617493084 1.4332065485163243
2.6529722028331406 1.0265303915117485 -0.6112944982550328 0.02 0.30608131549272477 -1.7512538866837346 2.0613804589387565 1.4395922350454948
2.673244493460099 1.0136145313479172 -0.6457930081915642 0.02 0.28630772379689673 -1.7249254968265681 2.080769890684272 1.445508510242726
2.6932449486082843 1.000022757409269 -0.6795886969324094 0.02 0.2672785691114066 -1.6897844370422632 2.1000089985878687 1.4509732024751967
2.7129604016320448 0.9857726511880216 -0.7125053110623725 0.02 0.24902346601605613 -1.6458307064981526 2.119071105540576 1.4560055351209589
2.732378108016932 0.9708853192443634 -0.7443665971829105 0.02 0.2315634759555345 -1.5930643060269034 2.137930870159768 1.4606258186520298
2.751485815881063 0.9553853932065426 -0.77499630189104 0.02 0.21491170185312297 -1.5314852354064712 2.156564409510132 1.4648551536008716
2.770271836476484 0.9393010297710447 -0.8042181717748953 0.02 0.19907398117608954 -1.4610934941927667 2.1749493929606243 1.4687151505344775
2.7887251146905316 0.9226639107023926 -0.8318559534326031 0.02 0.18404963564518534 -1.3818890828853903 2.1930651116992275 1.4722276717502243
2.8068352995471955 0.9055092428331912 -0.8577333934600695 0.02 0.1698322423373017 -1.2938720013733196 2.210892528051217 1.4754145976663642
2.82459281470848 0.887875758064216 -0.8816742384487597 0.02 0.15641039768645987 -1.19704224943451 2.22841430865917 1.4782976195179076
2.8419889289757645 0.8698057133642356 -0.9035022349990207 0.02 0.14376845237236485 -1.091399827513051 2.245614845753839 1.4808980589087615
2.8590158264583154 0.8513448741275464 -0.9230419618344587 0.02 0.13188720206075244 -0.9769863417719016 2.262480269585594 1.4832367137444074
2.875666657916608 0.8325415729146357 -0.940165060645537 0.02 0.12074453609305114 -0.8561549405539104 2.278998436956217 1.4853337273088711
2.89193551797832 0.8134430030855899 -0.9549284914522893 0.02 0.11031607002908123 -0.7381715403376177 2.2951588432932915 1.4872084742174352
2.9078173778482155 0.7940929934947771 -0.9675004795406394 0.02 0.10057572884365551 -0.628599404417507 2.310952489329672 1.4888794691477898
2.9233080148074366 0.7745318479610575 -0.9780572766859841 0.02 0.09149625107353104 -0.5278398572672316 2.3263717453737587 1.4903643017337858
2.9384039417121386 0.7547963452350981 -0.9867751362979682 0.02 0.08304961664787097 -0.4358929805992062 2.341410218002598 1.4916795943566075
2.9531023364921287 0.7349197389995066 -0.9938303117795755 0.02 0.07520740503284551 -0.35275877408036393 2.356062620093831 1.4928409792894881
2.9674009716495036 0.714931757868742 -0.9993990565382305 0.02 0.06794109083781286 -0.2784372379327493 2.3703246449639757 1.4938630919827687
2.9812981437572867 0.6948586053891592 -1.0036576239791373 0.02 0.06122228412232594 -0.2129283720453401 2.384192845264914 1.4947595776121505
2.9947926029580696 0.6747229600391424 -1.0067822675008387 0.02 0.055022922761587933 -0.15623217608506934 2.3976645164864783 1.4955431083027166
3.0078834824626455 0.654543975228794 -1.0089492405174205 0.02 0.049315423524065094 -0.10834865082909317 2.4107375852672464 1.4962254088096365
3.0205702280486477 0.6343372793001123 -1.010334796434087 0.02 0.04407279816299642 -0.06927779583332239 2.423410502196351 1.4968172887143758
3.032852527559191 0.6141149755271691 -1.0111151886471603 0.02 0.03926874005125636 -0.03901961065366777 2.435682139028762 1.4973286794973082
3.044730240401507 0.593885642115799 -1.011466670568506 0.02 0.034877686368276206 -0.01757409606728544 2.4475516899558785 1.497768675087829
3.056203327114146 0.5736543356319457 -1.0115653241926648 0.02 0.03087486019652219 -0.00493268120793644 2.459018576630755 1.498145574725809
3.067271789607314 0.5534231246584032 -1.0115605486771262 0.02 0.027236292995037326 2.3877577692843488E-4 2.4700823670712686 1.4984669274519902
3.077935676771616 0.5331943582151055 -1.0114383221648815 0.02 0.023938815607368824 0.006111325612234708 2.480742763308958 1.4987395785154143
3.0881951479569723 0.5129735592678042 -1.0110399473650666 0.02 0.020960031372579624 0.019918739990743006 2.490999649194783 1.4989697155849129
3.098050543455996 0.492769774951185 -1.0101892158309589 0.02 0.01827829317739177 0.042536576705387574 2.500853147914742 1.4991629127294697
3.1075024550053576 0.47259557746808234 -1.0087098741551337 0.02 0.01587268750739279 0.07396708379125982 2.5103036814596678 1.4993241722435287
3.1165517962871427 0.45246706408925697 -1.0064256689412687 0.02 0.01372302541284276 0.11421026069324824 2.5193520319046496 1.4994579646288306
3.125199873430217 0.432403857153707 -1.0031603467774985 0.02 0.011809840096178914 0.16326610818850895 2.5279994042720024 1.4995682669814738
3.1334484555115893 0.41242910406862343 -0.9987376542541782 0.02 0.010114390617904201 0.22113462616601964 2.536247490713963 1.499658599973805
3.1412998450577683 0.3925694773089461 -0.992981337983867 0.02 0.008618671000464984 0.2878158135155573 2.5440985358355523 1.4997320635658478
3.1487569485461333 0.3728551744182518 -0.9857151445347156 0.02 0.007305423846883263 0.36330967245756796 2.5515554029376752 1.499791371527162
3.155823346906286 0.35331991800764406 -0.9767628205303858 0.02 0.00615815740691561 0.44761620021649406 2.558621641175486 1.499838884803662
3.1625033660214217 0.3340009557567747 -0.9659481125434688 0.02 0.005161164969644139 0.5407353993458486 2.5653015532987054 1.4998766437178466
3.168802147229686 0.31493906041322184 -0.9530947671776424 0.02 0.004299545304139785 0.6426672682913193 2.5716002640313986 1.4999063989587837
3.174725717818822 0.2961785294568031 -0.938026547820936 0.02 0.0035592228689851346 0.7534109678353218 2.5775237888906224 1.4999296412875696
3.1802810561743518 0.27776691777647855 -0.9205805840162284 0.02 0.0029269670556876237 0.8722981902353766 2.5830790980300664 1.499947629849466
3.1854761038546395 0.25975238401438894 -0.9007266881044806 0.02 0.002390413484480658 0.9926947955873899 2.588274127348139 1.4999614188941957
3.1903197085500428 0.24218023477016182 -0.878607462211356 0.02 0.001938084086373637 1.1059612946562325 2.5931177207007634 1.4999718829242026
3.194821553711719 0.2250922580838033 -0.8543988343179265 0.02 0.0015593968640903455 1.210431394671474 2.59761955897866 1.4999797403510986
3.198992088050265 0.20852671692730418 -0.8282770578249554 0.02 0.0012446642935137753 1.3060888246485547 2.6017900892244215 1.4999855754680023
3.202842455034355 0.19251834920450683 -0.8004183861398673 0.02 9.85081301163926E-4 1.3929335842544077 2.6056404538112607 1.4999898585636082
3.2063844223893763 0.1770983677510607 -0.770999072672307 0.02 7.727038353670945E-4 1.4709656733780108 2.609182419803524 1.4999929640808976
3.209630311596069 0.16229446033464434 -0.7401953708208175 0.02 6.004191472549492E-4 1.5401850925744753 2.6124283082456565 1.4999951867896284
3.212592927389164 0.14813078965474347 -0.7081835339950437 0.02 4.619089197224202E-4 1.60059184128869 2.615390923620651 1.4999967559988947
3.2152854872560206 0.1346279933428285 -0.6751398155957489 0.02 3.5160644995724244E-4 1.6521859199647437 2.6180834832646154 1.499997847881726
3.2177215509352632 0.12180318396213252 -0.6412404690347984 0.02 2.646490866660134E-4 1.6949673280475253 2.620519546829044 1.4999985960198488
3.2199149499154216 0.10966994900791782 -0.606661747710735 0.02 1.9682712457713691E-4 1.7289360662031683 2.622712945750175 1.4999991003032305
3.2218797169335684 0.09823835090734256 -0.5715799050287629 0.02 1.445303258081898E-4 1.754092134098606 2.6246777127408762 1.499999434336641
3.2236300154739537 0.087514927019261 -0.5361711944040781 0.02 1.0469318803163485E-4 1.770435531234238 2.6264280112672385 1.499999651515149
3.2251800692666475 0.07750268963468976 -0.5006118692285622 0.02 7.474000477480924E-5 1.7779662587757983 2.627978065053885 1.4999997899335504
3.2265440917861747 0.06820112597636374 -0.4650781829163009 0.02 5.2530676725282E-5 1.776684315613064 2.629342087571223 1.4999998762915538
3.227736215750155 0.05960619819900259 -0.4297463888680575 0.02 3.630812664368044E-5 1.766589702412169 2.630534211534793 1.499999928949269
3.228770422617938 0.051710343389155256 -0.3947927404923668 0.02 2.4648056720644185E-5 1.7476824187845352 2.6315684184016748 1.4999999602764857
3.229660472089245 0.044502473565355416 -0.360393491189992 0.02 1.641166346377787E-5 1.7199624651187406 2.6324584678736267 1.4999999784255755
3.230419831602804 0.037967975677943855 -0.32672489437057806 0.02 1.0701798483725433E-5 1.683429840970696 2.6332178273870066 1.499999988643215
3.231061605834988 0.03208871160920168 -0.2939632034371087 0.02 6.8229348129111855E-6 1.6380845466734684 2.6338596016192932 1.4999999942202553
3.231598466198454 0.02684301817330592 -0.262284671794788 0.02 4.245172951500287E-6 1.5839265821160353 2.634396461982765 1.4999999971640683
3.2320425803407797 0.02220570711628511 -0.2318655528510405 0.02 2.572399848244089E-6 1.5209559471873746 2.6348405761252494 1.4999999986625525
3.232405541643102 0.018148065116108114 -0.20288210000884987 0.02 1.514601177365904E-6 1.4491726421095308 2.6352035374276825 1.499999999395844
3.2326982987187556 0.014637853782684118 -0.1755105666711998 0.02 8.64224397156832E-7 1.368576666882504 2.63549629450349 1.4999999997396323
3.23293108491191 0.011639309657729413 -0.14992720624773526 0.02 4.763992224043889E-7 1.279168021173227 2.6357290806966462 1.4999999998934497
3.233113347796208 0.009113144214900615 -0.12630827214143991 0.02 2.5274522796880916E-7 1.180946705314767 2.63591134358105 1.4999999999588332
3.2332536786734023 0.007016543859705848 -0.10483001775973833 0.02 1.284343722485204E-7 1.0739127190850795 2.636051674458258 1.4999999999850913
3.2333597429113974 0.0053032118997542455 -0.08566659799758014 0.02 6.213054082326863E-8 0.9581709881079092 2.6361577386962622 1.499999999994985
3.233438237116178 0.003924710239022744 -0.06892508303657507 0.02 2.8392909912078323E-8 0.8370757480502533 2.6362362329010374 1.4999999999984508
3.233494923557455 0.0028343220638493705 -0.054519408758668675 0.02 1.213927725007835E-8 0.72028371389532 2.636292919342341 1.4999999999995686
3.2335346990597156 0.001988775113037633 -0.042277347540586874 0.02 4.79598283309457E-9 0.6121030609040901 2.6363326948446075 1.499999999999896
3.2335616655035837 0.0013483221934063039 -0.032022645981566455 0.02 1.7227904658412285E-9 0.5127350779510209 2.636359661288478 1.499999999999981
3.2335792003271813 8.767411798782376E-4 -0.023579050676403313 0.02 5.505700340080466E-10 0.42217976525815715 2.6363771961120808 1.4999999999999964
3.233590027027491 5.413350154803709E-4 -0.016770308219893337 0.02 1.5188739155291842E-10 0.34043712282549876 2.6363880228123913 1.5000000000000024
3.2335962856617186 3.1293171138813136E-4 -0.011420165204611976 0.02 3.462774511575617E-11 0.26750715076406806 2.6363942814466217 1.5000000000000024
3.2335996033486545 1.658843467922111E-4 -0.0073523682297960136 0.02 6.1058935685309734E-12 0.20338984874079813 2.6363975991335606 1.4999999999999993
3.2336011647700342 7.807106898738425E-5 -0.004390663890241342 0.02 7.488454301096681E-13 0.14808521697773358 2.636399160554938 1.5000000000000042
3.2336017826719052 3.089509355014286E-5 -0.0023587987718620695 0.02 5.639932965095795E-14 0.10159325591896362 2.6363997784568096 1.5000000000000027
3.233601968365984 9.284703939016481E-6 -0.001080519480556319 0.02 5.440092820663267E-15 0.06391396456528753 2.6363999641508875 1.500000000000004
3.23360200223102 1.6932518054346701E-6 -3.7957260667909054E-4 0.02 2.6645352591003757E-15 0.03504734369386142 2.6363999980159263 1.5000000000000009
3.233602004214159 9.915694931805774E-8 -7.970474280583062E-5 0.02 5.440092820663267E-15 0.014993393193662996 2.6363999999990635 1.500000000000004
3.2336020042150935 4.671818487622659E-11 -4.955511556659076E-6 0.02 2.6645352591003757E-15 0.003737461562458577 2.636399999999999 1.5000000000000009
3.2336020042150935 0.0 -2.3359092438113294E-9 0.02 2.6645352591003757E-15 2.476587823707632E-4 2.636399999999999 1.5000000000000009
