5.875113506465018E-10 2.937556753232509E-8 1.4687783766162545E-6 0.02 0.0 7.343891883081273E-5 5.875113506468161E-10 0.0
1.8800363220688058E-8 9.106425935020778E-7 4.406335129848763E-5 0.02 0.0 0.002129728646093569 1.8800363220687952E-8 0.0
1.427652582070999E-7 6.1982447493205925E-6 2.643801077909257E-4 0.02 0.0 0.011015837824621903 1.427652582071001E-7 0.0
6.016116230620179E-7 2.29423182427459E-5 8.372036746712653E-4 0.02 0.0 0.02864117834401698 6.016116230620179E-7 0.0
1.8359729707703185E-6 6.171806738541503E-5 0.0019387874571334565 0.02 0.0 0.05507918912310956 1.8359729707703192E-6 0.0
4.568488262627197E-6 1.366257645928439E-4 0.0037453848603714434 0.02 0.0 0.09032987016189935 4.568488262627197E-6 0.0
9.874303270315758E-6 2.6529075038442805E-4 0.006433249289579207 0.02 0.0 0.13439322146038818 9.874303270315758E-6 0.0
1.925157193798457E-5 4.6886343338344065E-4 0.01017863414995063 0.02 0.0 0.18726924301857117 1.925157193798457E-5 0.0
3.469195774432528E-5 7.720192903170353E-4 0.01515779284667973 0.02 0.0 0.24895793483645495 3.469195774432527E-5 0.0
5.875113506465019E-5 0.0012029588660162458 0.021546978784960525 0.02 0.0 0.3194592969140398 5.875113506465019E-5 0.0
9.461929053296976E-5 0.0017934077734159785 0.029522445369986636 0.02 0.0 0.39877332925130554 9.461929053296976E-5 0.0
1.461916244040703E-4 0.002578616693555027 0.03926044600695242 0.02 0.0 0.4869000318482893 1.4619162440407022E-4 0.0
2.181388519155916E-4 0.0035973613755760653 0.05093723410105192 0.02 0.0 0.583839404704975 2.1813885191559137E-4 0.0
3.1597770465010427E-4 0.004891942636725633 0.06472906305747839 0.02 0.0 0.6895914478213232 3.159777046501038E-4 0.0
4.461410715330586E-4 0.006508168344147716 0.08081128537110417 0.02 0.0 0.8041111156812892 4.4614107153305774E-4 0.0
6.160287406665392E-4 0.00849438345667403 0.09931075562631567 0.02 0.0 0.9249735127605747 6.160287406665379E-4 0.0
8.339836499198928E-4 0.01089774546266768 0.12016810029968254 0.02 0.0 1.0428672336683438 8.33983649919891E-4 0.0
0.0011092244374463587 0.013762039376323292 0.14321469568278059 0.02 0.0 1.1523297691549022 0.0011092244374463563 0.0
0.0014517749408068995 0.01712752516802704 0.16827428958518745 0.02 0.0 1.2529796951203431 0.001451774940806896 0.0
0.0018723936956081195 0.021030937740060998 0.19517062860169784 0.02 0.0 1.3448169508255197 0.001872393695608115 0.0
0.002382503434140188 0.025505486926603427 0.22372745932712143 0.02 0.0 1.4278415362711794 0.002382503434140201 0.0
0.002994120584014768 0.03058085749372899 0.2537685283562782 0.02 0.0 1.5020534514578396 0.0029941205840148056 0.0
0.0037197847668029274 0.03628320913940798 0.2851175822839495 0.02 0.0 1.5674526963835644 0.003719784766802995 0.0
0.0045724882966730685 0.04263517649350705 0.3175983677049535 0.02 0.0 1.6240392710501983 0.004572488296673171 0.0
0.0055656056790288535 0.04965586911778925 0.3510346312141099 0.02 0.0 1.6718131754578203 0.005565605679028997 0.0
0.006712823109147118 0.05736087150591323 0.38525011940619897 0.02 0.0 1.7107744096044541 0.006712823109147307 0.0
0.008028067970815803 0.06576224308343422 0.42006857887604937 0.02 0.0 1.7409229734925202 0.008028067970816045 0.0
0.009525438334971863 0.07486851820780303 0.4553137562184409 0.02 0.0 1.762258867119576 0.009525438334972167 0.0
0.011219132458339203 0.08468470616836699 0.49080939802819756 0.02 0.0 1.7747820904878335 0.011219132458339576 0.0
0.01312337828206661 0.09521229118637031 0.5263792509001664 0.02 0.0 1.7784926435984394 0.013123378282067059 0.0
0.015252362930365639 0.10644923241495147 0.5618470614290577 0.02 0.0 1.7733905264445682 0.015252362930366175 0.0
0.017620162209148575 0.11838996393914682 0.5970365762097675 0.02 0.0 1.7594757390354876 0.017620162209148513 0.0
0.020240670104666323 0.1310253947758874 0.6317715418370291 0.02 0.0 1.736748281363082 0.02024067010466546 0.0
0.02312752828214635 0.1443429088740013 0.6658757049056954 0.02 0.0 1.705208153433313 0.023127528282144604 0.0
0.026294055584430612 0.1583263651142131 0.69917281201059 0.02 0.0 1.664855355244732 0.026294055584427895 0.0
0.029753177530613434 0.1729560973091411 0.7314866097463998 0.02 0.0 1.615689886790489 0.02975317753060966 0.0
0.03351735581467954 0.18820891420330518 0.7626408447082039 0.02 0.0 1.557711748090207 0.033517355814676186 0.0
0.037598517804141834 0.20405809947311482 0.7924592634904817 0.02 0.0 1.4909209391138878 0.037598517804140065 0.0
0.042007986038679404 0.22047341172687848 0.8207656126881832 0.02 0.0 1.4153174598850737 0.04200798603867934 0.0
0.04675640772877544 0.23742108450480193 0.8473836388961722 0.02 0.0 1.3309013103994516 0.046756407728777226 0.0
0.05185368425435513 0.2548638262789844 0.872137088709124 0.02 0.0 1.23767249064759 0.051853684254358885 0.0
0.0573089006634236 0.27276082045342326 0.8948497087219426 0.02 0.0 1.1356310006409298 0.05730890066342947 0.0
0.0631302551786804 0.2910677257628402 0.915345265470846 0.02 0.0 1.0247778374451733 0.06313025517868764 0.0
0.0693249942946908 0.30973695580052 0.933461501883992 0.02 0.0 0.9058118206572985 0.06932499429469186 0.0
0.07589940173269191 0.3287203719000556 0.9491708049767789 0.02 0.0 0.7854651546393421 0.07589940173268639 0.0
0.08285885594680137 0.3479727107054728 0.9626169402708606 0.02 0.0 0.6723067647040892 0.08285885594678889 0.0
0.09020790050730407 0.36745222802513494 0.9739758659831066 0.02 0.0 0.5679462856122974 0.09020790050728424 0.0
0.0979503146020145 0.38712070473552185 0.9834238355193453 0.02 0.0 0.47239847681193603 0.09795031460198693 0.0
0.10608918353763871 0.4069434467812105 0.991137102284434 0.02 0.0 0.3856633382544328 0.10608918353760301 0.0
0.11462696924113638 0.42688928517488345 0.997291919683646 0.02 0.0 0.30774086996060435 0.11462696924109213 0.0
0.1235655807610829 0.4469305759973258 1.0020645411221163 0.02 0.0 0.23863107192351185 0.1235655807610297 0.0
0.13290644476903143 0.46704320039742675 1.0056312200050488 0.02 0.0 0.17833394414662473 0.1329064447689689 0.0
0.14265057606087506 0.4872065645921811 1.008168209737717 0.02 0.0 0.1268494866334069 0.14265057606080278 0.0
0.15279864805820884 0.5074035998666889 1.0098517637253916 0.02 0.0 0.0841776993837362 0.1527986480581264 0.0
0.16335106330969176 0.5276207625741464 1.0108581353728718 0.02 0.0 0.050318582374009324 0.16335106330959878 0.0
0.17430802399240902 0.5478480341358629 1.0113635780858277 0.02 0.0 0.025272135647791405 0.17430802399230508 0.0
0.18566960241311867 0.5680789210354822 1.0115443449809636 0.02 0.0 0.009038344756795436 0.18566960241300337 0.0
0.1974358090644475 0.5883103325664413 1.0115705765479543 0.02 0.0 0.0013115783495387667 0.19743580906432043 0.0
0.20960662037342717 0.6085405654489839 1.0115116441271332 0.02 0.0 -0.002946621041055586 0.20960662037328792 0.0
0.22218193063564723 0.6287655131110028 1.0112473831009439 0.02 0.0 -0.013213051309468593 0.2221819306354954 0.0
0.23516148201146073 0.6489775687906748 1.0106027839835996 0.02 0.0 -0.032229955867213445 0.23516148201129594 0.0
0.24854479402462232 0.6691656006580795 1.009401593370235 0.02 0.0 -0.060059530668232775 0.24854479402444413 0.0
0.2623310930609258 0.6893149518151731 1.00746755785468 0.02 0.0 -0.09670177577775219 0.26233109306080227 0.0
0.2765192418668424 0.7094074402958311 1.0046244240329016 0.02 0.0 -0.1421566910889127 0.27651924186678345 0.0
0.29110766904815844 0.7294213590658016 1.0006959384985248 0.02 0.0 -0.19642427671884288 0.2911076690481659 0.0
0.3060942985686135 0.7493314760227521 0.995505847847522 0.02 0.0 -0.2595045325501366 0.30609429856868914 0.0
0.32147647924853795 0.7691090339962237 0.9888778986735791 0.02 0.0 -0.3313974586971469 0.3214764792486836 0.0
0.3372509142634913 0.7887217507476674 0.9806358375721858 0.02 0.0 -0.41210305506966805 0.3372509142637088 0.0
0.35341359064289996 0.8081338189704329 0.9706034111382766 0.02 0.0 -0.5016213216954557 0.35341359064319094 0.0
0.3699597087686951 0.8273059062897575 0.9586043659662313 0.02 0.0 -0.5999522586022654 0.3699597087690614 0.0
0.3868836118739504 0.8461951552627633 0.9444624486502906 0.02 0.0 -0.7070958657970361 0.3868836118743937 0.0
0.4041787164382678 0.8647552282158716 0.9280036476554121 0.02 0.0 -0.8229400497439254 0.40417871643878983 0.0
0.42183747011064765 0.8829376836189923 0.9091227701560345 0.02 0.0 -0.9440438749688806 0.42183747011125006 0.0
0.4398513869889241 0.9006958439138235 0.8879080147415619 0.02 0.0 -1.0607377707236298 0.4398513869896085 0.0
0.45821111660267444 0.917986480687516 0.8645318386846235 0.02 0.0 -1.1688088028469212 0.4582111166034424 0.0
0.4769065144145803 0.9347698905952939 0.8391704953888968 0.02 0.0 -1.268067164786335 0.47690651441543336 0.0
0.4959267123217903 0.9510098953604995 0.8120002382602798 0.02 0.0 -1.358512856430849 0.4959267123227299 0.0
0.5152601891572817 0.9666738417745679 0.7831973207034215 0.02 0.0 -1.4401458778429133 0.5152601891582398 0.0
0.5348948411912227 0.9817326016970496 0.7529379961240812 0.02 0.0 -1.5129662289670165 0.5348948411921814 0.0
0.5548180526323343 0.9961605720555822 0.7213985179266302 0.02 0.0 -1.5769739098725477 0.5548180526332939 0.0
0.5750167661292526 1.0099356748459132 0.6887551395165503 0.02 0.0 -1.6321689205039958 0.5750167661302129 0.0
0.5954775532718909 1.0230393571319163 0.6551841143001558 0.02 0.0 -1.6785512608197273 0.5954775532728521 0.0
0.6161866850928012 1.0354565910455138 0.6208616956798751 0.02 0.0 -1.7161209310140313 0.6161866850937632 0.0
0.6371302025685371 1.0471758737867987 0.5859641370642432 0.02 0.0 -1.7448779307815965 0.6371302025695 0.0
0.6582939871210159 1.0581892276239402 0.5506676918570763 0.02 0.0 -1.7648222603583452 0.6582939871219764 0.0
0.6796638311188801 1.0684921998932062 0.515148613463301 0.02 0.0 -1.7759539196887664 0.679663831119834 0.0
0.7012255083788586 1.0780838629989242 0.4795831552859009 0.02 0.0 -1.7782729088700044 0.7012255083798059 0.0
0.7229648446671311 1.0869668144136257 0.44414757073507616 0.02 0.0 -1.771779227541237 0.7229648446680718 0.0
0.7448677882006884 1.0951471766778687 0.4090181132121451 0.02 0.0 -1.7564728761465531 0.7448677882016224 0.0
0.7669204801486955 1.1026345974003537 0.3743710361242547 0.02 0.0 -1.7323538543945194 0.7669204801496228 0.0
0.7891093251338527 1.1094422492578582 0.3403825928752213 0.02 0.0 -1.6994221624516692 0.7891093251347732 0.0
0.8114210617337582 1.1155868299952743 0.30722903687080416 0.02 0.0 -1.657677800220858 0.8114210617346813 0.0
0.8338428329822701 1.1210885624255984 0.27508662151620733 0.02 0.0 -1.6071207677298416 0.8338428329832019 0.0
0.856362256870869 1.1259711944299422 0.24413160021719005 0.02 0.0 -1.5477510649508641 0.8563622568718094 0.0
0.8789674968500191 1.1302619989575047 0.21454022637812376 0.02 0.0 -1.4795686919533146 0.8789674968509684 0.0
0.9016473323305304 1.1339917740255667 0.18648875340310234 0.02 0.0 -1.402573648751071 0.9016473323314884 0.0
0.9243912291849224 1.1371948427196021 0.1601534347017708 0.02 0.0 -1.3167659350665772 0.9243912291858893 0.0
0.9471894102487842 1.1399090531930889 0.13571052367433722 0.02 0.0 -1.2221455513716784 0.94718941024976 0.0
0.9700329258221371 1.1421757786676423 0.11333627372767108 0.02 0.0 -1.1187124973333074 0.9700329258231217 0.0
0.9929137241233345 1.144039915059869 0.09320681961133559 0.02 0.0 -1.0064727058167744 0.992913724124328 0.0
1.0158247122936856 1.14554940851756 0.07547467288454568 0.02 0.0 -0.8866073363394955 1.015824712294688 0.0
1.0387597541739937 1.146752094015402 0.06013427489209855 0.02 0.0 -0.7670198996223565 1.0387597541750049 0.0
1.0617136078297271 1.1476926827866718 0.04702943856349506 0.02 0.0 -0.6552418164301743 1.0617136078307472 0.0
1.0846818550776758 1.148412362397433 0.03598398053805685 0.02 0.0 -0.5522729012719108 1.084681855078705 0.0
1.1076608309845866 1.148948795345539 0.026821647405306237 0.02 0.0 -0.45811665663753054 1.1076608309856075 0.0
1.130647553365803 1.1493361190608176 0.019366185763924904 0.02 0.0 -0.3727730820690667 1.130647553366801 0.0
1.1536396522839023 1.1496049459049695 0.013441342207598517 0.02 0.0 -0.29624217781631934 1.1536396522848773 0.0
1.1766352995473341 1.149782363171592 0.008870863331122969 0.02 0.0 -0.2285239438237774 1.176635299548286 0.0
1.1996331382090575 1.1498919330861668 0.005478495728739041 0.02 0.0 -0.1696183801191964 1.1996331382099865 0.0
1.2226322120651796 1.149953692806105 0.0030879859969079604 0.02 0.0 -0.11952548659155404 1.2226322120660855 0.0
1.245631895153593 1.149984154420669 0.0015230807282051728 0.02 0.0 -0.07824526343513938 1.2456318951544758 0.0
1.2686318212526142 1.149996304951062 6.07526519647017E-4 0.02 0.0 -0.04577771042790779 1.2686318212534742 0.0
1.291631813379621 1.1499996063503382 1.6506996380893924E-4 0.02 0.0 -0.022122827791903887 1.2916318133804578 0.0
1.3146318132915367 1.1499999955957851 1.9462272349279885E-5 0.02 0.0 -0.0072803845729829675 1.3146318132923507 0.0
1.3376318132915368 1.1500000000000066 2.2021107159986286E-7 0.02 0.0 -9.621030638840011E-4 1.3376318132923277 0.0
1.3606318132915363 1.1499999999999733 -1.6653345369377348E-12 0.02 0.0 -1.101063684671999E-5 1.360631813292304 0.0
1.3836318132915362 1.1499999999999955 1.1102230246251565E-12 0.02 0.0 1.3877787807814457E-10 1.383631813292281 0.0
1.406631813291536 1.1499999999999955 0.0 0.02 0.0 -5.551115123125783E-11 1.406631813292258 0.0
1.4296318132915362 1.1500000000000066 5.551115123125783E-13 0.02 0.0 2.7755575615628914E-11 1.429631813292235 0.0
1.4526318132915363 1.1500000000000066 0.0 0.02 0.0 -2.7755575615628914E-11 1.452631813292212 0.0
1.4756318132915363 1.1499999999999955 -5.551115123125783E-13 0.02 0.0 -2.7755575615628914E-11 1.475631813292189 0.0
1.4986318132915362 1.1499999999999955 0.0 0.02 0.0 2.7755575615628914E-11 1.498631813292166 0.0
1.5216318132915363 1.1500000000000066 5.551115123125783E-13 0.02 0.0 2.7755575615628914E-11 1.5216318132921431 0.0
1.5446318132915362 1.1499999999999955 -5.551115123125783E-13 0.02 0.0 -5.551115123125783E-11 1.5446318132921202 0.0
1.5676318132915363 1.1500000000000066 5.551115123125783E-13 0.02 0.0 5.551115123125783E-11 1.5676318132920972 0.0
1.5906318132915362 1.1499999999999955 -5.551115123125783E-13 0.02 0.0 -5.551115123125783E-11 1.5906318132920743 0.0
1.6136318132915364 1.1500000000000066 5.551115123125783E-13 0.02 0.0 5.551115123125783E-11 1.6136318132920513 0.0
1.6366318132915365 1.1500000000000066 0.0 0.02 0.0 -2.7755575615628914E-11 1.6366318132920283 0.0
1.6596318132915366 1.1500000000000066 0.0 0.02 0.0 0.0 1.6596318132920054 0.0
1.6826318132915363 1.1499999999999844 -1.1102230246251565E-12 0.02 0.0 -5.551115123125783E-11 1.6826318132919822 0.0
1.7056318132915365 1.1500000000000066 1.1102230246251565E-12 0.02 0.0 1.1102230246251565E-10 1.7056318132919595 0.0
1.7286318132915366 1.1500000000000066 0.0 0.02 0.0 -5.551115123125783E-11 1.7286318132919365 0.0
1.7516318132915367 1.1500000000000066 0.0 0.02 0.0 0.0 1.7516318132919135 0.0
1.7746318132915364 1.1499999999999844 -1.1102230246251565E-12 0.02 0.0 -5.551115123125783E-11 1.7746318132918903 0.0
1.7976318132915365 1.1500000000000066 1.1102230246251565E-12 0.02 0.0 1.1102230246251565E-10 1.7976318132918674 0.0
1.8206318132915367 1.1500000000000066 0.0 0.02 0.0 -5.551115123125783E-11 1.8206318132918446 0.0
1.8436318132915368 1.1500000000000066 0.0 0.02 0.0 0.0 1.843631813291822 0.0
1.866631813291537 1.1500000000000066 0.0 0.02 0.0 0.0 1.866631813291799 0.0
1.8896318132915366 1.1499999999999844 -1.1102230246251565E-12 0.02 0.0 -5.551115123125783E-11 1.8896318132917755 0.0
1.9126318132915368 1.1500000000000066 1.1102230246251565E-12 0.02 0.0 1.1102230246251565E-10 1.9126318132917528 0.0
1.9356318132915364 1.1499999999999844 -1.1102230246251565E-12 0.02 0.0 -1.1102230246251565E-10 1.9356318132917294 0.0
1.9586318132915361 1.1499999999999844 0.0 0.02 0.0 5.551115123125783E-11 1.958631813291706 0.0
1.9816318132915363 1.1500000000000066 1.1102230246251565E-12 0.02 0.0 5.551115123125783E-11 1.9816318132916833 0.0
2.004631813291536 1.1499999999999955 -5.551115123125783E-13 0.02 0.0 -8.326672684688674E-11 2.0046318132916605 0.0
2.0276318132915367 1.1500000000000288 1.6653345369377348E-12 0.02 0.0 1.1102230246251565E-10 2.0276318132916376 0.0
2.0506318132915364 1.1499999999999844 -2.220446049250313E-12 0.02 0.0 -1.942890293094024E-10 2.0506318132916146 0.0
2.073631813291537 1.1500000000000288 2.220446049250313E-12 0.02 0.0 2.220446049250313E-10 2.073631813291592 0.0
2.0966318132915367 1.1499999999999844 -2.220446049250313E-12 0.02 0.0 -2.220446049250313E-10 2.0966318132915687 0.0
2.1196318132915364 1.1499999999999844 0.0 0.02 0.0 1.1102230246251565E-10 2.1196318132915453 0.0
2.142631813291537 1.1500000000000288 2.220446049250313E-12 0.02 0.0 1.1102230246251565E-10 2.1426318132915227 0.0
2.1656318132915366 1.1499999999999844 -2.220446049250313E-12 0.02 0.0 -2.220446049250313E-10 2.1656318132914993 0.0
2.1886318132915363 1.1499999999999844 0.0 0.02 0.0 1.1102230246251565E-10 2.1886318132914764 0.0
2.211631813291537 1.1500000000000288 2.220446049250313E-12 0.02 0.0 1.1102230246251565E-10 2.2116318132914534 0.0
2.2346318132915366 1.1499999999999844 -2.220446049250313E-12 0.02 0.0 -2.220446049250313E-10 2.234631813291431 0.0
2.257631813291537 1.1500000000000288 2.220446049250313E-12 0.02 0.0 2.220446049250313E-10 2.2576318132914084 0.0
2.280631813291537 1.1499999999999844 -2.220446049250313E-12 0.02 0.0 -2.220446049250313E-10 2.280631813291385 0.0
2.3036318132915365 1.1499999999999844 0.0 0.02 0.0 1.1102230246251565E-10 2.3036318132913616 0.0
2.326631813291537 1.1500000000000288 2.220446049250313E-12 0.02 0.0 1.1102230246251565E-10 2.326631813291339 0.0
2.349631813291537 1.1499999999999844 -2.220446049250313E-12 0.02 0.0 -2.220446049250313E-10 2.3496318132913157 0.0
2.3726318132915365 1.1499999999999844 0.0 0.02 0.0 1.1102230246251565E-10 2.3726318132912922 0.0
2.395631813291537 1.1500000000000288 2.220446049250313E-12 0.02 0.0 1.1102230246251565E-10 2.39563181329127 0.0
2.4186318132915368 1.1499999999999844 -2.220446049250313E-12 0.02 0.0 -2.220446049250313E-10 2.4186318132912468 0.0
2.4416318132915373 1.1500000000000288 2.220446049250313E-12 0.02 0.0 2.220446049250313E-10 2.4416318132912243 0.0
2.464631813291537 1.1499999999999844 -2.220446049250313E-12 0.02 0.0 -2.220446049250313E-10 2.464631813291201 0.0
2.4876318132915367 1.1499999999999844 0.0 0.02 0.0 1.1102230246251565E-10 2.4876318132911774 0.0
2.5106318132915373 1.1500000000000288 2.220446049250313E-12 0.02 0.0 1.1102230246251565E-10 2.5106318132911554 0.0
2.533631813291536 1.14999999999994 -4.440892098500626E-12 0.02 0.0 -3.3306690738754696E-10 2.5336318132911315 0.0
2.5566318132915367 1.1500000000000288 4.440892098500626E-12 0.02 0.0 4.440892098500626E-10 2.5566318132911086 0.0
2.5796318132915363 1.1499999999999844 -2.220446049250313E-12 0.02 0.0 -3.3306690738754696E-10 2.5796318132910856 0.0
2.602631813291537 1.1500000000000288 2.220446049250313E-12 0.02 0.0 2.220446049250313E-10 2.602631813291063 0.0
2.6256318132915366 1.1499999999999844 -2.220446049250313E-12 0.02 0.0 -2.220446049250313E-10 2.6256318132910397 0.0
2.6486318132915363 1.1499999999999844 0.0 0.02 0.0 1.1102230246251565E-10 2.6486318132910163 0.0
2.671631813291536 1.1499999999999844 0.0 0.02 0.0 0.0 2.671631813290993 0.0
2.6946318132915366 1.1500000000000288 2.220446049250313E-12 0.02 0.0 1.1102230246251565E-10 2.694631813290971 0.0
2.7176318132915362 1.1499999999999844 -2.220446049250313E-12 0.02 0.0 -2.220446049250313E-10 2.7176318132909474 0.0
2.740631813291537 1.1500000000000288 2.220446049250313E-12 0.02 0.0 2.220446049250313E-10 2.740631813290925 0.0
2.7636318132915365 1.1499999999999844 -2.220446049250313E-12 0.02 0.0 -2.220446049250313E-10 2.7636318132909015 0.0
2.786631813291536 1.1499999999999844 0.0 0.02 0.0 1.1102230246251565E-10 2.7866318132908785 0.0
2.8096318132915368 1.1500000000000288 2.220446049250313E-12 0.02 0.0 1.1102230246251565E-10 2.809631813290856 0.0
2.8326318132915365 1.1499999999999844 -2.220446049250313E-12 0.02 0.0 -2.220446049250313E-10 2.8326318132908326 0.0
2.855631813291536 1.1499999999999844 0.0 0.02 0.0 1.1102230246251565E-10 2.855631813290809 0.0
2.8786318132915367 1.1500000000000288 2.220446049250313E-12 0.02 0.0 1.1102230246251565E-10 2.8786318132907867 0.0
2.9016318132915364 1.1499999999999844 -2.220446049250313E-12 0.02 0.0 -2.220446049250313E-10 2.901631813290875 0.0
2.924631813291537 1.1500000000000288 2.220446049250313E-12 0.02 0.0 2.220446049250313E-10 2.92463181329098 0.0
2.9476318132915367 1.1499999999999844 -2.220446049250313E-12 0.02 0.0 -2.220446049250313E-10 2.947631813291085 0.0
2.9706318132915364 1.1499999999999844 0.0 0.02 0.0 1.1102230246251565E-10 2.970631813291189 0.0
2.993631813291537 1.1500000000000288 2.220446049250313E-12 0.02 0.0 1.1102230246251565E-10 2.9936318132912945 0.0
3.0166318132915366 1.1499999999999844 -2.220446049250313E-12 0.02 0.0 -2.220446049250313E-10 3.0166318132913985 0.0
3.0396318132915363 1.1499999999999844 0.0 0.02 0.0 1.1102230246251565E-10 3.0396318132915034 0.0
3.062631813291536 1.1499999999999844 0.0 0.02 0.0 0.0 3.0626318132916075 0.0
3.0856318132915366 1.1500000000000288 2.220446049250313E-12 0.02 0.0 1.1102230246251565E-10 3.085631813291713 0.0
3.1086318132915363 1.1499999999999844 -2.220446049250313E-12 0.02 0.0 -2.220446049250313E-10 3.1086318132918174 0.0
3.131631813291536 1.1499999999999844 0.0 0.02 0.0 1.1102230246251565E-10 3.131631813291922 0.0
3.1546318132915356 1.1499999999999844 0.0 0.02 0.0 0.0 3.154631813292026 0.0
3.177631813291536 1.1500000000000288 2.220446049250313E-12 0.02 0.0 1.1102230246251565E-10 3.177631813292131 0.0
3.200631813291536 1.1499999999999844 -2.220446049250313E-12 0.02 0.0 -2.220446049250313E-10 3.200631813292236 0.0
3.2236318132915356 1.1499999999999844 0.0 0.02 0.0 1.1102230246251565E-10 3.2236318132923403 0.0
3.2466318132915353 1.1499999999999844 0.0 0.02 0.0 0.0 3.2466318132924443 0.0
3.269631813291536 1.1500000000000288 2.220446049250313E-12 0.02 0.0 1.1102230246251565E-10 3.269631813292549 0.0
3.2926318132915355 1.1499999999999844 -2.220446049250313E-12 0.02 0.0 -2.220446049250313E-10 3.2926318132926538 0.0
3.315631813291536 1.1500000000000288 2.220446049250313E-12 0.02 0.0 2.220446049250313E-10 3.3156318132927587 0.0
3.338631813291536 1.1499999999999844 -2.220446049250313E-12 0.02 0.0 -2.220446049250313E-10 3.338631813292863 0.0
3.3616318132915364 1.1500000000000288 2.220446049250313E-12 0.02 0.0 2.220446049250313E-10 3.3616318132929686 0.0
3.384631813291536 1.1499999999999844 -2.220446049250313E-12 0.02 0.0 -2.220446049250313E-10 3.384631813293073 0.0
3.407631813291535 1.14999999999994 -2.220446049250313E-12 0.02 0.0 0.0 3.4076318132931767 0.0
3.4306318132915354 1.1500000000000288 4.440892098500626E-12 0.02 0.0 3.3306690738754696E-10 3.4306318132932816 0.0
3.453631813291535 1.1499999999999844 -2.220446049250313E-12 0.02 0.0 -3.3306690738754696E-10 3.453631813293386 0.0
3.4766318132915357 1.1500000000000288 2.220446049250313E-12 0.02 0.0 2.220446049250313E-10 3.4766318132934915 0.0
3.4996318132915354 1.1499999999999844 -2.220446049250313E-12 0.02 0.0 -2.220446049250313E-10 3.4996318132935955 0.0
3.522631813291536 1.1500000000000288 2.220446049250313E-12 0.02 0.0 2.220446049250313E-10 3.522631813293701 0.0
3.5456318132915357 1.1499999999999844 -2.220446049250313E-12 0.02 0.0 -2.220446049250313E-10 3.5456318132938054 0.0
3.5686318132915362 1.1500000000000288 2.220446049250313E-12 0.02 0.0 2.220446049250313E-10 3.5686318132939108 0.0
3.591631813291535 1.14999999999994 -4.440892098500626E-12 0.02 0.0 -3.3306690738754696E-10 3.591631813294014 0.0
3.6146318132915356 1.1500000000000288 4.440892098500626E-12 0.02 0.0 4.440892098500626E-10 3.6146318132941193 0.0
3.6376318132915353 1.1499999999999844 -2.220446049250313E-12 0.02 0.0 -3.3306690738754696E-10 3.637631813294224 0.0
3.660631813291536 1.1500000000000288 2.220446049250313E-12 0.02 0.0 2.220446049250313E-10 3.660631813294329 0.0
3.6836318132915356 1.1499999999999844 -2.220446049250313E-12 0.02 0.0 -2.220446049250313E-10 3.6836318132944332 0.0
3.706631813291536 1.1500000000000288 2.220446049250313E-12 0.02 0.0 2.220446049250313E-10 3.706631813294538 0.0
3.729631813291536 1.1499999999999844 -2.220446049250313E-12 0.02 0.0 -2.220446049250313E-10 3.729631813294643 0.0
3.7526318132915355 1.1499999999999844 0.0 0.02 0.0 1.1102230246251565E-10 3.752631813294747 0.0
3.775631813291535 1.1499999999999844 0.0 0.02 0.0 0.0 3.7756318132948516 0.0
3.7986318132915358 1.1500000000000288 2.220446049250313E-12 0.02 0.0 1.1102230246251565E-10 3.7986318132949566 0.0
3.8216318132915355 1.1499999999999844 -2.220446049250313E-12 0.02 0.0 -2.220446049250313E-10 3.8216318132950615 0.0
3.844631813291536 1.1500000000000288 2.220446049250313E-12 0.02 0.0 2.220446049250313E-10 3.8446318132951665 0.0
3.8676318132915357 1.1499999999999844 -2.220446049250313E-12 0.02 0.0 -2.220446049250313E-10 3.8676318132952705 0.0
3.8906318132915363 1.1500000000000288 2.220446049250313E-12 0.02 0.0 2.220446049250313E-10 3.8906318132953763 0.0
3.913631813291536 1.1499999999999844 -2.220446049250313E-12 0.02 0.0 -2.220446049250313E-10 3.9136318132954804 0.0
3.9366318132915357 1.1499999999999844 0.0 0.02 0.0 1.1102230246251565E-10 3.936631813295585 0.0
3.9596318132915354 1.1499999999999844 0.0 0.02 0.0 0.0 3.959631813295689 0.0
3.982631813291536 1.1500000000000288 2.220446049250313E-12 0.02 0.0 1.1102230246251565E-10 3.9826318132957947 0.0
4.005631813291536 1.1499999999999844 -2.220446049250313E-12 0.02 0.0 -2.220446049250313E-10 4.005631813295899 0.0
4.028631813291535 1.1499999999999844 0.0 0.02 0.0 1.1102230246251565E-10 4.028631813296004 0.0
4.051631813291536 1.1500000000000288 2.220446049250313E-12 0.02 0.0 1.1102230246251565E-10 4.051631813296108 0.0
4.074631813291536 1.1499999999999844 -2.220446049250313E-12 0.02 0.0 -2.220446049250313E-10 4.074631813296213 0.0
4.097631813291536 1.1500000000000288 2.220446049250313E-12 0.02 0.0 2.220446049250313E-10 4.097631813296317 0.0
4.120631813291535 1.14999999999994 -4.440892098500626E-12 0.02 0.0 -3.3306690738754696E-10 4.120631813296422 0.0
4.1436318132915355 1.1500000000000288 4.440892098500626E-12 0.02 0.0 4.440892098500626E-10 4.143631813296526 0.0
4.166631813291535 1.1499999999999844 -2.220446049250313E-12 0.02 0.0 -3.3306690738754696E-10 4.166631813296631 0.0
4.189631813291536 1.1500000000000288 2.220446049250313E-12 0.02 0.0 2.220446049250313E-10 4.189631813296737 0.0
4.2126318132915355 1.1499999999999844 -2.220446049250313E-12 0.02 0.0 -2.220446049250313E-10 4.2126318132968406 0.0
4.235631813291536 1.1500000000000288 2.220446049250313E-12 0.02 0.0 2.220446049250313E-10 4.235631813296946 0.0
4.258631813291536 1.1499999999999844 -2.220446049250313E-12 0.02 0.0 -2.220446049250313E-10 4.25863181329705 0.0
4.281631813291535 1.1499999999999844 0.0 0.02 0.0 1.1102230246251565E-10 4.281631813297155 0.0
4.304631813291535 1.1499999999999844 0.0 0.02 0.0 0.0 4.304631813297259 0.0
4.327631813291536 1.1500000000000288 2.220446049250313E-12 0.02 0.0 1.1102230246251565E-10 4.327631813297364 0.0
4.350631813291536 1.1500000000000288 0.0 0.02 0.0 -1.1102230246251565E-10 4.35063181329747 0.0
4.373631813291536 1.1499999999999844 -2.220446049250313E-12 0.02 0.0 -1.1102230246251565E-10 4.373631813297574 0.0
4.396631813291536 1.1499999999999844 0.0 0.02 0.0 1.1102230246251565E-10 4.396631813297678 0.0
4.419631813291536 1.1500000000000288 2.220446049250313E-12 0.02 0.0 1.1102230246251565E-10 4.419631813297784 0.0
4.442631813291536 1.1499999999999844 -2.220446049250313E-12 0.02 0.0 -2.220446049250313E-10 4.442631813297888 0.0
4.4656318132915365 1.1500000000000288 2.220446049250313E-12 0.02 0.0 2.220446049250313E-10 4.4656318132979935 0.0
4.488631813291536 1.1499999999999844 -2.220446049250313E-12 0.02 0.0 -2.220446049250313E-10 4.488631813298097 0.0
4.511631813291537 1.1500000000000288 2.220446049250313E-12 0.02 0.0 2.220446049250313E-10 4.511631813298203 0.0
4.534631813291536 1.1499999999999844 -2.220446049250313E-12 0.02 0.0 -2.220446049250313E-10 4.534631813298307 0.0
4.557631813291536 1.1499999999999844 0.0 0.02 0.0 1.1102230246251565E-10 4.5576318132984115 0.0
4.580631813291536 1.1499999999999844 0.0 0.02 0.0 0.0 4.580631813298515 0.0
4.6036318132915355 1.1499999999999844 0.0 0.02 0.0 0.0 4.60363181329862 0.0
4.626631813291536 1.1500000000000288 2.220446049250313E-12 0.02 0.0 1.1102230246251565E-10 4.626631813298725 0.0
4.649631813291535 1.14999999999994 -4.440892098500626E-12 0.02 0.0 -3.3306690738754696E-10 4.649631813298829 0.0
4.672631813291535 1.1500000000000288 4.440892098500626E-12 0.02 0.0 4.440892098500626E-10 4.672631813298934 0.0
4.695631813291535 1.1499999999999844 -2.220446049250313E-12 0.02 0.0 -3.3306690738754696E-10 4.6956318132990384 0.0
4.718631813291536 1.1500000000000288 2.220446049250313E-12 0.02 0.0 2.220446049250313E-10 4.718631813299144 0.0
4.741631813291535 1.1499999999999844 -2.220446049250313E-12 0.02 0.0 -2.220446049250313E-10 4.741631813299248 0.0
4.764631813291536 1.1500000000000288 2.220446049250313E-12 0.02 0.0 2.220446049250313E-10 4.764631813299354 0.0
4.787631813291536 1.1499999999999844 -2.220446049250313E-12 0.02 0.0 -2.220446049250313E-10 4.787631813299458 0.0
4.810631813291535 1.1499999999999844 0.0 0.02 0.0 1.1102230246251565E-10 4.810631813299562 0.0
4.833631813291535 1.1499999999999844 0.0 0.02 0.0 0.0 4.833631813299666 0.0
4.856631813291536 1.1500000000000288 2.220446049250313E-12 0.02 0.0 1.1102230246251565E-10 4.856631813299772 0.0
4.879631813291535 1.1499999999999844 -2.220446049250313E-12 0.02 0.0 -2.220446049250313E-10 4.879631813299876 0.0
4.902631813291536 1.1500000000000288 2.220446049250313E-12 0.02 0.0 2.220446049250313E-10 4.9026318132999815 0.0
4.9256318132915355 1.1499999999999844 -2.220446049250313E-12 0.02 0.0 -2.220446049250313E-10 4.925631813300086 0.0
4.948631813291536 1.1500000000000288 2.220446049250313E-12 0.02 0.0 2.220446049250313E-10 4.948631813300191 0.0
4.971631813291536 1.1499999999999844 -2.220446049250313E-12 0.02 0.0 -2.220446049250313E-10 4.971631813300295 0.0
4.9946318132915355 1.1499999999999844 0.0 0.02 0.0 1.1102230246251565E-10 4.9946318133004 0.0
5.017631813291535 1.1499999999999844 0.0 0.02 0.0 0.0 5.017631813300504 0.0
5.040631813291536 1.1500000000000288 2.220446049250313E-12 0.02 0.0 1.1102230246251565E-10 5.040631813300609 0.0
5.063631813291535 1.1499999999999844 -2.220446049250313E-12 0.02 0.0 -2.220446049250313E-10 5.063631813300713 0.0
5.086631813291536 1.1500000000000288 2.220446049250313E-12 0.02 0.0 2.220446049250313E-10 5.086631813300818 0.0
5.109631813291536 1.1499999999999844 -2.220446049250313E-12 0.02 0.0 -2.220446049250313E-10 5.109631813300923 0.0
5.132631813291536 1.1500000000000288 2.220446049250313E-12 0.02 0.0 2.220446049250313E-10 5.132631813301028 0.0
5.155631813291536 1.1499999999999844 -2.220446049250313E-12 0.02 0.0 -2.220446049250313E-10 5.155631813301133 0.0
5.178631813291536 1.1499999999999844 0.0 0.02 0.0 1.1102230246251565E-10 5.178631813301237 0.0
5.201631813291536 1.1500000000000288 2.220446049250313E-12 0.02 0.0 1.1102230246251565E-10 5.201631813301343 0.0
5.224631813291536 1.1499999999999844 -2.220446049250313E-12 0.02 0.0 -2.220446049250313E-10 5.224631813301447 0.0
5.2476318132915365 1.1500000000000288 2.220446049250313E-12 0.02 0.0 2.220446049250313E-10 5.247631813301552 0.0
5.270631813291535 1.14999999999994 -4.440892098500626E-12 0.02 1.4515261407221924E-4 -3.3306690738754696E-10 5.270631813286633 3.699607148350062E-7
5.293631813291537 1.1500000000000732 6.661338147750939E-12 0.02 0.002287201958411811 5.551115123125783E-10 5.293631797125415 2.3524467979294666E-5
5.316631813291536 1.14999999999994 -6.661338147750939E-12 0.02 0.0068661853240193915 -6.661338147750939E-10 5.316631556330616 1.242582093671403E-4
5.339631813291536 1.1500000000000288 4.440892098500626E-12 0.02 0.013742250956682411 5.551115123125783E-10 5.339630333599452 3.5697074031683027E-4
5.362631813291536 1.1499999999999844 -2.220446049250313E-12 0.02 0.022792702038022916 -3.3306690738754696E-10 5.362626491331893 7.730404131749136E-4
5.385631813291536 1.1500000000000288 2.220446049250313E-12 0.02 0.03390690365913096 2.220446049250313E-10 5.385617239779131 0.0014211419840597234
5.408631813291536 1.1499999999999844 -2.220446049250313E-12 0.02 0.0469815691224284 -2.220446049250313E-10 5.408598415325135 0.0023474410991946373
5.431631813291537 1.1500000000000288 2.220446049250313E-12 0.02 0.06191639154100703 2.220446049250313E-10 5.431564304803116 0.0035956732441187605
5.454631813291536 1.1499999999999844 -2.220446049250313E-12 0.02 0.0786100183505612 -2.220446049250313E-10 5.454507516547845 0.0052071152263435255
5.477631813291536 1.1499999999999844 0.0 0.02 0.09695640397238664 1.1102230246251565E-10 5.477418902483089 0.007220458659196044
5.500631813291536 1.1499999999999844 0.0 0.02 0.11684161419693115 0.0 5.500287537830902 0.009671597337227708
5.523631813291536 1.1500000000000288 2.220446049250313E-12 0.02 0.1381411896981695 1.1102230246251565E-10 5.523100766289115 0.012593343804984836
5.546631813291536 1.1499999999999844 -2.220446049250313E-12 0.02 0.16071819889283703 -2.220446049250313E-10 5.545844318033122 0.016015094512491307
5.569631813291537 1.1500000000000288 2.220446049250313E-12 0.02 0.18442211586184318 2.220446049250313E-10 5.568502505811666 0.019962467228157435
5.592631813291536 1.1499999999999844 -2.220446049250313E-12 0.02 0.2090886417026254 -2.220446049250313E-10 5.5910585006417515 0.024456938139446077
5.615631813291537 1.1500000000000288 2.220446049250313E-12 0.02 0.23454054467083543 2.220446049250313E-10 5.613494683510981 0.02951550852469012
5.6386318132915365 1.1499999999999844 -2.220446049250313E-12 0.02 0.2605895264633991 -2.220446049250313E-10 5.635793062991233 0.03515043110909821
5.661631813291536 1.1499999999999844 0.0 0.02 0.287039036760778 1.1102230246251565E-10 5.657935742550983 0.04136902380521515
5.684631813291536 1.1499999999999844 0.0 0.02 0.31368786629795065 0.0 5.6799054153773145 0.04817359303417035
5.7076318132915365 1.1500000000000288 2.220446049250313E-12 0.02 0.34033426693494273 1.1102230246251565E-10 5.701685860893611 0.05556148078702655
5.730631813291536 1.1499999999999844 -2.220446049250313E-12 0.02 0.36678028949163494 -2.220446049250313E-10 5.723262415479538 0.06352523956310571
5.753631813291537 1.1500000000000288 2.220446049250313E-12 0.02 0.39283600935357704 2.220446049250313E-10 5.744622391631202 0.07205292883004882
5.776631813291536 1.1499999999999844 -2.220446049250313E-12 0.02 0.4183233297300107 -2.220446049250313E-10 5.765755424036915 0.0811285168952338
5.799631813291536 1.1499999999999844 0.0 0.02 0.4430791097206864 1.1102230246251565E-10 5.786653727569179 0.09073236444242827
5.822631813291537 1.1500000000000288 2.220446049250313E-12 0.02 0.46695744787018884 1.1102230246251565E-10 5.807312259839504 0.10084176128986476
5.8456318132915355 1.14999999999994 -4.440892098500626E-12 0.02 0.4898310466675613 -3.3306690738754696E-10 5.827728788709102 0.11143148652030835
5.868631813291451 1.1499999999957655 -2.0872192862952943E-10 0.02 0.5115916740558272 -1.021405182655144E-8 5.847903871947319 0.12247436376978062
5.891631811997301 1.1499999352925006 -3.235163248405115E-6 0.02 0.532149811100681 -1.6174772632382428E-4 5.867840760251806 0.13394178681050883
5.9146317849495675 1.1499986476133373 -6.438395816488196E-5 0.02 0.5514336115749551 -0.0030574397458238423 5.887545222617149 0.1458041863500246
5.937631624893679 1.1499919972055572 -3.32520389001445E-4 0.02 0.5693873359709244 -0.013406821541828151 5.907025297803453 0.15803141402701648
5.960631071508526 1.1499723307423437 -9.833231606748427E-4 0.02 0.585969464959946 -0.032540138583669886 5.926291012501558 0.17059304841952488
5.983629640905099 1.1499284698286871 -0.002193045682830075 0.02 0.6011506610194862 -0.060486126107761606 5.945354089351323 0.18345862789050874
6.006626555125131 1.149845711001607 -0.004137941354009911 0.02 0.6149117103571851 -0.0972447835589918 5.964227655586249 0.1965978140787153
6.029620671639723 1.1497058257295745 -0.006994263601622919 0.02 0.6272415479463516 -0.1428161123806504 5.982925960478507 0.2099804927566948
6.052610412847996 1.1494870604136675 -0.01093826579534607 0.02 0.638135439015736 -0.19720010968615753 6.001464106446136 0.22357682007264834
6.075593695575719 1.1491641363861493 -0.016146201375910607 0.02 0.6475933649867687 -0.2603967790282269 6.019857796553759 0.23735722319860567
6.0985678605739535 1.1487082499117118 -0.022794323721875287 0.02 0.6556186408646876 -0.332406117298234 6.038123098760975 0.25129236432691815
6.121529602017685 1.1480870721865877 -0.031058886256207785 0.02 0.6622167757029298 -0.4132281267166249 6.056276225800814 0.2653530767808388
6.144474897004469 1.1472647493391719 -0.04111614237078953 0.02 0.6673945770855725 -0.5028628057290874 6.074333328123804 0.2795102813081094
6.167398935053059 1.1462019024295333 -0.05314234548192687 0.02 0.6711594943188577 -0.6013101555568667 6.092310296732989 0.29373489019677607
6.190296047602056 1.1448556274498145 -0.06731374898594211 0.02 0.6735191918313024 -0.7085701752007623 6.110222571920306 0.3079977060494255
6.213159638469565 1.1431795433754832 -0.08380420371656427 0.02 0.6744813436448047 -0.8245227365311081 6.128084954596771 0.32226932231408834
6.235982142586025 1.1411252058229682 -0.10271687762575255 0.02 0.6740536387100777 -0.9456336954594136 6.145911437276178 0.3365200486170025
6.258755062169084 1.1386459791529635 -0.1239613335002332 0.02 0.672243972673928 -1.0622227937240325 6.163715089366123 0.35071989705720974
6.281469035799439 1.1356986815177716 -0.14736488175959295 0.02 0.6690607951198888 -1.1701774129679876 6.18150795963123 0.36483860552827374
6.3041139089221945 1.1322436561377547 -0.17275126900084814 0.02 0.6645136005171872 -1.2693193620627596 6.199300970260563 0.37884568112250394
6.326678804348219 1.1282447713012456 -0.199944241825456 0.02 0.6586135569370404 -1.3596486412303932 6.217103801147239 0.39271046528011794
6.349152192755515 1.1236694203647701 -0.22876754682377154 0.02 0.6513742646681707 -1.4411652499157768 6.234924764757186 0.4064022232201858
6.371521963190575 1.1184885217530027 -0.2590449305883702 0.02 0.6428126330770165 -1.5138691882299327 6.2527706727652355 0.4198902600987562
6.3937754935697475 1.112676518958633 -0.29060013971848875 0.02 0.6329498584234952 -1.5777604565059278 6.2706466965423235 0.4331440660735586
6.415899721180596 1.10621138054241 -0.32325692081114354 0.02 0.6218124777390026 -1.6328390546327398 6.288556224711728 0.4461334920520032
6.437881213183263 1.099074600133365 -0.3568390204522487 0.02 0.6094334645597276 -1.6791049820552573 6.3065007220880585 0.4588289571138957
6.459706237111831 1.091251196428411 -0.3911701852477023 0.02 0.5958533216839327 -1.7165582397726808 6.324479595512322 0.4712016875327521
6.481360831375689 1.082729713192876 -0.42607416177675717 0.02 0.5811211149623132 -1.745198826452743 6.342490073335895 0.48322398593937405
6.502830875760884 1.0735022192597476 -0.4613746966564136 0.02 0.5652953819645995 -1.7650267439828227 6.360527106120452 0.4948695272354664
6.524102161931498 1.0635643085306956 -0.49689553645260176 0.02 0.548444841405584 -1.776041989809407 6.3785832969999525 0.5061136758644906
6.5451604639309915 1.052915099974694 -0.5324604278000855 0.02 0.5306488259659763 -1.7782445673741876 6.396648870164825 0.5169338165553417
6.5659916086835866 1.0415572376297533 -0.5678931172470314 0.02 0.5119973642187855 -1.7716344723472943 6.4147116854695 0.5273096882472144
6.586581546495611 1.0294968906012336 -0.6030173514259829 0.02 0.4925908481896572 -1.7562117089475748 6.432757306207445 0.5372237088451681
6.606916421556874 1.0167437530631318 -0.6376568769050905 0.02 0.47253924341511033 -1.7319762739553823 6.4507691246566425 0.5466612764975567
6.626982642442015 1.0033110442570603 -0.6716354403035751 0.02 0.4519608261828143 -1.6989281699242298 6.4687285477249885 0.555611032488439
6.646766952611879 0.9892155084931797 -0.7047767881940281 0.02 0.4309804678229556 -1.6570673945226488 6.486615241253686 0.5640650707945972
6.666256500914867 0.9744774151493996 -0.7369046671890089 0.02 0.40972752331830287 -1.606393949749041 6.5044074281750826 0.5720190809788548
6.685438912088308 0.9591205586720886 -0.7678428238655499 0.02 0.3883334176355471 -1.5469078338270492 6.522082232037725 0.5794724137717169
6.704302357259815 0.9431722585753199 -0.797415004838431 0.02 0.36692905244919116 -1.4786090486440528 6.539616054382167 0.5864280625961619
6.7228356244486465 0.9266633594415818 -0.8254449566869049 0.02 0.3456421741474179 -1.401497592423695 6.556984972233678 0.5928925589635806
6.741028189067074 0.9096282309213777 -0.8517564260102084 0.02 0.3245948481688864 -1.3155734661651763 6.574165140959208 0.5988757846957671
6.758870284421739 0.8921047677332705 -0.8761731594053579 0.02 0.3039011742752039 -1.2208366697574746 6.591133187922697 0.6043907087295372
6.776352972215016 0.8741343896638387 -0.8985189034715901 0.02 0.28366535390146846 -1.1172872033116121 6.607866583785021 0.609453060367719
6.793468212992654 0.8557620388818687 -0.9186175390984985 0.02 0.26398018793833755 -1.0049317813454195 6.624343980677052 0.6140809538421467
6.810208926751131 0.8370356879238816 -0.9363175478993568 0.02 0.24492605706455395 -0.8850004400429157 6.640545499993189 0.6182944783515338
6.826568989599864 0.8180031424366518 -0.9516272743614884 0.02 0.22657044758072664 -0.7654863231065789 6.656452912471725 0.6221152595227583
6.842543170945321 0.7987090672728403 -0.9647037581905771 0.02 0.2089679794327966 -0.6538241914544329 6.672049711995127 0.6255660166630799
6.8581270630139946 0.779194603433675 -0.9757231919582665 0.02 0.19216081322555975 -0.5509716883844717 6.687321134942696 0.6286701454706023
6.873317010351031 0.7594973668518357 -0.9848618290919653 0.02 0.1761793519990709 -0.45693185668493896 6.702254137278318 0.6314513376041665
6.888110039318873 0.7396514483920757 -0.9922959229879957 0.02 0.1610431584733688 -0.37170469480152235 6.716837335566903 0.6339332432198042
6.902503787595895 0.7196874138510889 -0.9982017270493415 0.02 0.1467620117601117 -0.2952902030672888 6.731060918521136 0.6361391797102315
6.916496433675041 0.6996323039573316 -1.002755494687868 0.02 0.13333703532591015 -0.22768838192632757 6.74491653599563 0.6380918874624157
6.930086626362465 0.6795096343712004 -1.006133479306559 0.02 0.12076183949020608 -0.1688992309345494 6.758397171519439 0.639813331370036
6.943273414276167 0.6593393956850768 -1.0085119343061777 0.02 0.10902363372144719 -0.118922749980932 6.771497003996155 0.6413245453835923
6.956056175344631 0.6391380534231939 -1.0100671130941485 0.02 0.09810427600192706 -0.07775893939854228 6.7842112634138445 0.6426455163612421
6.968434546305462 0.6189185480415915 -1.0109752690801166 0.02 0.08798123765627158 -0.04540779929840255 6.796536084305373 0.643795102860723
6.980408352204028 0.5986902949282946 -1.011412655664845 0.02 0.07862847119554223 -0.021869329236423596 6.8084683599665246 0.6447909842861949
6.991977535896622 0.578459184629665 -1.0115555149314837 0.02 0.0700171761281167 -0.007142963331929764 6.82000559974533 0.6456496358301238
7.003142092398407 0.5582278250892525 -1.011567977020622 0.02 0.062116460280029095 -6.231044569204869E-4 6.831145795537839 0.6463863251377311
7.013902054589101 0.5379981095347208 -1.011485777726584 0.02 0.05489387202399976 0.004109964701903834 6.841887345184435 0.6470151290123893
7.024257549205919 0.5177747308409142 -1.0111689346903319 0.02 0.048315812204550834 0.015842151812606176 6.852229052048549 0.6475489651628631
7.034208867185124 0.4975658989602394 -1.0104415940337397 0.02 0.04234788387783567 0.036367032829609514 6.862170145336902 0.6479996312668606
7.043756534163395 0.4773833489135626 -1.0091275023338397 0.02 0.03695519918162027 0.06570458499499665 6.871710306503619 0.6483778490185585
7.052901380979182 0.45724234078932113 -1.0070504062120733 0.02 0.03210265051226019 0.10385480608832154 6.8808497015636 0.6486933122627598
7.061644614174073 0.4371616597445449 -1.0040340522388114 0.02 0.027755152693103635 0.15081769866309713 6.889589018621768 0.648954738426826
7.069987886494153 0.41716361600401264 -0.9999021870266134 0.02 0.02387786162112815 0.2065932606098997 6.897929510312249 0.649169922579074
7.0779333673913705 0.3972740448608736 -0.9944785571569525 0.02 0.020436373975607214 0.27118149348304144 6.905873040620453 0.6493457935009157
7.085483813524895 0.37752230667624787 -0.9875869092312861 0.02 0.017396911454602593 0.34458239628332166 6.9134221356666625 0.6494884712083345
7.092642639262482 0.35794128687931526 -0.9790509898466304 0.02 0.014726492029328964 0.42679596923278496 6.9205800378756415 0.6496033253805434
7.099413987181831 0.33856739596744845 -0.9686945455933405 0.02 0.012393089617812714 0.5178222126644982 6.927350763191193 0.6496950341714189
7.105802798571954 0.3194405695061686 -0.9563413230639917 0.02 0.010365782745443253 0.6176611264674392 6.933739160876131 0.6497676428805086
7.111814883934505 0.3006042681275467 -0.9418150689310956 0.02 0.008614891968565741 0.726312706644805 6.939750975459912 0.649824621963951
7.117456991428358 0.28210537469264274 -0.9249446717451981 0.02 0.007112105676862934 0.8435198592948723 6.945392908492211 0.6498689238576848
7.1227368375153155 0.263992304347882 -0.9056535172380364 0.02 0.005830600854374368 0.9645577253580839 6.950672644007177 0.6499030379203412
7.127663061037572 0.2463111761128456 -0.8840564117518213 0.02 0.004745159544907618 1.0798552743107592 6.955598798646292 0.6499290431105536
7.132245153341765 0.22910461520964098 -0.8603280451602302 0.02 0.0038322593698487117 1.1864183295795527 6.96018084880734 0.6499486585009677
7.136493387777613 0.21241172179240486 -0.834644670861806 0.02 0.00307013227777142 1.2841687149212078 6.96442905794239 0.6499632910932408
7.140418749196555 0.19626807094708099 -0.8071825422661938 0.02 0.0024387935026460306 1.3731064297806128 6.968354404466075 0.6499740803233788
7.144032863450386 0.18070571269155344 -0.7781179127763771 0.02 0.0019200430855219608 1.4532314744908348 6.971968510137671 0.6499819388369596
7.147347926889898 0.16575317197560224 -0.7476270357975601 0.02 0.0014974425187666007 1.5245438489408514 6.975283568735922 0.6499875892887158
7.150376635863516 0.1514354486809033 -0.7158861647349468 0.02 0.001156269230300322 1.5870435531306626 6.978312275043619 0.6499915970735464
7.153132116215935 0.13777401762093966 -0.6830715529981823 0.02 8.834518148416737E-4 1.6407305868382238 6.981067753963899 0.6499943990240488
7.15562785278676 0.12478682854126788 -0.649359453983589 0.02 6.674890066235561E-4 1.6856049507296689 6.9835634897848085 0.6499963282150374
7.1578776189091435 0.11248830611916283 -0.6149261211052526 0.02 4.983554628527065E-4 1.7216666439168193 6.9858132555243095 0.6499976350972009
7.159895405908421 0.1008893499638841 -0.5799478077639364 0.02 3.6739742201336023E-4 1.748915667065809 6.987831042334824 0.6499985052422301
7.161695352600755 0.08999733461667603 -0.5446007673604036 0.02 2.672212394671525E-4 1.767352020176638 6.989630988936872 0.6499990740214759
7.163291674791764 0.07981610955045682 -0.5090612533109606 0.02 1.9157767544486504E-4 1.77697570247215 6.991227311086762 0.6499994385621007
7.164698594775167 0.07034599917017381 -0.47350551901415017 0.02 1.352446298698573E-4 1.7777867148405235 6.99263423105146 0.6499996673306264
7.165930270831422 0.061583802812714694 -0.4381098178729559 0.02 9.391078247561468E-5 1.769785057059714 6.993865907099382 0.6499998076868281
7.167000726726357 0.05352279474677424 -0.4030504032970228 0.02 6.406232248512556E-5 1.7529707287966545 6.994936362991059 0.6499998917336051
7.167923781209818 0.046152724173031956 -0.3685035286871141 0.02 4.287464390462237E-5 1.7273437304954342 6.995859417473503 0.6499999407632763
7.1687129775142955 0.03945981522388564 -0.3346454474573157 0.02 2.8110554983029612E-5 1.6929040614899193 6.996648613777438 0.6499999685704837
7.169381512853573 0.03342676696389546 -0.30165241299950907 0.02 1.8026212472432857E-5 1.649651722890333 6.997317149116559 0.6499999838685868
7.16994216792136 0.02803275338933986 -0.26970067872778003 0.02 1.1285653638060111E-5 1.5975867135864519 6.997877804184455 0.6499999920122838
7.170407236389926 0.023253423428304387 -0.2389664980517736 0.02 6.884470987678082E-6 1.5367090338003209 6.9983428726530095 0.649999996195598
7.170788454408748 0.01906090094108137 -0.2096261243611508 0.02 4.082864896171046E-6 1.4670186845311406 6.998724090671866 0.6499999982629858
7.171096930103138 0.015423784719503786 -0.18185581107887927 0.02 2.3480246979512565E-6 1.3885156641135765 6.999032566366343 0.649999999242629
7.17134307307289 0.012307148487611386 -0.15583181159462 0.02 1.3055353864643848E-6 1.3011999742129632 6.99927870933609 0.6499999996860515
7.171536523890913 0.009672540901117799 -0.13173037932467935 0.02 6.992896234847557E-7 1.205071613497033 6.999472160154144 0.6499999998769455
7.171686083601866 0.00747798554767698 -0.10972776767204095 0.02 3.5920744761996914E-7 1.1001305826319197 6.999621719865138 0.6499999999547005
7.171799643414718 0.005677990642594111 -0.08999974525414345 0.02 1.7593109041813548E-7 0.9864011208948753 6.999735279677987 0.6499999999844747
7.171884129790619 0.004224318795031934 -0.07268359237810884 0.02 8.156019254412783E-8 0.8658076438017304 6.999819766053909 0.6499999999950997
7.171945520894335 0.003069555185808426 -0.057738180461175403 0.02 3.546320953562443E-8 0.7472705958466719 6.999881157157636 0.6499999999985943
7.171988912704742 0.00216959052035115 -0.044998233272863786 0.02 1.4294909256307164E-8 0.6369973594155809 6.999924548968041 0.6499999999996392
7.172018589513213 0.001483840423555094 -0.03428750483980281 0.02 5.261454327776249E-9 0.5355364216530489 6.999954225776514 0.6499999999999186
7.172038094424974 9.752455880640554E-4 -0.02542974177455193 0.02 1.7328841694919106E-9 0.44288815326254394 6.9999737306882786 0.6499999999999826
7.172050299860469 6.102717747591413E-4 -0.018248690665245704 0.02 4.966897448888119E-10 0.35905255546531123 6.9999859361237755 0.6499999999999977
7.172057478056723 3.589098126699497E-4 -0.01256809810445958 0.02 1.190608722723141E-10 0.2840296280393062 6.99999311432003 0.6499999999999986
7.1720613715687 1.946755988413429E-4 -0.00821171069143034 0.02 2.2482737893625426E-11 0.21781937065146195 6.9999970078320075 0.6499999999999986
7.172063263770671 9.461009855549207E-5 -0.005003275014292541 0.02 3.038402862642897E-12 0.16042178385689 6.999998900033978 0.650000000000001
7.172064049357571 3.927934502101493E-5 -0.002766537676723857 0.02 2.4619195571062846E-13 0.1118368668784342 6.999999685620878 0.6499999999999994
7.172064304846366 1.2774439728246989E-5 -0.0013252452646383972 0.02 6.217248937900877E-15 0.07206462060427299 6.999999941109673 0.6500000000000001
7.172064359077408 2.7115520939702265E-6 -5.031443817138381E-4 0.02 6.283185307179583 0.041105044146227954 6.9999999953407155 0.6500000000000001
7.172064363715803 2.3191977227554617E-7 -1.2398161608473401E-4 0.02 6.2831853071795845 0.018958138281455206 6.99999999997911 0.6500000000000009
7.172064363736693 1.0444978215673473E-9 -1.1543763722698941E-5 0.02 6.2831853071795845 0.005621892618101754 7.0 0.6499999999999985
7.172064363736693 0.0 -5.2224891078367364E-8 0.02 6.2831853071795845 5.745769415810287E-4 7.0 0.6499999999999985
