2.666666666666667E-11 1.3333333333333335E-9 6.666666666666667E-8 0.02 0.0 3.3333333333333333E-6 2.6666666677509174E-11 0.0
8.533333333333335E-10 4.133333333333334E-8 2.0000000000000003E-6 0.02 0.0 9.666666666666668E-5 8.533333335416995E-10 0.0
6.479999999999999E-9 2.8133333333333326E-7 1.1999999999999995E-5 0.02 5.551115123125783E-17 4.999999999999998E-4 6.48000000159892E-9 0.0
2.730666666666667E-8 1.0413333333333335E-6 3.800000000000001E-5 0.02 4.440892098500626E-16 0.0013000000000000008 2.7306666673392735E-8 3.3087224502121107E-24
8.333333333333335E-8 2.801333333333334E-6 8.800000000000002E-5 0.02 4.163336342344337E-15 0.002500000000000001 8.333333335385272E-8 1.1249656330721176E-22
2.0735999999999997E-7 6.20133333333333E-6 1.699999999999998E-4 0.02 2.5757174171303632E-14 0.004099999999999988 2.0736000005106256E-7 1.7867101231145398E-21
4.4818666666666683E-7 1.2041333333333343E-5 2.9200000000000065E-4 0.02 1.2040368702059823E-13 0.006100000000000042 4.48186666777024E-7 1.7972980349552185E-20
8.738133333333335E-7 2.1281333333333332E-5 4.6199999999999947E-4 0.02 4.576894419017208E-13 0.008499999999999942 8.738133335484502E-7 1.3324887051494212E-19
1.5746399999999998E-6 3.504133333333331E-5 6.879999999999989E-4 0.02 1.4861445407632345E-12 0.011299999999999973 1.5746400003874043E-6 7.800114653028038E-19
2.6666666666666673E-6 5.4601333333333376E-5 9.780000000000032E-4 0.02 4.2622572138384385E-12 0.01450000000000021 2.6666666673216393E-6 3.7887783730684854E-18
4.294693333333333E-6 8.140133333333328E-5 0.0013399999999999953 0.02 1.1055101278856228E-11 0.018099999999999606 4.294693334383856E-6 1.5825963586499348E-17
6.635519999999999E-6 1.1704133333333331E-4 0.0017820000000000015 0.02 2.6390500895701052E-11 0.02210000000000031 6.635520001608071E-6 5.837115797766197E-17
9.901146666666668E-6 1.6328133333333344E-4 0.0023120000000000063 0.02 5.875816500022779E-11 0.026500000000000242 9.901146669018802E-6 1.9392522865855667E-16
1.4341973333333339E-5 2.2204133333333353E-4 0.002938000000000005 0.02 1.232861035482813E-10 0.031299999999999925 1.4341973336603728E-5 5.893892416220653E-16
2.0249999999999994E-5 2.9540133333333276E-4 0.0036679999999999612 0.02 2.4577923030122406E-10 0.03649999999999782 2.0250000004251144E-5 1.659013130052376E-15
2.7962026666666672E-5 3.8560133333333387E-4 0.004510000000000056 0.02 4.686308008317042E-10 0.04210000000000472 2.7962026671616292E-5 4.367969338005609E-15
3.786285333333334E-5 4.950413333333335E-4 0.00547199999999998 0.02 8.592474509683257E-10 0.048099999999996236 3.786285333785067E-5 1.0844569599960385E-14
5.038847999999999E-5 6.262813333333325E-4 0.006561999999999952 0.02 1.5217789250954183E-9 0.054499999999998605 5.038848000829943E-5 2.5560188189090172E-14
6.602930666666667E-5 7.82041333333334E-4 0.007788000000000071 0.02 2.6131201091850187E-9 0.061300000000005926 6.60293066800614E-5 5.751460438008053E-14
8.533333333333335E-5 9.652013333333341E-4 0.009158000000000006 0.02 4.364348493712811E-9 0.06849999999999677 8.533333334096681E-5 1.2414270051394963E-13
1.0890935999999998E-4 0.0011788013333333314 0.010679999999999863 0.02 7.108985955461833E-9 0.07609999999999284 1.0890936002219764E-4 2.580816284422291E-13
1.3743018666666665E-4 0.0014260413333333334 0.012362000000000104 0.02 1.1319722104108365E-8 0.08410000000001203 1.3743018668910769E-4 5.185654423228714E-13
1.7163581333333336E-4 0.0017102813333333355 0.0142120000000001 0.02 1.7655516160175466E-8 0.09249999999999979 1.7163581334848506E-4 1.0101264171901575E-12
2.1233663999999997E-4 0.0020350413333333306 0.016237999999999756 0.02 2.702130186271745E-8 0.10129999999998282 2.1233664002372356E-4 1.9125846062060733E-12
2.6041666666666666E-4 0.0024040013333333347 0.018448000000000204 0.02 4.06428583010765E-8 0.11050000000002239 2.604166666941831E-4 3.5281325522782195E-12
3.168366933333334E-4 0.0028210013333333354 0.020850000000000035 0.02 6.01597829330558E-8 0.12009999999999156 3.1683669339566145E-4 6.353842568729805E-12
3.8263752000000016E-4 0.0032900413333333393 0.023452000000000195 0.02 8.773990428645462E-8 0.130100000000008 3.826375200498177E-4 1.1191356787685139E-11
4.5894314666666684E-4 0.003815281333333334 0.026261999999999727 0.02 1.262189161521654E-7 0.1404999999999766 4.5894314675463005E-4 1.931013064292858E-11
5.469639733300074E-4 0.00440104133316703 0.029287999991684813 0.02 1.7926948514546126E-7 0.1512999995842543 5.46963973430535E-4 3.268672450220354E-11
6.47999895403727E-4 0.005051796103685977 0.03253773852594736 0.02 2.5160451977424003E-7 0.16248692671312728 6.479998954721146E-4 5.435065353505408E-11
7.6344160937347E-4 0.005772085698487151 0.03601447974005867 0.02 3.49218272743812E-7 0.1738370607055655 7.634416095094759E-4 8.887712424745023E-11
8.947684643365353E-4 0.0065663427481532635 0.03971285248330564 0.02 4.796673864770895E-7 0.18491863716234846 8.947684644847559E-4 1.4307859812299345E-10
0.0010435452864840365 0.007438841107375061 0.043624917961089874 0.02 6.523963027582624E-7 0.19560327388921175 0.0010435452866626967 2.2696249247404834E-10
0.0012114191791009021 0.008393694630843282 0.04774267617341107 0.02 8.791115373996128E-7 0.2058879106160597 0.0012114191792699945 3.5504072045614704E-10
0.0014001163225658764 0.009434857173248715 0.05205812712027165 0.02 1.174208839938018E-6 0.21577254734302906 0.0014001163228524688 5.48098595697967E-10
0.0016114387743515167 0.010566122589282013 0.05656327080166487 0.02 1.5552571479560129E-6 0.22525718406966114 0.0016114387746771416 8.355565650182764E-10
0.0018472612690241994 0.011791124733634134 0.06125010721760608 0.02 2.043543107121959E-6 0.23434182079706023 0.0018472612692553906 1.2585886396661652E-9
0.0021095280182441122 0.01311333746099564 0.06611063636807529 0.02 2.6646797395279975E-6 0.24302645752346078 0.0021095280184237606 1.8741966419577247E-9
0.0024002495107652588 0.014536074626057327 0.07113685825308434 0.02 3.449282616585503E-6 0.25131109425045245 0.0024002495111833844 2.7604798564194455E-9
0.0027214993124354586 0.016062490083509993 0.07632077287263328 0.02 4.433716620233508E-6 0.25919573097744686 0.0027214993128713274 4.023385685811981E-9
0.0030754108661963458 0.017695577688044355 0.08165438022671809 0.02 5.6609160800080716E-6 0.26668036770424036 0.0030754108668076905 5.8052787824287855E-9
0.003464174292083367 0.01943817129435106 0.08712968031533534 0.02 7.181280696877401E-6 0.2737650044308627 0.003464174292770952 8.29572400638974E-9
0.003890033187225791 0.0212929447571212 0.09273867313850694 0.02 9.053649313250922E-6 0.2804496411585797 0.003890033187943177 1.1744942743406941E-8
0.004355281425846694 0.023262411931045134 0.09847335869619667 0.02 1.1346353136265641E-5 0.2867342778844865 0.00435528142641681 1.648047253440671E-8
0.004862259959262971 0.02534892667081386 0.10432573698843632 0.02 1.413834958896576E-5 0.2926189146119827 0.00486225995973485 2.29276367448919E-8
0.005413353615885332 0.02755468283111807 0.11028780801521053 0.02 1.75204374577298E-5 0.29810355133871036 0.00541335361669572 3.163451396800618E-8
0.006010987901218301 0.029881714266648436 0.11635157177651827 0.02 2.1596553491154413E-5 0.30318818806538694 0.006010987902135964 4.3302185801473436E-8
0.006657625797860213 0.0323318948320956 0.12250902827235823 0.02 2.6485150090238552E-5 0.3078728247919979 0.00665762579870664 5.8821136419105746E-8
0.00735576456550323 0.034906938382150844 0.12875217750276216 0.02 3.23206530999931E-5 0.31215746152019674 0.007355764565837918 7.931477711978566E-8
0.008107932540933319 0.037608398771504445 0.13507301946768002 0.02 3.9254998190796364E-5 0.3160420982458931 0.008107932541179388 1.0619117386291566E-7
0.008916685938030262 0.04043766985484713 0.1414635541671344 0.02 4.7459243609049295E-5 0.31952673497271933 0.008916685937081018 1.412041641048363E-7
0.009784605647767662 0.043395985486870035 0.1479157816011451 0.02 5.7125256643586475E-5 0.32261137170053467 0.009784605646242686 1.8652516180868092E-7
0.01071429403821293 0.04648441952226339 0.1544217017696678 0.02 6.846747017430488E-5 0.3252960084261347 0.010714294034784527 2.448270621817003E-7
0.011708371754527297 0.04970388581571833 0.1609733146727469 0.02 8.172470549028255E-5 0.3275806451539548 0.01170837174806783 3.193817748430028E-7
0.01276947451896581 0.05305513822192569 0.16756262031036792 0.02 9.716205645710074E-5 0.32946528188105145 0.012769474509458258 4.141730272832697E-7
0.01390024993087733 0.056538770595575966 0.1741816186825139 0.02 1.1507282964418053E-4 0.3309499186072984 0.013900249914533298 5.340261946002595E-7
0.015103354266704528 0.06015521679135988 0.1808223097891956 0.02 1.3578053471058338E-4 0.33203455533408616 0.015103354241328321 6.847570246104606E-7
0.016381449279983876 0.0639047506639674 0.18747669363037636 0.02 1.5964091786158097E-4 0.3327191920590375 0.016381449241436887 8.733412281431568E-7
0.017737199001345714 0.0677874860680919 0.1941367702062248 0.02 1.870440314991062E-4 0.33300382879242196 0.017737198941032473 1.1081070099821372E-6
0.019173266538514144 0.07180337685842152 0.20079453951648077 0.02 2.1841633222746681E-4 0.3328884655127984 0.019173266450276963 1.3989527064012935E-6
0.020692310876307105 0.07595221688964804 0.2074420015613261 0.02 2.542227979758227E-4 0.3323731022422671 0.02069231074627786 1.7575917690710458E-6
0.022296983676636344 0.08023364001646191 0.21407115634069357 0.02 2.9496905631382075E-4 0.3314577389683729 0.022296983485162934 2.1978274214341093E-6
0.02398992607850743 0.08464712009355439 0.22067400385462413 0.02 3.412035135652025E-4 0.330142375696528 0.023989925801807106 2.735859353003925E-6
0.02577376549801974 0.08919197097561546 0.2272425441030533 0.02 3.93519474633397E-4 0.3284270124214589 0.025773765102398594 3.3906248621175944E-6
0.027651112428366466 0.09386734651733626 0.23376877708604013 0.02 4.525572433505265E-4 0.3263116491493412 0.0276511118641916 4.184176883676935E-6
0.02962455723983462 0.09867224057340772 0.24024470280357285 0.02 5.190061924526534E-4 0.32379628587663606 0.02962455644146937 5.142101337743399E-6
0.031696666979805034 0.1036054869985207 0.24666232125564874 0.02 5.936067913901444E-4 0.3208809226037945 0.03169666586255758 6.29397620569537E-6
0.03386998217275234 0.1086657596473653 0.25301363244223035 0.02 6.771525801948508E-4 0.3175655593290805 0.03386998061815523 7.673874696684582E-6
0.03614701362024499 0.11385157237463264 0.2592906363633671 0.02 7.704920785545633E-4 0.3138501960568363 0.0361470114700054 9.320914814920159E-6
0.038530239200945275 0.11916127903501411 0.26548533301907346 0.02 8.745306166053068E-4 0.3097348327853189 0.03853023624142419 1.1279857499895199E-5
0.04102210067060923 0.12459307348319758 0.2715897224091733 0.02 9.902320767517514E-4 0.30521946950499146 0.0410220966298036 1.3601755429006046E-5
0.043625000462086824 0.13014498957387988 0.2775958045341149 0.02 0.001118620531304182 0.3003041062470818 0.04362499497639273 1.6344654327173774E-5
0.04634129848532174 0.13581490116174563 0.2834955793932878 0.02 0.0012607817672364297 0.2949887429586434 0.04634129107838115 1.957434855495016E-5
0.049173308927351514 0.14160052210148882 0.28928104698715956 0.02 0.0014178646829381414 0.2892733796935887 0.04917329897947259 2.3365192394680934E-5
0.052123297052307484 0.14749940624779848 0.2949442073154826 0.02 0.0015910825458350653 0.2831580164161518 0.05212328376558055 2.7800968259987513E-5
0.05519347600141481 0.15350894745536636 0.30047706037839433 0.02 0.0017817140977809953 0.2766426531455868 0.05519345834869012 3.2975812703835844E-5
0.05838600359299247 0.15962637957888312 0.3058716061758379 0.02 0.0019911044976257952 0.2697272898721792 0.058385980262894314 3.899520081478147E-5
0.06170297912245326 0.16584877647303936 0.311119844707812 0.02 0.002220666087148493 0.2624119265987046 0.06170294843829759 4.5976989119837774E-5
0.0651464401623038 0.17217305199252672 0.316213775974368 0.02 0.002471878971990804 0.2546965633277998 0.06514640000045216 5.405251683537893E-5
0.06871835936214446 0.17859595999203323 0.32114539997532554 0.02 0.0027462914031201047 0.24658120004787676 0.06871830704289184 6.336776466807359E-5
0.07242064124866954 0.18511409432625386 0.3259067167110316 0.02 0.0030455199501386865 0.23806583678530335 0.07242057340479893 7.408457002266652E-5
0.07625511902566703 0.19172388884987485 0.3304897261810491 0.02 0.003371249455460301 0.2291504735008748 0.07625503144320774 8.638189686423561E-5
0.08022355137401885 0.19842161741759068 0.33488642838579163 0.02 0.003725232760406594 0.21983511023712654 0.08022343881006277 1.0045715796709251E-4
0.0843276192517006 0.20520339388408748 0.33908882332484014 0.02 0.004109290191167625 0.2101197469524252 0.08432747520321499 1.1652758653838899E-4
0.08856892269378189 0.2120651721040645 0.3430889109988511 0.02 0.004525308797684036 0.20000438370054718 0.08856873911742276 1.348316537284483E-4
0.09294897761242596 0.2190027459322036 0.3468786914069544 0.02 0.004975241339371217 0.1894890204051647 0.09294874461621463 1.556305279169362E-4
0.09746921259769813 0.22601174926360837 0.3504501665702389 0.02 0.005461105003746525 0.17857375816422716 0.0974689180618766 1.7920957059045645E-4
0.10213096603536635 0.23308767188341128 0.3537961309901458 0.02 0.005984979888418673 0.1672982209953433 0.1021305951438731 2.058798650734564E-4
0.10693548584898935 0.24022599068114978 0.35691593988692455 0.02 0.006549007538671492 0.1559904448389382 0.1069350206102623 2.3597978863561936E-4
0.11188393221107433 0.2474223181042491 0.3598163711549668 0.02 0.0071553896461359345 0.1450215634021118 0.11188335080153704 2.6987663325053063E-4
0.11697738073994086 0.2546724264433267 0.3625054169538802 0.02 0.007806386730380754 0.13445228994567182 0.11697665680328687 3.0796826559974233E-4
0.12221682569972095 0.2619722479890042 0.36499107728387437 0.02 0.008504316741707318 0.12428301649970719 0.12221592751783854 3.506848206101809E-4
0.1276031832003589 0.2693178750318978 0.36728135214467994 0.02 0.00925155360786789 0.11451374304027873 0.12760207275661395 3.984904268655304E-4
0.1331372943976114 0.276705559862625 0.36938424153636074 0.02 0.010050525716974068 0.10514446958403978 0.13313592621876938 4.5188496047113974E-4
0.13881992869304752 0.2841317147718056 0.3713077454590291 0.02 0.010903714382477336 0.09617519613341896 0.13881824861348685 5.114058274400951E-4
0.14465178693404865 0.29159291205005655 0.37305986391254764 0.02 0.011813652261440322 0.08760592267592626 0.14464973064080458 5.776297700902933E-4
0.1506335046138087 0.29908588398800257 0.3746485968973007 0.02 0.012782921749043719 0.07943664923765192 0.15063099594241217 6.511746961933712E-4
0.15676565507133383 0.3066075228762566 0.37608194441270115 0.02 0.013814153382213867 0.07166737577002369 0.15676260416520924 7.32701530929851E-4
0.16304875269144253 0.3141548810054351 0.37736790645892526 0.02 0.014910024200469774 0.06429810231120547 0.16304505376617812 8.229160854514306E-4
0.16948325610476575 0.32172517066616085 0.378514483036288 0.02 0.01607325615689037 0.05732882886813617 0.16947878507941008 9.225709471905458E-4
0.1760695713877468 0.32931576414905184 0.3795296741445492 0.02 0.01730661448304277 0.05075955541306021 0.17606418303927918 0.0010324673824719244
0.1828080552626413 0.3369241937447254 0.3804214797836769 0.02 0.018612906116277583 0.044590281956385924 0.18280158015461945 0.001153457258808041
0.18969901829751726 0.34454815174379816 0.3811978999536392 0.02 0.019994978111786688 0.03882100849811332 0.1896912592687642 0.0012864449792504284
0.19674272810625518 0.35218549043689595 0.38186693465488974 0.02 0.021455716078568 0.03345173506252852 0.1967334563163029 0.001432389431096956
0.20393941254854772 0.35983422211462723 0.382436583886564 0.02 0.022998042645153427 0.028482461583712038 0.20392836308836665 0.0015923059491573105
0.21128926292990002 0.3674925190676151 0.3829148476493932 0.02 0.024624915927824564 0.02391318814146115 0.2112761298729661 0.0017672682906997583
0.21879243720162964 0.3751587135864806 0.38330972594327606 0.02 0.026339328041259435 0.019743914694142495 0.21877686816452355 0.0019584106263897255
0.22644906316086647 0.38283129796184145 0.3836292187680418 0.02 0.028144303591289166 0.015974641238286624 0.2264306531773183 0.0021669295414723233
0.2342592416505527 0.39050892448431185 0.38388132612351966 0.02 0.03004289820309264 0.012605367773893539 0.23423752642599727 0.002394086053856756
0.24222304975944298 0.39819040544451373 0.38407404801009404 0.02 0.03203819701706395 0.009636094328718814 0.24219749810559607 0.0026412076428256326
0.25034054402210426 0.4058747131330642 0.3842153844275248 0.02 0.03413331325154312 0.007066820871537427 0.2503105497074233 0.0029096903022029635
0.25861176361891597 0.4135609798405854 0.3843133353760575 0.02 0.03633138663281149 0.004897547426635507 0.25857663610704396 0.0032010005956908116
0.2670367335760698 0.42124849785769025 0.38437590085524387 0.02 0.03863558190628891 0.0031282739593185838 0.2669956880254303 0.0035166777434098018
0.27561546796556985 0.4289367194750038 0.38441108086567644 0.02 0.041049087247281235 0.0017590005216283622 0.2755676141892551 0.003858335720197975
0.2843479731052325 0.4366252569831336 0.38442687540649056 0.02 0.04357511258681884 7.89727040706456E-4 0.2842923033371913 0.004227665369870584
0.2932342507552809 0.4443138825024201 0.38443127596432536 0.02 0.04621688795641138 2.2002789173969362E-4 0.2931696264881558 0.0046264365546013625
0.302274300815492 0.452002503010554 0.38443102540669516 0.02 0.048977661439833675 -1.2527881509960537E-5 0.3021994381414892 0.005056500282022258
0.3114681210313356 0.4596910107921792 0.384425389081261 0.02 0.051860696142046914 -2.818162717077577E-4 0.31138157479988143 0.005519790708592612
0.320815704101746 0.4673791535205196 0.38440713641701985 0.02 0.054869265931865474 -9.126332120579228E-4 0.32071585061067176 0.006018326952651268
0.3303170344798446 0.4750665189049319 0.38436826922061407 0.02 0.05800665060326715 -0.0019433598202889257 0.33020205263833485 0.006554214793570573
0.339972085172941 0.4827525346548178 0.3843007874942961 0.02 0.061276130507960325 -0.003374086315899305 0.33983993608004914 0.007129648253150073
0.34978081454253196 0.49043646847954925 0.3841966912365713 0.02 0.06468098057598215 -0.005204812886239196 0.3496292192942377 0.007746911032861292
0.3597431631043021 0.498117428088507 0.384047980447888 0.02 0.06822446372576557 -0.007435539434164085 0.35956957877402324 0.008408377793413246
0.3698590503281237 0.5057943611910809 0.38384665512869454 0.02 0.07190982364253573 -0.01006626595967397 0.3696606441138698 0.009116515259071312
0.38012837143805656 0.5134660554966419 0.3835847152780514 0.02 0.07574027679647272 -0.013096992532157792 0.3799019927258005 0.009873883107034659
0.390550994212348 0.5211311387145728 0.3832541608965456 0.02 0.07971900370054247 -0.016527719075287717 0.39029314443802676 0.01068313462314191
0.4011267557834333 0.5287880785542654 0.3828469919846256 0.02 0.08384913946696676 -0.02035844559600264 0.40083355623398376 0.011547017117714498
0.41185545943793517 0.5364351827250924 0.38235520854135174 0.02 0.0881337634190904 -0.024589172163691497 0.41152261659658085 0.012468372032257702
0.4227368714166638 0.5440705989364303 0.3817708105668949 0.02 0.09257588787990434 -0.02921989872284314 0.42235963989200564 0.013450134737780617
0.43377071771461734 0.5516923148976782 0.3810857980623972 0.02 0.09717844608389925 -0.03425062522488531 0.4333438607369936 0.014495333990570403
0.44495668088098134 0.5592981583182 0.3802921710260865 0.02 0.10194427910425596 -0.03968135181553478 0.4444744281702434 0.01560709099516494
0.45629439681912903 0.5668857969073848 0.37938192945924376 0.02 0.10687612182946443 -0.04551207834213589 0.45575039979213583 0.016788618052382603
0.4677834515866213 0.5744527383746145 0.37834707336148465 0.02 0.11197658795344534 -0.05174280488795535 0.46717073584543256 0.01804321675304743
0.4794233781952068 0.5819963304292741 0.3771796027329799 0.02 0.11724815396579674 -0.0583735314252376 0.4787342932511378 0.019374275680095032
0.4912136534108214 0.5895137607807299 0.37587151757279 0.02 0.12269314213761817 -0.06540425800949379 0.4904398196162545 0.020785267580892164
0.5031536945535892 0.5970020571383877 0.3744148178828899 0.02 0.12831370256048763 -0.07283498449500714 0.5022859473408632 0.02227974598496793
0.5152428562978211 0.6044580872115957 0.3728015036603971 0.02 0.13411179402778567 -0.08066571112463894 0.5142711873642016 0.02386134116752875
0.5274804274720166 0.6118785587097775 0.37102357490909066 0.02 0.14008916425185292 -0.08889643756532228 0.5263939235519597 0.025533755542165748
0.539865627858862 0.6192600193422715 0.3690730316247004 0.02 0.14624732889144376 -0.09752716421951302 0.5386524065461279 0.02730075829217793
0.5523976049952319 0.6265988568184944 0.36694187381114407 0.02 0.1525875499262518 -0.1065578906778164 0.5510447480996699 0.029166179329721098
0.5650754309721879 0.6338912988477996 0.36462210146526175 0.02 0.15911081321640064 -0.11598861729411603 0.5635689154150528 0.03113390248160275
0.5778980992349798 0.641133413139594 0.3621057145897222 0.02 0.16581780541561053 -0.12581934377697834 0.5762227256599146 0.03320785788558783
0.5908645213830448 0.6483211074032491 0.3593847131827532 0.02 0.17270889038146392 -0.13605007034844796 0.5890038407298915 0.035392013572531134
0.6039735239700075 0.6554501293481341 0.35645109724424806 0.02 0.1797840851393396 -0.14668079692525815 0.6019097621273618 0.03769036617807117
0.6172238453140736 0.6625160672033059 0.3532968927585922 0.02 0.18704303581598805 -0.15771022428279213 0.6149378264453162 0.04010693083882555
0.6306141330513106 0.6695143868618525 0.34991598292732906 0.02 0.19448499386447146 -0.16904549156315785 0.6280852016821203 0.04264573030763158
0.6441429449686673 0.6764405958678332 0.3463104502990366 0.02 0.20210879445739496 -0.18027663141462202 0.6413488872357966 0.04531078387874274
0.657808752021901 0.6832903526616863 0.3424878396926512 0.02 0.2099128369063193 -0.1911305303192723 0.6547257166264299 0.04810609609636207
0.6716099415354877 0.6900594756793332 0.33845615088234915 0.02 0.21789506604261955 -0.20158444051510127 0.6682123605449162 0.05103564485920106
0.6855448204026217 0.696743943356698 0.33422338386823736 0.02 0.22605295514007828 -0.21163835070558967 0.6818053308023311 0.054103369072459856
0.6996116182852159 0.703339894129712 0.32979753865070016 0.02 0.2343834901925811 -0.22129226087685971 0.6955009844216025 0.057313155725803644
0.7138084908139021 0.7098436264343089 0.3251866152298444 0.02 0.2428831562391978 -0.23054617104278918 0.7092955285967788 0.0606688265976216
0.72813352278803 0.7162515987063967 0.32039861360438904 0.02 0.2515479258136972 -0.23940008127276702 0.7231850261831849 0.06417412457087152
0.7425847313756686 0.7225604293819299 0.3154415337766614 0.02 0.2603732498446957 -0.24785399138638198 0.7371654018067146 0.06783269964266678
0.757160069313605 0.7287668968968208 0.3103233757445478 0.02 0.2693540513480497 -0.25590790160567867 0.7512324487019538 0.0716480947297233
0.7718574281073449 0.734867939686995 0.30505213950871024 0.02 0.27848472216876535 -0.2635618117918792 0.7653818362634701 0.07562373135249228
0.7866746412311125 0.7408606561883802 0.29963582506925546 0.02 0.2877591229896195 -0.2708157219727392 0.7796091182580912 0.07976289527737379
0.8016094873278508 0.7467423048369115 0.29408243242656784 0.02 0.29717058693691867 -0.2776696321343808 0.7939097418531225 0.08406872226409856
0.8166596934092212 0.752510304068521 0.28839996158047665 0.02 0.30671192689556487 -0.2841235423045596 0.8082790573176943 0.08854418399221456
0.8318229380556037 0.7581622323191262 0.282596412530256 0.02 0.3163754467135097 -0.2901774525110312 0.8227123284159157 0.09319207429016732
0.8470968546160966 0.7636958280246464 0.2766797852760128 0.02 0.3261529564663993 -0.29583136271216226 0.83720474355357 0.09801499581444575
0.8624790344085174 0.7691089896210368 0.27065807981951906 0.02 0.3360357917682066 -0.301085272824686 0.8517514275315424 0.10301534726639375
0.8779670299194013 0.7743997755441989 0.2645392961581061 0.02 0.34601483718004106 -0.30593918307064705 0.8663474539374254 0.10819531129269486
0.8935583580040027 0.7795664042300698 0.2583314342935461 0.02 0.35608055365276825 -0.3103930932280008 0.8809878581143464 0.11355684318999143
0.9092505030862943 0.7846072541145777 0.2520424942253907 0.02 0.36622300984149575 -0.31444700340776954 0.8956676505906218 0.11910166051256998
0.9250409203589676 0.7895208636336637 0.24568047595430187 0.02 0.3764319171231712 -0.31810091355444214 0.9103818309328687 0.12483123370658358
0.9409270389834319 0.7943059312232159 0.23925337947761083 0.02 0.3866966680574824 -0.32135482383455205 0.9251254019398146 0.13074677787500558
0.9569062652898161 0.7989613153192132 0.2327692047998653 0.02 0.39700637797882904 -0.3242087338872768 0.9398933841034429 0.13684924577507182
0.9729759859769673 0.8034860343575589 0.2262359519172863 0.02 0.40734992926730956 -0.32666264412894996 0.9546808301438049 0.14313932209106825
0.9891335713124507 0.8078792667741697 0.21966162083053575 0.02 0.41771601794659835 -0.328716554337527 0.9694828396400433 0.14961741910093038
1.0053763783325504 0.8121403510049863 0.2130542115408307 0.02 0.428093202047876 -0.3303704644852523 0.9842945735438318 0.1562836737464335
1.021701754042269 0.8162687854859296 0.20642172404716774 0.02 0.43846995125345267 -0.3316243746831482 0.9991112685202171 0.16313794616558402
1.038107038615328 0.8202642286529449 0.1997721583507639 0.02 0.4488346972592073 -0.33247828482019237 1.0139282509926622 0.17017981970149573
1.0545895685941666 0.824126498941935 0.19311351444950553 0.02 0.4591758842690072 -0.33293219506291827 1.0287409507562595 0.17740860237605569
1.0711466800899436 0.8278555747888494 0.1864537923457199 0.02 0.46948201909184084 -0.3329861051892813 1.0435449141144355 0.18482332984071784
1.0877757119825355 0.8314515946295953 0.17980099203729338 0.02 0.4797417202230171 -0.33264001542132604 1.0583358163603078 0.1924227697329574
1.1044740091205378 0.8349148569001152 0.1731631135259981 0.02 0.48994376542220575 -0.3318939255647635 1.0731094735904971 0.20020542742703681
1.121238925521265 0.8382458200363541 0.1665481568119409 0.02 0.5000771372385131 -0.33074783570286037 1.087861853713765 0.20816955308701815
1.1380678275707485 0.8414451024741809 0.1599641218913428 0.02 0.5101310660298992 -0.3292017460299057 1.1025890866070338 0.2163131499547625
1.1549580972237403 0.8445134826495893 0.1534190087704168 0.02 0.5200950700561425 -0.32725565604629914 1.1172874733568476 0.22463398378089006
1.1719071352037096 0.8474518989984636 0.14692081744371865 0.02 0.5299589922955728 -0.32490956633490775 1.1319534945572403 0.23312959330800279
1.1889123642028445 0.8502614499567462 0.1404775479141307 0.02 0.539713033661581 -0.3221634764793979 1.1465838175938323 0.2417973016766072
1.2059712320820521 0.8529433939603814 0.13409720018175975 0.02 0.5493477823982804 -0.3190173866185475 1.161175302911545 0.25063422864743556
1.2230812150709576 0.8554991494452713 0.12778777424449217 0.02 0.5588542395024283 -0.3154712968633788 1.1757250092779234 0.25963730353266923
1.2402398209679044 0.8579302948473422 0.121557270103545 0.02 0.5682238400738396 -0.3115252070473584 1.1902301980498555 0.2688032787178952
1.2574445923399555 0.860238568602556 0.11541368776069039 0.02 0.5774484705008489 -0.3071791171427307 1.204688336368275 0.2781287435949257
1.2746931097228915 0.862425869146799 0.10936502721214936 0.02 0.5865204816228489 -0.30243302742705147 1.2190970994848862 0.28761013889617626
1.291982994821212 0.8644942549160262 0.1034192884613594 0.02 0.595432697842265 -0.2972869375394982 1.2334543720868663 0.29724377120736356
1.309311913708135 0.8664459443461503 0.09758447150620686 0.02 0.6041784223911134 -0.29174084775762665 1.247758248774721 0.30702582761599106
1.3266775800255972 0.8682833158731085 0.09186857634790879 0.02 0.612751438895831 -0.2857947579149034 1.2620070336918947 0.3169523903551824
1.3440777581842538 0.8700089079328288 0.08627960298601689 0.02 0.6211460094969984 -0.2794486680945951 1.2761992394330455 0.3270194513913613
1.361510266563478 0.8716254189612083 0.08082555141897263 0.02 0.6293568697168076 -0.272702578352213 1.290333585209618 0.337222926807523
1.3789729807113629 0.8731357073942458 0.07551442165187883 0.02 0.637379220375158 -0.26555648835469015 1.3044089943935082 0.3475586709363151
1.396463836544719 0.8745427916678095 0.07035421367818095 0.02 0.6452087168265157 -0.2580103986848936 1.3184245914896362 0.35802249015688914
1.4139808335490756 0.8758498502178247 0.06535292750076138 0.02 0.6528414558760043 -0.25006430887097864 1.3323796987291727 0.3686101563834083
1.4315220379786808 0.8770602214802636 0.060518563121947366 0.02 0.660273960528902 -0.24171821894070078 1.3462738321054555 0.3793174200063166
1.449085586056501 0.8781774038910117 0.05585912053740483 0.02 0.6675031629864392 -0.23297212922712696 1.3601066971334466 0.39014002239464374
1.4666696871742213 0.879205055886012 0.051382599750016134 0.02 0.674526386172337 -0.22382603936943468 1.3738781844115644 0.4010737079357919
1.4842726270922453 0.8801469959011987 0.047097000759332985 0.02 0.6813413239518147 -0.2142799495341574 1.387588364838619 0.4121142354162652
1.501892771139695 0.8810072023724858 0.04301032356435197 0.02 0.6879460204547351 -0.20433385974905072 1.4012374848434945 0.4232573889522555
1.5195285674144117 0.8817898137358338 0.03913056816740035 0.02 0.694338848613552 -0.19398776984758115 1.4148259614363214 0.4344989882577438
1.5371785499829536 0.8824991284270944 0.03546573456303381 0.02 0.7005184882176094 -0.18324168021832676 1.4283543772935636 0.4458348983652455
1.554841342024704 0.8831396020875237 0.032023683021464855 0.02 0.7064839036198793 -0.1721025770784479 1.4418234757911192 0.4572610386819899
1.5725156575640684 0.8837157769682191 0.028808744034769518 0.02 0.7122343209226749 -0.16074694933476685 1.455234155174721 0.4687733906353536
1.590200299682963 0.8842321059447267 0.02581644882537759 0.02 0.717769204135539 -0.14961476046959632 1.4685874600424826 0.48036800221723147
1.6078941573716785 0.8846928844357782 0.02303892455257639 0.02 0.7230882315436182 -0.1388762136400601 1.4818845722409388 0.492040991076264
1.6255962023288804 0.8851022478600923 0.02046817121570399 0.02 0.7281912727936258 -0.12853766684362 1.495126802001681 0.5037885468514434
1.643305485761611 0.8854641716365297 0.01809618882187003 0.02 0.7330783668146703 -0.11859911969169801 1.5083155793791652 0.5156069328201837
1.6610211351852853 0.8857824711837159 0.015914977359310356 0.02 0.737749700673134 -0.10906057312798367 1.5214524460655303 0.5274924869564452
1.6787423512236967 0.886060801920574 0.013916536842906169 0.02 0.7422055894138003 -0.09992202582020937 1.5345390475901168 0.5394416224406297
1.6964684044090113 0.8863026592657253 0.012092867257562645 0.02 0.7464464568881077 -0.09118347926717618 1.5475771257974646 0.5514508275606749
1.7141986319817721 0.8865113786380441 0.010435968615940538 0.02 0.7504728176385476 -0.08284493208110533 1.5605685117220987 0.563516665148905
1.731932434690896 0.8866901354561918 0.008937840907385919 0.02 0.7542852598495259 -0.07490638542773098 1.5735151188640608 0.5756357716012124
1.7496692735936767 0.8868419451390386 0.007590484142339093 0.02 0.7578844293202984 -0.06736783825234127 1.5864189367071755 0.5878048553732946
1.7674086668557811 0.8869696631052193 0.006385898309035909 0.02 0.7612710145063766 -0.060229291665159224 1.5992820246354975 0.6000206951399051
1.785150186551254 0.8870759847736442 0.005316083421247342 0.02 0.764445732597504 -0.05349074438942836 1.6121065061899882 0.6122801376079532
1.802893455462513 0.887163445562944 0.004373039464988793 0.02 0.7674093165906929 -0.047152197812927454 1.6248945635624723 0.6245800949281768
1.8206381438803525 0.8872344208919802 0.003548766451810792 0.02 0.770162503369084 -0.041213650658900036 1.6376484324399136 0.6369175418554335
1.838383966403941 0.8872911261794236 0.0028352643721696325 0.02 0.7727060227468107 -0.035675103982057976 1.6503703971480106 0.6492895126531149
1.8561306787408245 0.887335616844176 0.0022245332376158444 0.02 0.7750405874313382 -0.0305365567276894 1.6630627859794034 0.6616930976723054
1.8738780745069203 0.8873697883047926 0.0017085730308341596 0.02 0.7771668839106493 -0.025798010339084243 1.6757279668692733 0.674125439805041
1.891625982026526 0.8873953759802822 0.0012793837744773384 0.02 0.7790855641955441 -0.021459462817841057 1.6883683432074463 0.6865837306475231
1.9093742611323095 0.8874139552891736 9.289654445687745E-4 0.02 0.7807972384181556 -0.017520916495428196 1.700986349933422 0.6990652065559411
1.927122799965318 0.8874269416504266 6.493180626510053E-4 0.02 0.7823024682338634 -0.013982369095888458 1.7135844497585508 0.7115671444812511
1.9448715117749706 0.8874355904826325 4.3244161029853956E-4 0.02 0.783601761019991 -0.010843822617623289 1.726165129642706 0.7240868577468429
1.9626203317190651 0.8874409972047248 2.703361046130226E-4 0.02 0.78469556482292 -0.008105275284275848 1.7387308973394646 0.736621691622491
1.980369213663771 0.8874440972352904 1.5500152827918612E-4 0.02 0.7855842640480685 -0.005766728816691824 1.7512842781240785 0.7491690188442406
1.9981181269836361 0.8874456659932584 7.843789839867554E-5 0.02 0.7862681758639842 -0.0038281814940255288 1.7638278116358037 0.7617262350485323
2.015867053361581 0.8874463188972448 3.264519932155707E-5 0.02 0.786747547301993 -0.0022896349538559235 1.776364048796607 0.7742907541177488
2.0336159835889043 0.8874465113661634 9.623445929030083E-6 0.02 0.787022553039004 -0.0011510876696263495 1.788895548814956 0.7868600034805814
2.051364914365276 0.8874465388185815 1.3726209058262384E-6 0.02 0.7870932938507534 -4.1254125116019225E-4 1.8014248762498408 0.7994314193766856
2.0691138450987454 0.8874465366734752 -1.072553157399625E-7 0.02 0.7869597957269793 -7.399381107831005E-5 1.8139545981031475 0.8120024420876084
2.0868627747057356 0.8874464803495075 -2.81619838560232E-6 0.02 0.7866220096441439 -1.3544715349311787E-4 1.8264872809357802 0.8245705111630768
2.1046116984110435 0.8874461852653948 -1.4754205635014728E-5 0.02 0.786079811994578 -5.969003624706204E-4 1.8390254879701233 0.8371330606387517
2.1223606045478434 0.8874453068399957 -4.392126995433898E-5 0.02 0.7853330056735902 -0.0014583532159662127 1.851571776188522 0.8496875142887684
2.1401094713576825 0.8874433404919557 -9.831740199750527E-5 0.02 0.7843813218321082 -0.0027198066021583145 1.8641286933621255 0.8622312808810539
2.157858263790487 0.8874396216402181 -1.8594258688331422E-4 0.02 0.7832244223013798 -0.0043812592442904474 1.8766987750492634 0.8747617495086568
2.1756069303045527 0.8874333257032907 -3.1479684636792626E-4 0.02 0.7818619027051512 -0.006442712974230602 1.8892845414892954 0.8872762849573519
2.193355399666557 0.8874234681002235 -4.928801533576888E-4 0.02 0.7802932962744646 -0.008904165349488125 1.9018884943977392 0.8997722231503411
2.211103577751548 0.8874089042495426 -7.281925340496542E-4 0.02 0.7785180783837254 -0.011765619034598274 1.9145131136434663 0.9122468666863411
2.228851344342951 0.8873883295701601 -0.0010287339691217312 0.02 0.7765356718264067 -0.015027071753603849 1.9271608538072467 0.9246974805062356
2.246598549932566 0.8873602794807312 -0.001402504471448296 0.02 0.7743454528631907 -0.018688525116328236 1.9398341405423112 0.9371212876466218
2.2643450125205686 0.8873231294001416 -0.001857504029478818 0.02 0.7719467580639603 -0.02274997790152611 1.9525353667659207 0.9495154651470004
2.282090514415509 0.8872750947470198 -0.002401732656087674 0.02 0.7693388919670108 -0.027211431330442792 1.9652668886813864 0.9618771401480134
2.299834799034314 0.8872142309402475 -0.00304319033861411 0.02 0.7665211355969701 -0.03207288412632181 1.9780310215468926 0.974203386138236
2.3175775677022834 0.8871384333984711 -0.00378987708882228 0.02 0.7634927558544436 -0.03733433751040849 1.9908300352611643 0.9864912194577318
2.3353184764530956 0.8870454375406123 -0.004649792892941207 0.02 0.7602530158428302 -0.04299579020594635 2.0036661495929233 0.9987375959323692
2.3530571328288 0.8869328187852243 -0.0056309377693963825 0.02 0.7568011861042353 -0.04905724382275878 2.016541529289117 1.010939407906662
2.370793092679826 0.8867979925512914 -0.006741311696645269 0.02 0.7531365568613329 -0.05551869636244433 2.0294582787558797 1.0230934814236199
2.388525856964973 0.8866382142573626 -0.007988914696444027 0.02 0.7492584512357497 -0.062380149989937905 2.0424184365284996 1.035196573801847
2.4062548685514216 0.8864505793224176 -0.00938174674725012 0.02 0.7451662394840781 -0.0696416025403046 2.0554239694288645 1.0472453715547194
2.423979509014722 0.8862320231650234 -0.010927807869709483 0.02 0.7408593543001101 -0.07730305612296817 2.0684767663063925 1.0592364885990675
2.4416990954388043 0.8859793212041112 -0.012635098045610249 0.02 0.7363373071432502 -0.08536450879503832 2.0815786315257627 1.0711664649489867
2.4594128772159696 0.8856890888582658 -0.014511617292267687 0.02 0.7315997056160968 -0.09382596233287188 2.094731278117158 1.0830317658565978
2.4771200328468983 0.8853577815464364 -0.016565365591469927 0.02 0.7266462719139609 -0.10268741496011202 2.1079363205079407 1.0948287813680881
2.494819666740643 0.8849816946872258 -0.01880434296053224 0.02 0.7214768622990556 -0.11194886845311558 2.1211952669286815 1.1065538264206076
2.5125108060146326 0.8845569636994899 -0.021236549386793868 0.02 0.7160914875485787 -0.12161032131308147 2.13450951153917 1.118203141555806
2.530192397294673 0.8840795640020271 -0.023869984873137184 0.02 0.7104903344337061 -0.1316717743171658 2.1478803260243495 1.1297728940649834
2.547863303514942 0.883545311013445 -0.026712649429105895 0.02 0.704673788032945 -0.1421332277984355 2.1613088510182665 1.1412591799146434
2.5655223007181207 0.8829498601589325 -0.029772542725625684 0.02 0.698642454884695 -0.15299466482598945 2.1747960871461065 1.1526580262924986
2.583168075051144 0.8822887166511695 -0.03305717538815145 0.02 0.6923971868260339 -0.1642316331262883 2.188342885826649 1.1639653949188729
2.600799222001155 0.88155734750055 -0.036568457530972154 0.02 0.6859391045426672 -0.1755641071410352 2.201949941615737 1.1751771875932144
2.618414248878928 0.8807513438886527 -0.04030018059486551 0.02 0.6792696201692022 -0.18658615319466776 2.215617786817678 1.1862892544317438
2.636011578009771 0.8798664565421443 -0.04424436732541892 0.02 0.6723904594938752 -0.1972093365276706 2.2293467865375938 1.1972974031366437
2.6535895499335207 0.8788985961874829 -0.048393017733072696 0.02 0.6653036837571698 -0.20743252038268878 2.243137133793122 1.2081974089203762
2.671146426604546 0.8778438335512728 -0.052738131810503575 0.02 0.6580117109006708 -0.21725570387154391 2.256988844605822 1.218985024971182
2.688680394591746 0.8766983993599986 -0.05727170956371097 0.02 0.6505173360120813 -0.2266788876603698 2.2709017531873688 1.2296559934977027
2.7061895682785524 0.8754586843403134 -0.0619857509842614 0.02 0.6428237507169684 -0.2357020710275215 2.284875507286903 1.240206057340002
2.7236719930629247 0.8741212392186171 -0.06687225608481562 0.02 0.6349345612292324 -0.24432525502771085 2.298909563807194 1.2506309721547406
2.7411256485573565 0.8726827747215893 -0.07192322485138902 0.02 0.6268538048665167 -0.25254843832867024 2.313003184606967 1.2609265190307857
2.75854845178887 0.8711401615756786 -0.07713065729553215 0.02 0.6185859646408479 -0.26037162220715615 2.327155432746536 1.271088517638486
2.7759382603990206 0.8694904305075246 -0.08248655340770128 0.02 0.6101359816757761 -0.2677948056084567 2.3413651691626076 1.2811128397983325
2.793292875843892 0.8677307722435801 -0.08798291319722651 0.02 0.6015092651737314 -0.27481798947626146 2.35563104981482 1.2909954233927434
2.810610046594101 0.8658585375104444 -0.09361173665678457 0.02 0.5927116996227535 -0.28144117297790316 2.3699515234128103 1.3007322865838435
2.827887471334794 0.8638712370346413 -0.09936502379015444 0.02 0.5837496489672327 -0.2876643566684933 2.3843248297872215 1.31031954225827
2.8451228021656494 0.8617665415427744 -0.10523477459334352 0.02 0.5746299574275638 -0.2934875401594539 2.398748999056143 1.3197534126708317
2.8623136478008746 0.8595422817612608 -0.11121298907568189 0.02 0.5653599468560979 -0.29891072411691866 2.4132218514503103 1.329030244061298
2.8794575767692114 0.8571964484168415 -0.11729166722096451 0.02 0.5559474102700996 -0.30393390726413116 2.427740998102812 1.338146521309941
2.896552120613928 0.8547271922358268 -0.12346280905073392 0.02 0.5464006015290662 -0.30855709148847055 2.4423038426426835 1.347098882384998
2.9135947770928277 0.8521328239449844 -0.12971841454212374 0.02 0.5367282209571975 -0.31278027456949076 2.456907583762912 1.3558841325534026
2.930583013378242 0.8494118142707174 -0.13605048371334583 0.02 0.526939396830197 -0.3166034585611044 2.4715492188152757 1.3644992582449071
2.947514269257034 0.8465627939395981 -0.1424510165559667 0.02 0.5170436628184275 -0.3200266421310438 2.486225548304422 1.3729414403583942
2.9643859603305995 0.8435845536782782 -0.14891201306599378 0.02 0.5070509312995801 -0.32304982550135364 2.5009331815063915 1.3812080670161468
2.9811954812148618 0.8404760442131121 -0.15542547325830824 0.02 0.4969714627667689 -0.32567300961572343 2.515668543051585 1.3892967455478475
2.997940208740279 0.8372363762708668 -0.16198339711226417 0.02 0.4868158315081422 -0.32789619269779635 2.530427880478936 1.3972053136006843
3.0146175051518362 0.8338648205778565 -0.16857778465051432 0.02 0.47659488771545033 -0.3297193769125073 2.545207272876573 1.404931849337536
3.031224721309053 0.8303608078608304 -0.17520063585130252 0.02 0.4663197164680844 -0.3311425600394102 2.5600026403842797 1.4124746805128798
3.0477591998859763 0.8267239288461736 -0.18184395073284065 0.02 0.4560015938947114 -0.3321657440769066 2.574809754621312 1.4198323923922906
3.0642182785711887 0.8229539342606174 -0.18849972927781344 0.02 0.4456519409587624 -0.3327889272486395 2.5896242499599866 1.4270038344178315
3.0805992932677984 0.8190507348304843 -0.1951599715066532 0.02 0.43528227537005637 -0.33301211144198817 2.604441635542871 1.4339881255310214
3.0968995812934486 0.81501440128251 -0.201816677398714 0.02 0.4249041621281024 -0.33283529460303996 2.6192573079819987 1.440784658105208
3.1131164845803108 0.8108451643431103 -0.20846184696998726 0.02 0.41452916324634714 -0.33225847856366286 2.634066564647115 1.4473931004424898
3.1292473528750895 0.8065434147389361 -0.21508748020870883 0.02 0.40416878723244204 -0.3312816619360781 2.6488646174300965 1.4538133978015677
3.1452895469390185 0.8021097031964519 -0.22168557712420878 0.02 0.3938344388899621 -0.32990484577499757 2.6636466068879647 1.4600457719498159
3.161240441747864 0.7975447404422686 -0.22824813770916386 0.02 0.3835373700094859 -0.32812802924775397 2.6784076166497144 1.4660907192440755
3.177097429691921 0.792849397202855 -0.2347671619706837 0.02 0.3732886314912957 -0.3259512130759923 2.6931426879799436 1.4719490072660038
3.192857923776018 0.7880247042048483 -0.24123464990033483 0.02 0.3630990274201624 -0.3233743964825564 2.7078468343808937 1.4776216700496798
3.2085193608195124 0.7830718521747215 -0.2476426015063371 0.02 0.35297907155397024 -0.32039758030011356 2.7225150561429707 1.4831100019654966
3.2240792046562934 0.7779921918390498 -0.2539830167835877 0.02 0.34293894667859104 -0.31702076386253 2.737142354700619 1.4884155503165954
3.239534949334781 0.7727872339243769 -0.26024789573364515 0.02 0.33298846717032593 -0.31324394750287254 2.7517237467348843 1.493540106748198
3.2548841223179266 0.7674586491572821 -0.2664292383547373 0.02 0.3231370450615469 -0.3090671310546078 2.76625427794878 1.4984856975702967
3.270124287683211 0.7620082682642249 -0.2725190446528636 0.02 0.31339365993784246 -0.30449031490631384 2.7807290363051558 1.5032545730553033
3.2852530493226486 0.7564380819718775 -0.27850931461737005 0.02 0.3037668327016192 -0.29951349822532336 2.795143164857995 1.5078491958946674
3.300268054142781 0.7507502410066147 -0.2843920482631379 0.02 0.2942646034209909 -0.29413668228839285 2.809491873950672 1.5122722288750705
3.3151669952646845 0.7449470560951799 -0.29015924557174166 0.02 0.28489451328130305 -0.28835986543018777 2.823770452762928 1.5165265219096444
3.329947615223964 0.7390309979639742 -0.29580290656028296 0.02 0.2756635905497228 -0.28218304942706496 2.8379742802706853 1.520615098578451
3.3446077091707562 0.733004697339612 -0.3013150312181079 0.02 0.26657834060706215 -0.27560623289124564 2.8520988353878858 1.5245411422396722
3.3591451280697275 0.7268709449485655 -0.30668761955232604 0.02 0.25764473976835844 -0.26862941671090823 2.8661397064976133 1.5283079818991983
3.3735577819000775 0.7206326915174976 -0.31191267155339375 0.02 0.24886823282249224 -0.26125260005338546 2.8800926002036156 1.5319190779064331
3.387843642855535 0.7142930477728848 -0.3169821872306411 0.02 0.24025373405622247 -0.2534757838623669 2.8939533493336307 1.5353780075977508
3.4020007485443604 0.7078552844412611 -0.3218881665811857 0.02 0.2318056314514384 -0.2452989675272299 2.907717920312479 1.5386884510184553
3.4160272051893448 0.7013228322492182 -0.3266226096021452 0.02 0.22352779393943453 -0.23672215104797445 2.9213824196788347 1.5418541767586968
3.4299211908278093 0.6946992819232278 -0.33117751629951897 0.02 0.21542358119206623 -0.22774533486868975 2.934943100153312 1.5448790280850178
3.443680958511608 0.6879883841899304 -0.3355448866648736 0.02 0.20749585595347653 -0.21836851826773085 2.9483963658020738 1.5477669093309707
3.457304839507124 0.6811940497758018 -0.3397167207064289 0.02 0.19974699831434858 -0.208591702077765 2.961738776827093 1.5505217727329335
3.470791246495273 0.6743203494074423 -0.34368501841797183 0.02 0.1921789218817483 -0.19841488557714726 2.974967053609519 1.5531476056784044
3.484138676771499 0.6673715138113101 -0.34744177980661206 0.02 0.18479309140781988 -0.18783806943201142 2.9880780802950095 1.555648418475303
3.497345715442087 0.6603519335294017 -0.35097901409542054 0.02 0.1775905416585175 -0.17686171444042387 3.001068907866637 1.5580282326639276
3.510411038107012 0.6532661332462553 -0.3542900141573213 0.02 0.17057189750308915 -0.16555000309503853 3.0139367562969848 1.5602910698300174
3.523333410530189 0.6461186211588421 -0.35737560437065774 0.02 0.16373739626475114 -0.15427951066682155 3.026679013348412 1.5624409405602315
3.5361116857374486 0.6389137603629802 -0.3602430397930956 0.02 0.15708691176824208 -0.1433717711218918 3.039293230347679 1.5644818337432451
3.548744800817185 0.6316557539868262 -0.3629003188077018 0.02 0.15061997844557384 -0.13286395073031088 3.0517771174253827 1.5664177067097202
3.5612317737203556 0.6243486451585234 -0.3653554414151383 0.02 0.1443358152361418 -0.12275613037182609 3.064128538382015 1.5682524762197803
3.5735717000604796 0.616996317006202 -0.36761640761606706 0.02 0.1382333489919343 -0.11304831004643745 3.076345505459546 1.5699900103111353
3.585763749913639 0.6096024926579791 -0.36969121741114996 0.02 0.132311237415128 -0.10374048975414496 3.0884261737293475 1.5716341209299176
3.5978071646184815 0.6021707352421135 -0.3715878707932774 0.02 0.12656789130119594 -0.09483266910637056 3.100368835335224 1.5731885573464046
3.609701253576213 0.5947044478865848 -0.3733143677764339 0.02 0.12100149589906017 -0.08632484915782612 3.1121719138241213 1.574657000344679
3.621445391050607 0.5872068737196923 -0.3748787083446281 0.02 0.11561003153386501 -0.07821702840971057 3.123833958140081 1.5760430570888573
3.633039012967996 0.5796810958694554 -0.3762888925118446 0.02 0.1103912932587493 -0.07050920836082497 3.135353636665387 1.5773502566772422
3.6444816137172786 0.5721300374641247 -0.37755292026653287 0.02 0.1053429095368913 -0.06320138773441286 3.1467297312527696 1.5785820463329707
3.6557727429499134 0.5645564616317378 -0.3786787916193468 0.02 0.10046235994903546 -0.05629356764069726 3.1579611312241735 1.5797417881866438
3.6669120023799247 0.5569629715005631 -0.3796745065587359 0.02 0.09574699190889674 -0.04978574696945515 3.1690468273618073 1.5808327566133573
3.677899042583897 0.5493520101986116 -0.38054806509757455 0.02 0.09119403636515427 -0.043677926941931844 3.179985905952435 1.5818581360901478
3.6887335598009794 0.5417258608541253 -0.3813074672243122 0.02 0.08680062245254783 -0.037970106336882026 3.190777543015328 1.582821019545237
3.6994152927328843 0.5340866465952443 -0.38196071294405165 0.02 0.08256379132657238 -0.03266228598697296 3.2014209981934183 1.5837244071137877
3.709944019343885 0.5264363305500286 -0.3825158022607855 0.02 0.07848050878288454 -0.027754465836693498 3.211915609349302 1.5845712053573968
3.7203195536608193 0.5187767158467249 -0.3829807351651837 0.02 0.07454767724938216 -0.023246645219909823 3.222260786491507 1.5853642267909527
3.7305417425730876 0.5111094456134113 -0.3833635116656797 0.02 0.07076214657495161 -0.019138825024800354 3.2324560065696715 1.5861061898137165
3.7406104626326533 0.5034360029782858 -0.3836721317562741 0.02 0.06712072423007459 -0.015431004529720127 3.2425008076629482 1.586799718892127
3.7505256168540413 0.49575771106940003 -0.3839145954442902 0.02 0.06362018449618939 -0.012123184400802955 3.252394783764004 1.5874473450594841
3.760287131514342 0.4880757330150365 -0.38409890271817737 0.02 0.06025727695967359 -0.009215363694359269 3.2621375794432685 1.588051506647969
3.7698949529532055 0.4803910719431759 -0.3842330535930305 0.02 0.05702873427483346 -0.006707543742656696 3.2717288845871 1.5886145502432358
3.7793490443728484 0.4727045709821409 -0.38432504805174794 0.02 0.05393127916702356 -0.004599722935871853 3.2811684294253034 1.5891387318484769
3.7886493826380465 0.465016913259908 -0.38438288611164495 0.02 0.05096163085033906 -0.002891902994850426 3.2904559794634936 1.5896262182112486
3.7977959550761415 0.4573286219047512 -0.38441456775784033 0.02 0.04811651082015356 -0.0015840823097690304 3.2995913305474054 1.5900790883065201
3.806788756277036 0.44964006004473145 -0.384428093000988 0.02 0.045392648012831605 -6.762621573841443E-4 3.308574304227063 1.5904993349627197
3.8156277849042874 0.4419514313625639 -0.38443143410837877 0.02 0.04278678351985926 -1.6705536953764977E-4 3.3174047429530673 1.5908888665885976
3.8243130412672004 0.4342628181456476 -0.3844306608458137 0.02 0.04029567455150873 3.866312825451246E-5 3.326082506264437 1.5912495090354444
3.8328445281881076 0.4265743460453608 -0.38442360501433903 0.02 0.03791609707271698 3.5279157373224734E-4 3.334607470381216 1.5915830076554893
3.841222254026853 0.41888629193727045 -0.3844027054045185 0.02 0.03564484763818482 0.001044980491027303 3.342979530034315 1.591891029449423
3.8494462358807198 0.4111990926933373 -0.38435996219665647 0.02 0.03347874511488258 0.0021371603931008565 3.351198600426682 1.592175165195914
3.857516502784427 0.40351334518535786 -0.38428737539897284 0.02 0.03141463227778829 0.0036293398841813485 3.35926461946797 1.592436931567948
3.865433098910131 0.39582980628520836 -0.384176945007475 0.02 0.029449377382644304 0.0055215195748914425 3.367177549969745 1.5926777732251047
3.8731960867674253 0.38814939286471173 -0.38402067102483173 0.02 0.027579875680802612 0.007813699132164231 3.3749373819844477 1.592899064890061
3.8808055504033407 0.3804731817957707 -0.3838105534470504 0.02 0.025803050937809213 0.010505878889066622 3.382544135092162 1.5931021134043233
3.8882615986023445 0.3728024099501903 -0.3835385922790202 0.02 0.02411585690305207 0.013598058401509405 3.389997860893363 1.5932881597722042
3.895564368086342 0.36513847419987755 -0.38319678751563835 0.02 0.02251527879630938 0.01709023816909294 3.3972986454772314 1.5934583811870837
3.9027140267146745 0.35748293141661946 -0.38277713916290423 0.02 0.020998334796963447 0.02098241763670572 3.404446611948975 1.593613893043435
3.909710776684122 0.3498374984723718 -0.3822716472123844 0.02 0.019562077524696575 0.025274597525992704 3.411441923099556 1.5937557509369953
3.9165548577289 0.3422040522389036 -0.38167231167340887 0.02 0.01820359556601686 0.029966776948775475 3.4182847839812927 1.5938849526482228
3.923246550320662 0.3345846295881083 -0.38097113253976467 0.02 0.016920014989957044 0.03505895668221015 3.4249754446664893 1.5940024401153383
3.9297861788684987 0.3269814273918259 -0.3801601098141205 0.02 0.01570850090592435 0.04055113628220752 3.4315142029372394 1.5941091013918134
3.936174114918937 0.3193968025219096 -0.3792312434958145 0.02 0.014566259022734174 0.04644331591530104 3.4379014071073892 1.594205772591877
3.942410780355942 0.3118332718502481 -0.37817653358307446 0.02 0.013490537228885602 0.05273549563700186 3.4441374588710993 1.5942932398214575
3.948496650600915 0.30429351224865453 -0.3769879800796794 0.02 0.012478627207944182 0.059427675169754224 3.4502228160694233 1.5943722410926278
3.954432257812695 0.2967803605889996 -0.3756575829827469 0.02 0.011527866030354439 0.06651985484662504 3.4561579956888027 1.5944434682249882
3.960218194087558 0.2892968137431451 -0.37417734229272526 0.02 0.010635637785568475 0.07401203450108085 3.4619435766883067 1.5945075687273176
3.965855114659217 0.28184602858296604 -0.3725392580089526 0.02 0.009799375188587311 0.0819042141886328 3.4675802030057215 1.5945651476627596
3.9713437410988224 0.2744313219802619 -0.3707353301352079 0.02 0.009016561187622674 0.09019639368723631 3.4730685865429507 1.5946167694933642
3.9766848645149615 0.2670561708069563 -0.36875755866527804 0.02 0.008284730564458886 0.09888857349649172 3.478409510117257 1.5946629599023454
3.981879348753658 0.25972421193483086 -0.36659794360627274 0.02 0.007601471502125423 0.10798075295026521 3.4836038304883368 1.594704207593407
3.9869281335983744 0.2524392422358135 -0.3642484849508687 0.02 0.006964427117290506 0.11747293277020177 3.488652481422462 1.594740966064487
3.991832237970008 0.24520521858168998 -0.3617011827061756 0.02 0.006371296949723271 0.1273651122346564 3.4935564767781484 1.5947736553536485
3.996592763126896 0.23802625784439257 -0.3589480368648701 0.02 0.005819838412543632 0.1376572920652741 3.4983169134891976 1.594802663754165
4.00121089586481 0.23090663689571134 -0.3559810474340619 0.02 0.005307868155659201 0.1483494715404099 3.5029349747477156 1.594828349498613
4.00568791168966 0.22385079124247476 -0.35279228266182905 0.02 0.004833263376554653 0.1594382386116422 3.5074119330151077 1.594851042407175
4.010025176919175 0.21686326147576374 -0.349376488335551 0.02 0.0043939631382786115 0.1707897163139016 3.5117491520846205 1.5948710454949573
4.014224147314495 0.20994851976601225 -0.3457370854875741 0.02 0.003987969897733368 0.18197014239884624 3.51594808561096 1.5948886365285313
4.01828636497641 0.20311088309572511 -0.34188183351435697 0.02 0.0036133509638599515 0.1927625986608561 3.5200102739257115 1.5949040695445211
4.02221345514537 0.1963545084480156 -0.33781873238547533 0.02 0.0032682396894052612 0.20315505644408205 3.523937340853432 1.5949175763350525
4.026007123001481 0.1896833928055397 -0.33355578212379555 0.02 0.0029508364165714562 0.21314751308398883 3.527730990368578 1.5949293678943104
4.029669150464505 0.18310137315120656 -0.3291009827166569 0.02 0.00265940915438595 0.22273997035693327 3.531393003420973 1.5949396358226406
4.033201392993862 0.17661212646786772 -0.3244623341669417 0.02 0.0023922940193683573 0.23193242748575926 3.5349252346816202 1.5949485536832828
4.036605776388628 0.17021916973827267 -0.3196478364797528 0.02 0.0021478954394228977 0.2407248843594445 3.5383296093045296 1.5949562783087639
4.0398842935875345 0.16392585994533526 -0.31466548964687036 0.02 0.0019246861306104202 0.2491173416441228 3.5416081197083007 1.5949629510542271
4.043039001468972 0.15773539407186732 -0.30952329367339715 0.02 0.001721206858828539 0.25710979867366035 3.544762822351639 1.5949686989954406
4.046072017650986 0.15165080910071183 -0.30422924855777467 0.02 0.0015360659963066237 0.26470225578112405 3.547795834506949 1.594973636070041
4.048985517291279 0.14567498201465412 -0.2987913543028853 0.02 0.0013679388811042026 0.2718947127444693 3.5507093310776354 1.5949778641609
4.051781729887211 0.13981062979659953 -0.2932176109027296 0.02 0.0012155669979231898 0.2786871700077853 3.5535055413413112 1.5949814741210508
4.054462936075798 0.13406030942935132 -0.28751601836241036 0.02 0.0010777569827734035 0.28507962701596057 3.556186745766286 1.5949845467400956
4.057031464433713 0.12842641789574394 -0.2816945766803691 0.02 9.53379469468274E-4 0.291072084102062 3.558755272801579 1.5949871536524214
4.059489688277285 0.12291119217859858 -0.2757612858572678 0.02 8.413677887718629E-4 0.29666454115506724 3.561213495654824 1.5949893581877672
4.061840022462501 0.11751670926081204 -0.26972414588932736 0.02 7.40716530129415E-4 0.30185699839702096 3.5635638291078466 1.5949912161652697
4.064084920185005 0.11224488612517902 -0.2635911567816507 0.02 6.504799821467899E-4 0.3066494553838339 3.565808726287153 1.594992776632191
4.066226869780094 0.10709747975443662 -0.2573703185371201 0.02 5.697704600505782E-4 0.31104191222652844 3.567950675483059 1.5949940825489406
4.068268391522727 0.10207608713166394 -0.251069631138634 0.02 4.97756536161964E-4 0.3150343699243052 3.569992196934219 1.5949951714220747
4.070212034427515 0.09718214523939395 -0.24469709461349964 0.02 4.336611835704107E-4 0.31862682625671823 3.571935839627957 1.5949960758872763
4.072060373048728 0.09241693106067927 -0.2382607089357336 0.02 3.7675984599633283E-4 0.3218192838883027 3.573784178097968 1.594996824244433
4.073816004280294 0.08778156157829287 -0.23176847411932044 0.02 3.263784458613639E-4 0.32461174082065725 3.575539809222654 1.594997440947047
4.075481544155796 0.08327699377508324 -0.22522839016048124 0.02 2.818913424117442E-4 0.32700419794196023 3.577205349020977 1.5949979470481561
4.077059624648474 0.07890402463388568 -0.2186484570598779 0.02 2.4271925116731152E-4 0.32899665503016706 3.578783429458623 1.5949983606054288
4.078552890471223 0.07466329113747783 -0.2120366748203928 0.02 2.0832713647084278E-4 0.33058911197425545 3.5802766952447733 1.5949986970475307
4.079963995876598 0.0705552702687573 -0.2054010434360265 0.02 1.7822208774431747E-4 0.3317815692183146 3.5816878006245334 1.5949989695044753
4.081295601456809 0.06658027901051966 -0.19874956291188184 0.02 1.5195118948879704E-4 0.332574026207233 3.583019406186306 1.594999189104171
4.0825503709437205 0.06273847434559165 -0.1920902332464003 0.02 1.2909939548128024E-4 0.3329664832740775 3.5842741756618803 1.5949993652377554
4.083730968008859 0.059029853256920006 -0.18543105443358243 0.02 1.0928741658117191E-4 0.3329589406408928 3.5854547727171253 1.5949995057958972
4.084840053063402 0.05545425272717175 -0.17878002648741287 0.02 9.216963042418813E-5 0.33255139730847816 3.5865638577668517 1.5949996173785186
4.0858802800581895 0.05201134973935595 -0.17214514939078995 0.02 7.74320223433933E-5 0.33174385483114577 3.587604084757625 1.5949997054799983
4.086854293283713 0.048700661276157575 -0.16553442315991873 0.02 6.479016411820027E-5 0.3305363115435611 3.588578097981801 1.5949997746522118
4.087764724170122 0.0455215443204704 -0.1589558477843589 0.02 5.3987238594011E-5 0.3289287687779918 3.589488528866456 1.5949998286471543
4.0886141880872255 0.04247319585517495 -0.15241742326477237 0.02 4.479211595787014E-5 0.3269212259793264 3.590337992782424 1.5949998705414363
4.089405281144486 0.0395546528630053 -0.1459271496084824 0.02 3.699748795626956E-5 0.3245136828144979 3.591129085839054 1.5949999028441348
4.090140576991024 0.03676479232690433 -0.13949302680504871 0.02 3.041806498227384E-5 0.32170614017168475 3.5918643816851574 1.5949999275900157
4.090822623615616 0.03410233122962403 -0.133123054864015 0.02 2.4888840609249563E-5 0.31849859705168626 3.592546428309912 1.594999946419567
4.091453940146698 0.0315658265540808 -0.12682523377716137 0.02 2.026342749766874E-5 0.31489105434268083 3.5931777448407365 1.594999960647322
4.092037013652358 0.02915367528300017 -0.12060756355403157 0.02 1.6412467780446693E-5 0.31088351115649004 3.5937608183462717 1.5949999713200398
4.092574295940345 0.026864114399360872 -0.11447804418196483 0.02 1.3222120676781302E-5 0.3064759686033369 3.5942981006344397 1.5949999792657252
4.093068200358061 0.024695220885817548 -0.1084446756771662 0.02 1.0592629153982625E-5 0.30166842523993154 3.594792005052119 1.5949999851348655
4.093521098592569 0.022644911725366867 -0.10251545802253403 0.02 8.43696708852093E-6 0.2964608827316084 3.5952449032867455 1.594999989434872
4.093935317470585 0.020710943900814627 -0.09669839122761203 0.02 6.679567674638953E-6 0.29085333974609995 3.595659122164695 1.5949999925585836
4.094313135758483 0.018890914394908975 -0.09100147529528257 0.02 5.255133290582581E-6 0.284845796616473 3.596036940452792 1.594999994807799
4.094656780962294 0.01718226019051805 -0.08543271021954624 0.02 4.1075265324597154E-6 0.27843825378681686 3.5963805856566675 1.5949999964124761
4.094968426127705 0.01558225827058557 -0.08000009599662405 0.02 3.188741537707429E-6 0.27163071114610915 3.5966922308220077 1.5949999975463862
4.095250186640061 0.014088025617775557 -0.07471163264050062 0.02 2.4579543367320156E-6 0.2644231678061715 3.596973991334611 1.5949999983396634
4.095504117024362 0.012696519215049662 -0.06957532013629475 0.02 1.8806504394897061E-6 0.2568156252102938 3.5972279217188663 1.594999998888885
4.095732207745266 0.011404536045223068 -0.06459915849132969 0.02 1.427827530375847E-6 0.24880808224825302 3.5974560124398125 1.5949999992650172
4.095936382007087 0.010208713091053312 -0.05979114770848781 0.02 1.0752707018668595E-6 0.2404005391420938 3.597660186701674 1.5949999995197022
4.0961184925537975 0.009105527335506736 -0.055159287777328814 0.02 8.028973695894948E-7 0.23159299655794996 3.5978422972484116 1.594999999690118
4.096280318469023 0.00809129576126999 -0.05071157871183729 0.02 5.941686730404072E-7 0.22238545327457615 3.598004123163651 1.5949999998027389
4.0964235619760485 0.00716217535128294 -0.04645602049935249 0.02 4.3556397161248483E-7 0.21277791062424 3.5981473666706796 1.5949999998761935
4.096549845237815 0.0063141630883389865 -0.042400613147197674 0.02 3.1611473683135216E-7 0.2027703676077408 3.598273649932482 1.594999999923457
4.096660707156922 0.005543095955351518 -0.03855335664937343 0.02 2.2699406798665223E-7 0.19236282489121237 3.5983845118515734 1.5949999999534283
4.0967576001756285 0.004844650935309502 -0.03492225100210078 0.02 1.6115786616310857E-7 0.1815552823636324 3.5984814048703404 1.5949999999721418
4.096841887189331 0.004214350685138868 -0.031515012508531726 0.02 1.1303358959935395E-7 0.17036192467845268 3.598565691884045 1.5949999999836368
4.09691484030458 0.0036476557624176564 -0.028334746136060573 0.02 7.825182551934873E-8 0.1590133186235576 3.5986386449992733 1.5949999999905762
4.09697764303307 0.0031401364245287056 -0.025375966894447544 0.02 5.341703168681988E-8 0.1479389620806515 3.5987014477278034 1.594999999994685
4.097031393469752 0.002687521834099371 -0.02263072952146672 0.02 3.5915273532971526E-8 0.13726186864904122 3.5987551981644716 1.594999999997072
4.097077107492824 0.002285701153592612 -0.02009103402533796 0.02 2.375463803439004E-8 0.12698477480643788 3.598800912187551 1.5949999999984266
4.097115721963732 0.0019307235453958072 -0.01774888040984024 0.02 1.54337918001346E-8 0.11710768077488609 3.598839526658472 1.5949999999991704
4.097148097927172 0.0016187981719983924 -0.015596268669870739 0.02 9.834535186215021E-9 0.10763058699847505 3.5988719026219265 1.5949999999995812
4.097175023811091 0.0013462941959474506 -0.01362519880254709 0.02 6.1347260049693375E-9 0.09855349336618247 3.5988988285058365 1.594999999999796
4.097197218626684 0.0011097407796700764 -0.011827670813868707 0.02 3.738360510041616E-9 0.08987639943391912 3.598921023321441 1.594999999999903
4.097215335168396 9.058270856066031E-4 -0.010195684703173669 0.02 2.219997408126062E-9 0.08159930553475192 3.59893913986315 1.594999999999958
4.0972299632139215 7.31402276255011E-4 -0.008721240467579605 0.02 1.2810804084217864E-9 0.07372221177970317 3.598953767908683 1.5949999999999809
4.097241632724204 5.834755141265191E-4 -0.007396338106424594 0.02 7.159873804951644E-10 0.06624511805775057 3.5989654374189666 1.5949999999999922
4.097250817043438 4.5921596170117596E-4 -0.006212977621267157 0.02 3.860285979762068E-10 0.05916802425787182 3.5989746217382 1.594999999999997
4.097257936099066 3.5595278138345066E-4 -0.005163159015886265 0.02 1.9982854260192084E-10 0.05249093026904461 3.5989817407938305 1.5949999999999955
4.097263359601779 2.711751356798686E-4 -0.004238882285179102 0.02 9.875023021521656E-11 0.046213836535358155 3.598987164296543 1.5950000000000004
4.0972674102455215 2.0253218711019372E-4 -0.003432147428483745 0.02 4.625716476525099E-11 0.04033674283476785 3.5989912149402867 1.5950000000000004
4.097270366907483 1.4783309807420153E-4 -0.0027349544517996094 0.02 2.035882573636627E-11 0.03485964883420678 3.598994171602249 1.5950000000000002
4.097272467848104 1.0504703102931501E-4 -0.002139303352244326 0.02 8.326450640083749E-12 0.029782554977764164 3.598996272542872 1.5949999999999953
4.097273913911076 7.230314862383125E-5 -0.001637194120274188 0.02 3.1179503423572896E-12 0.025105461598506906 3.598997718605843 1.5949999999999986
4.097274871723338 4.78906130751966E-5 -0.0012206267774317325 0.02 1.0482170686998415E-12 0.020828367142122772 3.598998676418104 1.595000000000002
4.097275476895079 3.025858705818507E-5 -8.816013008505763E-4 0.02 3.0586644328423063E-13 0.01695127382905781 3.5989992815898457 1.5950000000000002
4.097275837219739 1.801623299435562E-5 -6.121177031914726E-4 0.02 7.571721027943568E-14 0.013474179882955184 3.598999641914506 1.5950000000000002
4.097276035874004 9.932713274096727E-6 -4.041759860129446E-4 0.02 1.4876988529977098E-14 0.010397085858926403 3.5989998405687698 1.5950000000000035
4.097276134617815 4.9371905230799484E-6 -2.4977613755083894E-4 0.02 2.9976021664879227E-15 0.007719992423105282 3.598999939312583 1.5949999999999984
4.097276176994355 2.1188270249439256E-6 -1.4091817490680114E-4 0.02 0.0 0.00544289813220189 3.5989999816891225 1.5949999999999989
4.097276191530064 7.267854318371292E-7 -6.960207965533982E-5 0.02 0.0 0.003565804762573066 3.59899999622483 1.5950000000000017
4.097276194934627 1.7022814269296305E-7 -2.7827864457208307E-5 0.02 0.0 0.0020887107599065757 3.5989999996293935 1.5950000000000002
4.09727619530098 1.8317658501132428E-8 -7.595524209591531E-6 0.02 0.0 0.0010116170123808388 3.5989999999957463 1.595000000000002
4.097276195305233 2.1267432259719499E-10 -9.052492089267616E-7 0.02 0.0 3.3451375003323847E-4 3.598999999999998 1.5950000000000053
4.097276195305233 0.0 -1.063371612985975E-8 0.02 0.0 4.4730774639845094E-5 3.598999999999998 1.5950000000000053
