2.666666666666667E-11 1.3333333333333335E-9 6.666666666666667E-8 0.02 0.0 3.3333333333333333E-6 2.6666666666555732E-11 0.0
8.533333333333335E-10 4.133333333333334E-8 2.0000000000000003E-6 0.02 0.0 9.666666666666668E-5 8.533333333340186E-10 0.0
6.479999999999999E-9 2.8133333333333326E-7 1.1999999999999995E-5 0.02 0.0 4.999999999999998E-4 6.480000000000148E-9 0.0
2.730666666666667E-8 1.0413333333333335E-6 3.800000000000001E-5 0.02 0.0 0.0013000000000000008 2.730666666666742E-8 0.0
8.333333333333335E-8 2.801333333333334E-6 8.800000000000002E-5 0.02 0.0 0.002500000000000001 8.333333333333395E-8 0.0
2.0735999999999997E-7 6.20133333333333E-6 1.699999999999998E-4 0.02 0.0 0.004099999999999988 2.073600000000005E-7 0.0
4.4818666666666683E-7 1.2041333333333343E-5 2.9200000000000065E-4 0.02 0.0 0.006100000000000042 4.4818666666666736E-7 0.0
8.738133333333335E-7 2.1281333333333332E-5 4.6199999999999947E-4 0.02 0.0 0.008499999999999942 8.738133333333337E-7 0.0
1.5746399999999998E-6 3.504133333333331E-5 6.879999999999989E-4 0.02 0.0 0.011299999999999973 1.57464E-6 0.0
2.6666666666666673E-6 5.4601333333333376E-5 9.780000000000032E-4 0.02 0.0 0.01450000000000021 2.6666666666666677E-6 0.0
4.294693333333333E-6 8.140133333333328E-5 0.0013399999999999953 0.02 0.0 0.018099999999999606 4.294693333333333E-6 0.0
6.635519999999999E-6 1.1704133333333331E-4 0.0017820000000000015 0.02 0.0 0.02210000000000031 6.635519999999999E-6 0.0
9.901146666666668E-6 1.6328133333333344E-4 0.0023120000000000063 0.02 0.0 0.026500000000000242 9.901146666666668E-6 0.0
1.4341973333333339E-5 2.2204133333333353E-4 0.002938000000000005 0.02 0.0 0.031299999999999925 1.4341973333333337E-5 0.0
2.0249999999999994E-5 2.9540133333333276E-4 0.0036679999999999612 0.02 0.0 0.03649999999999782 2.0249999999999994E-5 0.0
2.7962026666666672E-5 3.8560133333333387E-4 0.004510000000000056 0.02 0.0 0.04210000000000472 2.7962026666666672E-5 0.0
3.786285333333334E-5 4.950413333333335E-4 0.00547199999999998 0.02 0.0 0.048099999999996236 3.786285333333334E-5 0.0
5.038847999999999E-5 6.262813333333325E-4 0.006561999999999952 0.02 0.0 0.054499999999998605 5.038847999999999E-5 0.0
6.602930666666667E-5 7.82041333333334E-4 0.007788000000000071 0.02 0.0 0.061300000000005926 6.602930666666666E-5 0.0
8.533333333333335E-5 9.652013333333341E-4 0.009158000000000006 0.02 0.0 0.06849999999999677 8.533333333333335E-5 0.0
1.0890935999999998E-4 0.0011788013333333314 0.010679999999999863 0.02 0.0 0.07609999999999284 1.0890935999999998E-4 0.0
1.3743018666666665E-4 0.0014260413333333334 0.012362000000000104 0.02 0.0 0.08410000000001203 1.374301866666666E-4 0.0
1.7163581333333336E-4 0.0017102813333333355 0.0142120000000001 0.02 0.0 0.09249999999999979 1.7163581333333322E-4 0.0
2.1233663999999997E-4 0.0020350413333333306 0.016237999999999756 0.02 0.0 0.10129999999998282 2.1233663999999973E-4 0.0
2.6041666666666666E-4 0.0024040013333333347 0.018448000000000204 0.02 0.0 0.11050000000002239 2.604166666666663E-4 0.0
3.168366933333334E-4 0.0028210013333333354 0.020850000000000035 0.02 0.0 0.12009999999999156 3.168366933333329E-4 0.0
3.8263752000000016E-4 0.0032900413333333393 0.023452000000000195 0.02 0.0 0.130100000000008 3.8263751999999946E-4 0.0
4.5894314666666684E-4 0.003815281333333334 0.026261999999999727 0.02 0.0 0.1404999999999766 4.5894314666666597E-4 0.0
5.469639733333331E-4 0.004401041333333315 0.029287999999999037 0.02 0.0 0.15129999999996552 5.46963973333332E-4 0.0
6.479999999237241E-4 0.00505180132951955 0.03253799980931179 0.02 0.0 0.1624999904656376 6.479999999237227E-4 0.0
7.634438505853905E-4 0.005772192533083317 0.036019560178188324 0.02 0.0 0.17407801844382675 7.634438505853887E-4 0.0
8.947816399846582E-4 0.006566889469963389 0.03973484684400359 0.02 0.0 0.18576433329076344 8.947816399846562E-4 0.0
0.0010435905448563944 0.007440445243586809 0.04367778868117102 0.02 0.0 0.1971470918583712 0.001043590544856392 0.0
0.0012115356150738674 0.008397253510873648 0.04784041336434192 0.02 0.0 0.20813123415854526 0.0012115356150738646 0.0
0.0014003665736487458 0.00944154792874392 0.05221472089351362 0.02 0.0 0.21871537645858502 0.0014003665736487426 0.0
0.0016119146167310962 0.010577402154117519 0.05679271126867993 0.02 0.0 0.22889951875831524 0.0016119146167310923 0.0
0.0018480892136093917 0.011808729843914775 0.061566384489862826 0.02 0.0 0.23868366105914487 0.0018480892136093874 0.0
0.002110874906710499 0.013139284655055376 0.06652774055703001 0.02 0.0 0.24806780335835907 0.0021108749067105014 0.0
0.0024023281115996904 0.014572660244459561 0.07166877947020929 0.02 0.0 0.2570519456589641 0.0024023281115997043 0.0
0.0027245739169806348 0.016112290269047216 0.07698150122938274 0.02 0.0 0.2656360879586726 0.0027245739169806616 0.0
0.003079802884695404 0.017761448385738468 0.08245790583456258 0.02 0.0 0.27382023025899205 0.0030798028846954453 0.0
0.003470267849724467 0.01952324825145314 0.08808999328573357 0.02 0.0 0.28160437255854914 0.0034702678497245242 0.0
0.0038982807201867 0.02140064352311164 0.09386976358292508 0.02 0.0 0.28898851485957555 0.0038982807201867744 0.0
0.004366209277339373 0.02339642785763366 0.0997892167261009 0.02 0.0 0.2959726571587912 0.004366209277339467 0.0
0.004876473975578159 0.025513234911939305 0.10584035271528225 0.02 0.0 0.3025567994590673 0.004876473975578274 0.0
0.005431544742437132 0.027753538342948626 0.11201517155046604 0.02 0.0 0.30874094175918976 0.005431544742437269 0.0
0.006033937778588764 0.030119651807581627 0.11830567323165009 0.02 0.0 0.31452508405920215 0.0060339377785889265 0.0
0.006686212357843926 0.03261372896275808 0.12470385775882278 0.02 0.0 0.3199092263586348 0.006686212357844114 0.0
0.0073909676271519 0.0352377634653987 0.13120172513203068 0.02 0.0 0.324893368660395 0.007390967627152117 0.0
0.008150839406600358 0.03799358897242288 0.13779127535120914 0.02 0.0 0.32947751095892264 0.008150839406600606 0.0
0.008968496989415374 0.040882879140750804 0.1444645084163962 0.02 0.0 0.33366165325935254 0.008968496989415655 0.0
0.009846639941961425 0.043907147627302544 0.151213424327587 0.02 0.0 0.3374457955595406 0.00984663994196174 0.0
0.010787994903741386 0.047067748088998065 0.15803002308477607 0.02 0.0 0.3408299378594534 0.01078799490374174 0.0
0.011795312387396535 0.050365874182757474 0.1649063046879704 0.02 0.0 0.343814080159717 0.011795312387396931 0.0
0.012871363578706546 0.05380255956550055 0.17183426913715374 0.02 0.0 0.3463982224591669 0.012871363578706985 0.0
0.014018937136589502 0.057378677894147787 0.17880591643236188 0.02 0.0 0.34858236476040666 0.014018937136589988 0.0
0.015240835993101878 0.06109494282561878 0.18581324657354972 0.02 0.0 0.35036650705939226 0.015240835993102414 0.0
0.01653987415343854 0.06495190801683307 0.19284825956071422 0.02 0.0 0.3517506493582248 0.01653987415343881 0.0
0.01791887349593279 0.06894996712471252 0.19990295539397268 0.02 0.0 0.3527347916629231 0.017918873495932637 0.0
0.019380660572056303 0.07308935380617564 0.20696933407315585 0.02 0.0 0.3533189339591583 0.019380660572055702 0.0
0.020928063406419145 0.07737014171814212 0.21403939559832413 0.02 0.0 0.3535030762584143 0.020928063406418073 0.0
0.022563908296769804 0.08179224451753293 0.22110513996954073 0.02 0.0 0.3532872185608299 0.022563908296768232 0.0
0.024291016613995162 0.08635541586126792 0.22815856718674948 0.02 0.0 0.3526713608604376 0.02429101661399306 0.0
0.026112201602120494 0.09105924940626657 0.2351916772499324 0.02 0.0 0.3516555031591456 0.026112201602117833 0.0
0.02803026517830949 0.09590317880944985 0.24219647015916376 0.02 0.0 0.3502396454615683 0.028030265178306243 0.0
0.03004799473286423 0.10088647772773691 0.24916494591435343 0.02 0.0 0.34842378775948313 0.030047994732860364 0.0
0.032168159929225185 0.10600825981804778 0.25608910451554306 0.02 0.0 0.34620793005948197 0.032168159929221306 0.0
0.03439350950397125 0.11126747873730324 0.262960945962773 0.02 0.0 0.34359207236149547 0.03439350950396824 0.0
0.0367267680668197 0.11666292814242266 0.269772470255971 0.02 0.0 0.34057621465990173 0.03672676806681759 0.0
0.03917063290062623 0.12219324169032639 0.27651567739518657 0.02 0.0 0.33716035696077784 0.03917063290062507 0.0
0.04172777076138489 0.127856893037933 0.2831825673803301 0.02 0.0 0.3333444992571766 0.04172777076138472 0.0
0.04440081467822821 0.13365219584216617 0.2897651402116591 0.02 0.0 0.3291286415664507 0.04440081467822908 0.0
0.04719236075342707 0.13957730375994298 0.2962553958888406 0.02 0.0 0.3245127838590739 0.04719236075342902 0.0
0.05010496496239074 0.14563021044818325 0.30264533441201336 0.02 0.0 0.31949692615863834 0.05010496496239381 0.0
0.0531411399536669 0.15180874956380805 0.3089269557812399 0.02 0.0 0.31408106846132766 0.05314113995367115 0.0
0.05630335184894165 0.1581105947637374 0.31509225999646756 0.02 0.0 0.3082652107613826 0.05630335184894713 0.0
0.05959401704303947 0.16453325970489097 0.3211332470576783 0.02 0.0 0.3020493530605378 0.059594017043046225 0.0
0.06301549900392325 0.1710740980441893 0.32704191696491663 0.02 0.0 0.2954334953619159 0.06301549900393062 0.0
0.06657010507269427 0.17773030343855092 0.33281026971808125 0.02 0.0 0.2884176376582309 0.06657010507269807 0.0
0.07026008326359222 0.18449890954489734 0.3384303053173207 0.02 0.0 0.28100177996197295 0.07026008326359233 0.0
0.0740876190639952 0.19137679002014935 0.34389402376260036 0.02 0.0 0.27318592226398264 0.0740876190639915 0.0
0.07805483223441967 0.19836065852122317 0.3491934250536913 0.02 0.0 0.2649700645545455 0.078054832234412 0.0
0.08216377360852056 0.2054470687050447 0.35432050919107644 0.02 0.0 0.25635420686925814 0.08216377360850878 0.0
0.0864164218930911 0.21263241422852658 0.35926727617409393 0.02 0.0 0.2473383491508746 0.08641642189307505 0.0
0.09081468046806306 0.21991292874859805 0.3640257260035737 0.02 0.0 0.23792249147398803 0.09081468046804263 0.0
0.09536037418650647 0.22728468592217096 0.36858785867864563 0.02 0.0 0.22810663375359697 0.0953603741864815 0.0
0.10005524617462988 0.2347435994061703 0.3729456741999662 0.02 0.0 0.21789077606602925 0.1000552461746002 0.0
0.10490095463178012 0.24228542285751192 0.3770911725670817 0.02 0.0 0.20727491835577372 0.10490095463174559 0.0
0.10989906963044252 0.24990574993312004 0.38101635378040566 0.02 0.0 0.19625906066619847 0.109899069630403 0.0
0.11505106993477573 0.25760001521666076 0.3847132641770362 0.02 0.0 0.18484551983152797 0.11505106993473106 0.0
0.12035834074248647 0.2653635403855367 0.3881762584437981 0.02 0.0 0.17314971333809437 0.12035834074243648 0.0
0.12582217483250882 0.27319170450111757 0.39140820577904245 0.02 0.0 0.16159736676221725 0.12582217483245337 0.0
0.13144377563751344 0.28108004025023114 0.39441678745567865 0.02 0.0 0.15042908383181008 0.13144377563745238 0.0
0.13722426044389427 0.2890242403190413 0.39721000344050683 0.02 0.0 0.13966079924140895 0.13722426044382743 0.0
0.14316466359176835 0.29702015739370424 0.3997958537331481 0.02 0.0 0.12929251463206226 0.14316466359169555 0.0
0.1492659396749759 0.30506380416037704 0.4021823383336398 0.02 0.0 0.1193242300245867 0.149265939674897 0.0
0.1555289667410806 0.31315135330523547 0.4043774572429215 0.02 0.0 0.10975594546408507 0.15552896674099545 0.0
0.16195454949136898 0.3212791375144186 0.4063892104591571 0.02 0.0 0.1005876608117795 0.16195454949127738 0.0
0.168543422480851 0.329443649474101 0.4082255979841187 0.02 0.0 0.09181937624808123 0.16854342248075282 0.0
0.17529625331825974 0.33764154187043705 0.409894619816803 0.02 0.0 0.08345109163421238 0.17529625331815482 0.0
0.1822136458660514 0.3458696273895834 0.41140427595731666 0.02 0.0 0.0754828070256841 0.18221364586593955 0.0
0.18929614344040555 0.35412487871770704 0.4127625664061829 0.02 0.0 0.06791452244331309 0.1892961434402866 0.0
0.19654423201122487 0.3624044285409661 0.41397749116295346 0.02 0.0 0.06074623783852706 0.1965442320110987 0.0
0.20395834340213517 0.37070556954551526 0.41505705022745754 0.02 0.0 0.05397795322520382 0.20395834340200159 0.0
0.21153885849048562 0.3790257544175224 0.41600924360035707 0.02 0.0 0.04760966864497673 0.21153885849034446 0.0
0.21928611040734844 0.3873625958431409 0.4168420712809262 0.02 0.0 0.04164138402845685 0.21928611040719953 0.0
0.22720038773751908 0.3957138665085319 0.4175635332695493 0.02 0.0 0.03607309943115533 0.22720038773736223 0.0
0.2352819377195163 0.40407749909986135 0.418181629566472 0.02 0.0 0.030904814846133277 0.23528193771935138 0.0
0.24353096944558192 0.4124515863032807 0.41870436017096835 0.02 0.0 0.026136530224818433 0.24353096944540875 0.0
0.251947657061681 0.42083438080495333 0.41913972508363095 0.02 0.0 0.02176824563313029 0.25194765706151023 0.0
0.2605321429675019 0.42922429529104467 0.4194957243045666 0.02 0.0 0.01779996104678272 0.2605321429673702 0.0
0.26928454101645594 0.4376199024477029 0.4197803578329107 0.02 0.0 0.014231676417203465 0.26928454101636407 0.0
0.27820493971567795 0.4460199349611005 0.4200016256698802 0.02 0.0 0.011063391848475934 0.27820493971562665 0.0
0.2872934054260257 0.45442328551738853 0.42016752781440236 0.02 0.0 0.008295107226108378 0.28729340542601584 0.0
0.29654998556208034 0.4628290068027313 0.4202860642671391 0.02 0.0 0.00592682263683697 0.29654998556211254 0.0
0.3059747117921459 0.4712363115032786 0.42036523502736456 0.02 0.0 0.003958538011272772 0.305974711792221 0.0
0.3155676032382502 0.4796445723052156 0.4204130400968509 0.02 0.0 0.002390253474315873 0.315567603238369 0.0
0.32532866967614377 0.488053321894677 0.4204374794730681 0.02 0.0 0.001221968810860563 0.32532866967630697 0.0
0.33525791473530037 0.49646225295783 0.42044655315764956 0.02 0.0 4.536842290736587E-4 0.33525791473550876 0.0
0.3453553390208111 0.5048712142755374 0.4204480658853704 0.02 0.0 7.563638604324296E-5 0.34535533902106547 0.0
0.3556209416310428 0.5132801305115842 0.4204458118023391 0.02 0.0 -1.1270415156694469E-4 0.3556209416313439 0.0
0.3660547181753521 0.5216888272154663 0.4204348351941056 0.02 0.0 -5.488304116729736E-4 0.3660547181757007 0.0
0.3766566576093722 0.5300969717010051 0.4204072242769419 0.02 0.0 -0.0013805458581872543 0.376656657609769 0.0
0.3874267390350135 0.5385040712820643 0.4203549790529615 0.02 0.0 -0.0026122611990198052 0.3874267390354593 0.0
0.39836492850046273 0.5469094732724611 0.4202700995198372 0.02 0.0 -0.0042439766562152315 0.39836492850095834 0.0
0.4094711758001836 0.5553123649860436 0.4201445856791275 0.02 0.0 -0.006275692035484504 0.4094711758007297 0.0
0.42074541127491677 0.5637117737366582 0.4199704375307256 0.02 0.0 -0.008707407420094349 0.42074541127551424 0.0
0.43218754261167963 0.5721065668381431 0.41973965507424715 0.02 0.0 -0.011539122823922554 0.43218754261232917 0.0
0.4437974516437661 0.5804954516043237 0.4194442383090302 0.02 0.0 -0.014770838260846908 0.44379745164446843 0.0
0.45557499115074734 0.5888769753490619 0.41907618723691087 0.02 0.0 -0.01840255360596732 0.4555749911515033 0.0
0.4675199816584709 0.5972495253861787 0.4186275018558394 0.02 0.0 -0.02243426905357282 0.4675199816592812 0.0
0.47963220823906155 0.6056113290295317 0.4180901821676519 0.02 0.0 -0.026865984409374377 0.47963220823992697 0.0
0.4919114173109204 0.6139604535929433 0.41745622817057626 0.02 0.0 -0.031697699853783234 0.49191141731184174 0.0
0.5043573134387258 0.6222948063902695 0.4167176398663097 0.02 6.28309931370809 -0.036929415213327044 0.5043573134372535 -1.2506424441373343E-7
0.5169695561334327 0.6306121347353422 0.41586641725363527 0.02 6.28189874450055 -0.04256113063372258 0.5169695533128252 -7.309558965013646E-6
0.5297477566522726 0.6389100259419966 0.41489456033272365 0.02 6.279275767463301 -0.048592846045580895 0.529747710807685 -3.901924494149889E-5
0.5426914747987542 0.6471859073240827 0.4137940691043007 0.02 6.275203779708805 -0.05502456142114642 0.542691200216035 -1.1444797589635694E-4
0.5558002157226629 0.655437046195434 0.4125569435675658 0.02 6.269635880702212 -0.06185627683674699 0.5557991815983775 -2.539764676151475E-4
0.5690734267200609 0.6636605498698989 0.4111751837232447 0.02 6.262503890661509 -0.06908799221605477 0.5690704490079953 -4.7946373154540006E-4
0.5825104940332869 0.6718533656613013 0.4096407895701204 0.02 6.253716756489427 -0.07671970765621428 0.5825032938358565 -8.145688971069043E-4
0.5961107396509565 0.6800122808834796 0.4079457611089188 0.02 6.243158325391047 -0.08475142306008099 0.5960953338681152 -0.0012851111303930143
0.6098734181079629 0.6881339228503203 0.406082098342031 0.02 6.230684461279957 -0.09318313834438818 0.6098432953318659 -0.0019194754488206789
0.6237977132854752 0.6962147588756129 0.40404180126463185 0.02 6.216119489177218 -0.10201485386995834 0.6237427319495962 -0.0027490718541853115
0.6378827352109394 0.7042510962732118 0.40181686987994514 0.02 6.199251989910819 -0.11124656923433562 0.6377876599229404 -0.0038088538090603474
0.6521275168580785 0.7122390823569524 0.3993993041870314 0.02 6.17983005120932 -0.12087828464568684 0.6519700809454057 -0.005137898726016096
0.6665310109468922 0.7201747044406848 0.3967811041866165 0.02 6.15755624206084 -0.13091000002074527 0.6662793582469824 -0.006780046460159325
0.6810920867436572 0.7280537898382511 0.39395426987831605 0.02 6.132082869189668 -0.14134171541502205 0.6807014008563873 -0.008784579258654002
0.6958095268609269 0.735872005863486 0.3909108012617457 0.02 6.1030085710898385 -0.1521734308285172 0.6952176030931265 -0.011206904805967033
0.7106820240578079 0.7436248598440498 0.38764269902819004 0.02 6.069878113641866 -0.1634051116777835 0.7098034803640156 -0.014109167496661065
0.7257081782769391 0.7513077109565613 0.3841425556255773 0.02 6.0321884816167985 -0.1750071701306366 0.7244269484090786 -0.017560655579587303
0.7408864960706382 0.7589158896849524 0.38040893641955176 0.02 5.989406067665821 -0.18668096030127757 0.7390462232141535 -0.02163778702551422
0.7562153931780377 0.7664448553699743 0.37644828425109633 0.02 5.941001767546548 -0.19803260842277126 0.7536073929951204 -0.026423343123084156
0.7716931977188556 0.7738902270408965 0.37226858354610926 0.02 5.886512314078723 -0.20898503524935386 0.7680418639525313 -0.03200449069658565
0.7873181533933943 0.7812477837269349 0.3678778343019218 0.02 5.825635250971261 -0.21953746220937376 0.7822641474033498 -0.038469046890306724
0.8030884226825409 0.78851346445733 0.36328403651975094 0.02 5.758358120182303 -0.22968988910854193 0.796170828841278 -0.04589950956405486
0.8190020900477678 0.7956833682613462 0.3584951902008138 0.02 5.6851058939796 -0.2394423159468584 0.8096419367054221 -0.05436477839131637
0.8350571651311317 0.802753754168195 0.35351929534244153 0.02 5.606864833709866 -0.24879474291861214 0.8225460262311408 -0.06391037115871237
0.8512515859552742 0.8097210412071232 0.34836435194640636 0.02 5.525217991937938 -0.2577471698017586 0.8347496869580259 -0.07454917492174137
0.867583222123422 0.8165818084073906 0.3430383600133702 0.02 5.442233038024545 -0.2662995966518089 0.8461306292335495 -0.08625572526328867
0.8840498780193863 0.823332794798215 0.33754931954121936 0.02 5.3601965017964055 -0.27445202360754095 0.8565914971465524 -0.09896669804595457
0.900649296007563 0.8299708994088384 0.33190523053117094 0.02 5.281269693334757 -0.28220445050242127 0.8660704187933408 -0.1125882840717386
0.9173791596329334 0.8364931812685161 0.3261140929838868 0.02 5.207189636282045 -0.28955687736420543 0.8745451967156614 -0.1270083544021274
0.9342370968210628 0.8428968594064723 0.3201839068978085 0.02 5.13911032113812 -0.29650930430391575 0.8820306110348396 -0.14210964018451175
0.9512206830781017 0.8491793128519443 0.3141226722735979 0.02 5.077600963707805 -0.3030617312105299 0.8885708271168293 -0.1577805313602217
0.9683274446907854 0.8553380806341826 0.30793838911191695 0.02 5.022752141997468 -0.30921415808404795 0.8942299201877326 -0.17392186338181456
0.9855548619264339 0.8613708617824289 0.30163905741231734 0.02 4.974322308943539 -0.314966584979981 0.8990830055923962 -0.19044982361399196
1.002900372232952 0.8672755153258993 0.2952326771735181 0.02 4.931874972367554 -0.3203190119399624 0.9032092817546825 -0.20729605195547865
1.02036137343883 0.8730500602939006 0.2887272484000669 0.02 4.894883840079293 -0.3252714386725586 0.9066872623851624 -0.22440615008321177
1.0379352269531417 0.8786926757155866 0.28213077108429907 0.02 4.86280288553643 -0.3298238657883923 0.9095918954614965 -0.24173753647362117
1.0556192609655466 0.8842017006202463 0.2754512452329827 0.02 4.835107583279456 -0.3339762925658185 0.9119930741776019 -0.2592572230196738
1.073410773646289 0.8895756340371208 0.2686966708437266 0.02 4.81131576477496 -0.33772871946280425 0.9139550688288701 -0.2769398012683437
1.0913070363461972 0.8948131349954092 0.2618750479144172 0.02 4.790995452831526 -0.3410811464654717 0.9155365126162927 -0.2947657440673294
1.1093052967966852 0.8999130225244012 0.2549943764496021 0.02 4.7737650307914175 -0.344033573240754 0.9167906853714602 -0.3127200309540849
1.1274027823097517 0.9048742756533223 0.24806265644605752 0.02 4.759289257456972 -0.3465860001772292 0.9177659290924034 -0.3307910620149254
1.1455967029779794 0.909696033411389 0.24108788790333513 0.02 4.7472732599551195 -0.34873842713611936 0.9185060930847992 -0.34896981127265425
1.1638842548745367 0.9143775948278643 0.2340780708237622 0.02 4.737455712330936 -0.35049085397864665 0.9190509484235381 -0.36724917125113055
1.1822626232531765 0.918918418931991 0.2270412052063353 0.02 4.729601829754364 -0.35184328087134453 0.9194365373979578 -0.3856234469990507
1.2007289857482364 0.923318124752992 0.21998529105005105 0.02 4.72349646807567 -0.352795707814213 0.9196954388520169 -0.40408796580130896
1.2192805155746382 0.9275764913200923 0.21291832835501623 0.02 4.718937432618496 -0.35334813475174087 0.9198569388774063 -0.4226387765777493
1.2379143847278902 0.9316934576625968 0.20584831712522345 0.02 4.715729013330273 -0.35350056148963915 0.9199471009318068 -0.44127241960542224
1.2566277671840844 0.9356691228097125 0.1987832573557835 0.02 4.713675741850512 -0.35325298847199704 0.9199887320581006 -0.45998575246401024
1.2754178420998967 0.9395037457906152 0.19173114904513788 0.02 4.712576390693199 -0.3526054155322811 0.9200012438269363 -0.4787758222652229
1.2942817970125897 0.9431977456346496 0.18469999220172006 0.02 4.7122182958913434 -0.3515578421708909 0.920000408924591 -0.4976397770560349
1.3132168310400092 0.9467517013709736 0.17769778681619997 0.02 4.7122110048283865 -0.35011026927600497 0.9199970880548054 -0.5165748107922641
1.332220158080587 0.9501663520288917 0.17073253289590085 0.02 4.712198869051267 -0.34826269601495596 0.9199936041205814 -0.5355781375133645
1.3512890100133383 0.9534425966375659 0.16381223043371307 0.02 4.712178360022085 -0.34601512310938887 0.9199897962565613 -0.5546469890655839
1.370420639897865 0.9565814942263273 0.15694487943807012 0.02 4.712149873960162 -0.34336754978214756 0.9199855065072218 -0.5737786184685324
1.3896123251743522 0.9595842638243646 0.15013847990186235 0.02 4.712113811423854 -0.34031997681038817 0.9199805832201209 -0.5929703031124878
1.4088613708635702 0.9624522844609018 0.14340103182686192 0.02 4.712070576394495 -0.3368724037500215 0.9199748813418099 -0.6122193479557109
1.4281651127668742 0.9651870951651986 0.13674053521484097 0.02 4.712020575370986 -0.3330248306010475 0.9199682626838305 -0.6315230887223355
1.4475209206662047 0.9677903949665279 0.13016499006646143 0.02 4.711964216477753 -0.32877725741897734 0.9199605961584685 -0.6508788951008093
1.466926201524086 0.9702640428940645 0.12368239637683409 0.02 4.711901908588653 -0.3241296844813668 0.9199517579840947 -0.6702841739428682
1.4863784026836282 0.972610057977108 0.117300754152172 0.02 4.711834060469342 -0.31908211123310437 0.9199416318600714 -0.689736372463028
1.5058750150685258 0.9748306192448819 0.1110280633886962 0.02 4.711761079940403 -0.3136345381737904 0.9199301091113521 -0.7092329814385512
1.5254135763830579 0.9769280657266011 0.10487232408595837 0.02 4.711683373063463 -0.3077869651368914 0.9199170888030439 -0.7287715384098619
1.5449916743120877 0.9789048964514935 0.09884153624462044 0.02 4.711601343352331 -0.3015393920668963 0.9199024778253401 -0.7483496308813729
1.5646069497210655 0.9807637704488892 0.09294369986978523 0.02 4.711515391011061 -0.2948918187417604 0.9198861909493591 -0.7679648995226838
1.5842570998560237 0.9825075067479094 0.08718681495101244 0.02 4.711425912200674 -0.2878442459386399 0.9198681508545515 -0.7876150413701037
1.6039398815435815 0.9841390843778886 0.08157888149895598 0.02 4.711333298336126 -0.28039667260282286 0.9198482881284533 -0.8072978130284656
1.6236531143909418 0.9856616423680187 0.07612789950650622 0.02 4.7112379354149345 -0.27254909962248774 0.9198265412396713 -0.8270110338731822
1.6433946839858928 0.9870784797475496 0.07084186897654554 0.02 4.711140203378705 -0.2643015264980342 0.9198028564850891 -0.8467525892524945
1.6631625450968064 0.9883930555456777 0.06572878990640518 0.02 4.711040475508652 -0.2556539535070179 0.9197771879123732 -0.8665204336898843
1.6829547248726422 0.9896089887917903 0.06079666230562886 0.02 4.710939117856014 -0.2466063800388163 0.9197494972189433 -0.8863125940865942
1.7027693260429404 0.9907300585149104 0.056053486156004695 0.02 4.710836488708123 -0.2371588074812081 0.9197197536286463 -0.9061271729242124
1.722604530117829 0.9917602037444295 0.05150726147595819 0.02 4.710732938090691 -0.22731123400232534 0.9196879337474375 -0.9259623514672966
1.742458600588021 0.9927035235095971 0.0471659882583797 0.02 4.710628807306718 -0.21706366087892448 0.9196540213994321 -0.945816392965989
1.7623298861248118 0.9935642768395425 0.04303766649726981 0.02 4.710524428512292 -0.20641608805549438 0.9196180074447359 -0.9656876458585772
1.7822168237800848 0.9943468827636526 0.0391302962055029 0.02 4.710420124329325 -0.19536851458834548 0.9195798895805036 -0.9855745469739989
1.8021179421567308 0.9950559188322994 0.035451803432340334 0.02 4.710316207495318 -0.18392463865812836 0.9195396721267649 -1.005475624704646
1.8220318634745571 0.9956960658913161 0.03200735295083579 0.02 4.710212980555456 -0.1722225240752273 0.9194973658008765 -1.0253895010745357
1.841957302155551 0.9962719340496973 0.028793407919058822 0.02 4.710110735608265 -0.1606972515888483 0.919452987488315 -1.045314890326682
1.8618930617142557 0.9967879779352318 0.025802194276725032 0.02 4.710009754093246 -0.1495606821166895 0.9194065600095088 -1.065250595815426
1.8818380315577645 0.9972484921754399 0.02302571201040493 0.02 4.709910306609591 -0.13882411331600508 0.9193581118812593 -1.0851955068081947
1.9017911837857269 0.9976576113981173 0.020455961133869494 0.02 4.709812652763116 -0.12848754382677186 0.9193076770737917 -1.1051485952870745
1.9217515699903438 0.9980193102308466 0.01808494163646479 0.02 4.709717041039068 -0.11855097487023514 0.9192552947645353 -1.1251089127501697
1.9417183180563722 0.9983374033014192 0.01590465352863113 0.02 4.7096237086985315 -0.10901440539168306 0.919201009089633 -1.1450755870127576
1.9616906289611205 0.9986155452374135 0.01390709679971458 0.02 4.7095328816962185 -0.09987783644582748 0.9191448688940766 -1.1650478190082083
1.9816677735744523 0.9988572306665944 0.012084271459045226 0.02 4.709444774617516 -0.0911412670334677 0.9190869274812711 -1.1850248795886964
2.0016490894587835 0.9990657942165582 0.010428177498189584 0.02 4.70935959063272 -0.08280469804278212 0.9190272423627308 -1.2050061063256767
2.021633977669085 0.9992444105150655 0.008930814925367514 0.02 4.709277521466487 -0.07486812864110348 0.9189658750085267 -1.22499090031015
2.0416218995528785 0.9993960941896862 0.00758418373103531 0.02 4.70919874738062 -0.0673315597166102 0.9189028905990068 -1.2449787229527047
2.0616123735502443 0.9995236998682877 0.006380283930074171 0.02 4.709123437168366 -0.06019499004805695 0.9188383577782385 -1.2649690927833386
2.0816049719938112 0.9996299221783467 0.0053111155029483825 0.02 4.70905174815853 -0.05345842135628942 0.9187723484095335 -1.2849615822510807
2.1015993179087644 0.9997172957476597 0.004368678465649367 0.02 4.708983826227777 -0.04712185186495077 0.9187049373333436 -1.3049558145234106
2.121595081812842 0.9997881952038767 0.0035449728108538636 0.02 4.708919805819593 -0.041185282739775175 0.9186362021277472 -1.3249514602854897
2.1415919785163355 0.9998448351746791 0.002831998540120395 0.02 4.708859809968486 -0.035648713536673426 0.9185662228716734 -1.3449482345392023
2.1615897639220902 0.9998892702877349 0.0022217556527870386 0.02 4.708803950328079 -0.030512144366667826 0.9184950819109536 -1.3649458934020373
2.181588231825506 0.9999233951707875 0.0017062441526327632 0.02 4.708752327201861 -0.02577557500771377 0.9184228636272289 -1.3849442309058053
2.201587210714533 0.9999489444513454 0.0012774640278934157 0.02 4.708705029575471 -0.021439006236967373 0.9183496542096911 -1.4049430757952064
2.22158656056968 0.9999674927573476 9.274153001115337E-4 0.02 4.7086621351494555 -0.0175024363890941 0.9182755414295832 -1.4249422883262794
2.2415861696640045 0.9999804547162316 6.480979442002877E-4 0.02 4.708623710371569 -0.013965867795562303 0.9182006144173449 -1.4449417570647083
2.261585951363122 0.9999890849558657 4.3151198170221505E-4 0.02 4.708589810467776 -0.01082929812490363 0.9181249634422433 -1.4649413956840431
2.2815858409251977 0.9999944781037939 2.696573964122706E-4 0.02 4.70856047947122 -0.008092729264497223 0.9180486796943002 -1.484941139763813
2.301585792300953 0.9999975687877694 1.5453419877076158E-4 0.02 4.70853575024849 -0.005756159882075451 0.9179718550682926 -1.5049409435875765
2.321585774933663 0.9999991316354873 7.814238589531897E-5 0.02 4.708515644522678 -0.0038195906437721305 0.9178945819495773 -1.5249407769408903
2.341585770559152 0.9999997812744521 3.24819482422356E-5 0.02 4.708500172892764 -0.002283021882654168 0.9178169530014713 -1.544940621909238
2.3615857700058056 0.999999972332688 9.55291179494111E-6 0.02 4.708489334848979 -0.0011464518223647246 0.9177390609539002 -1.5649404696759397
2.3815857699945577 0.9999999994376063 1.3552459154908547E-6 0.02 4.708483118783926 -4.098832939725128E-4 0.9176609983930161 -1.5849403173199947
2.401585769994558 1.000000000000023 2.812083899073059E-8 0.02 4.708481501999298 -6.63562538250062E-5 0.9175828575512591 -1.6049401646696333
2.4215857699945578 0.9999999999999787 -2.220446049250313E-12 0.02 4.7084844507084584 -1.406152971838992E-6 0.9175047300941964 -1.6249400120715556
2.4415857699945582 1.000000000000023 2.220446049250313E-12 0.02 4.70849192003679 2.220446049250313E-10 0.9174267069007452 -1.6449398598804634
2.461585769994558 0.9999999999999787 -2.220446049250313E-12 0.02 4.708503854021684 -2.220446049250313E-10 0.9173488778414641 -1.6649397084457083
2.4815857699945583 1.000000000000023 2.220446049250313E-12 0.02 4.708520185612516 2.220446049250313E-10 0.9172713315567983 -1.6849395581092685
2.501585769994558 0.9999999999999787 -2.220446049250313E-12 0.02 4.708540836670619 -2.220446049250313E-10 0.9171941552353259 -1.7049394092037429
2.5215857699945583 1.000000000000023 2.220446049250313E-12 0.02 4.708565717969248 2.220446049250313E-10 0.9171174343920014 -1.7249392620504922
2.5415857699945574 0.9999999999999565 -3.3306690738754696E-12 0.02 4.708594729193537 -2.7755575615628914E-10 0.9170412526463997 -1.7449391169578066
2.561585769994558 1.000000000000023 3.3306690738754696E-12 0.02 4.708627758940457 3.3306690738754696E-10 0.9169656915009571 -1.764938974219221
2.5815857699945575 0.9999999999999787 -2.220446049250313E-12 0.02 4.708664684718759 -2.7755575615628914E-10 0.9168908301192118 -1.784938834111938
2.6015857699945584 1.0000000000000453 3.3306690738754696E-12 0.02 4.7087053729489305 2.7755575615628914E-10 0.9168167451040422 -1.804938696895355
2.621585769994558 0.9999999999999787 -3.3306690738754696E-12 0.02 4.708749678963139 -3.3306690738754696E-10 0.9167435102759045 -1.8249385628097667
2.6415857699945584 1.000000000000023 2.220446049250313E-12 0.02 4.70879744700518 2.7755575615628914E-10 0.9166711964510668 -1.8449384320752074
2.661585769994558 0.9999999999999787 -2.220446049250313E-12 0.02 4.708848510230427 -2.220446049250313E-10 0.9165998712198434 -1.8649383048904151
2.6815857699945584 1.000000000000023 2.220446049250313E-12 0.02 4.708902690705786 2.220446049250313E-10 0.9165295987248264 -1.884938181432
2.701585769994558 0.9999999999999787 -2.220446049250313E-12 0.02 4.708959799409647 -2.220446049250313E-10 0.9164604394391155 -1.9049380618537541
2.7215857699945585 1.000000000000023 2.220446049250313E-12 0.02 4.709019636231853 2.220446049250313E-10 0.9163924499445469 -1.92493794628615
2.741585769994558 0.9999999999999787 -2.220446049250313E-12 0.02 4.709081989973662 -2.220446049250313E-10 0.9163256827099213 -1.9449378348360071
2.7615857699945576 0.9999999999999787 0.0 0.02 4.709146638347728 1.1102230246251565E-10 0.9162601858692292 -1.96493772758633
2.781585769994558 1.000000000000023 2.220446049250313E-12 0.02 4.7092133479780856 1.1102230246251565E-10 0.9161960029998768 -1.9849376245963382
2.8015857699945577 0.9999999999999787 -2.220446049250313E-12 0.02 4.709281874400139 -2.220446049250313E-10 0.9161331729009102 -2.0049375259016466
2.821585769994558 1.000000000000023 2.220446049250313E-12 0.02 4.709351962060665 2.220446049250313E-10 0.9160717293712402 -2.0249374315146484
2.8415857699945577 0.9999999999999787 -2.220446049250313E-12 0.02 4.709423344317829 -2.220446049250313E-10 0.9160117009878649 -2.044937341425028
2.861585769994558 1.000000000000023 2.220446049250313E-12 0.02 4.7094957434412 2.220446049250313E-10 0.9159531108840953 -2.064937255600471
2.8815857699945577 0.9999999999999787 -2.220446049250313E-12 0.02 4.709568870611783 -2.220446049250313E-10 0.9158959765277778 -2.0849371739874814
2.901585769994558 1.000000000000023 2.220446049250313E-12 0.02 4.709642425922055 2.220446049250313E-10 0.91584030949952 -2.1049370965123724
2.9215857699945578 0.9999999999999787 -2.220446049250313E-12 0.02 4.7097160983760125 -2.220446049250313E-10 0.9157861152709159 -2.124937023082354
2.9415857699945582 1.000000000000023 2.220446049250313E-12 0.02 4.70978956588922 2.220446049250313E-10 0.9157333929827725 -2.144936953586745
2.961585769994558 0.9999999999999787 -2.220446049250313E-12 0.02 4.709862495288865 -2.220446049250313E-10 0.9156821352233366 -2.164936887898258
2.9815857699945583 1.000000000000023 2.220446049250313E-12 0.02 4.709934542313821 2.220446049250313E-10 0.9156323278065254 -2.1849368258743675
3.001585769994558 0.9999999999999787 -2.220446049250313E-12 0.02 4.710005351614702 -2.220446049250313E-10 0.9155839495501551 -2.2049367673587112
3.0215857699945583 1.000000000000023 2.220446049250313E-12 0.02 4.710074556753922 2.220446049250313E-10 0.915536972054174 -2.2249367121825125
3.041585769994558 0.9999999999999787 -2.220446049250313E-12 0.02 4.710141780205751 -2.220446049250313E-10 0.9154913594788953 -2.244936660166003
3.0615857699945583 1.000000000000023 2.220446049250313E-12 0.02 4.710206633356367 2.220446049250313E-10 0.9154470683232321 -2.2649366111197757
3.081585769994558 0.9999999999999787 -2.220446049250313E-12 0.02 4.710268716503891 -2.220446049250313E-10 0.9154040472029333 -2.2849365648460824
3.1015857699945584 1.000000000000023 2.220446049250313E-12 0.02 4.710327618858421 2.220446049250313E-10 0.9153622366288215 -2.30493652114004
3.121585769994558 0.9999999999999787 -2.220446049250313E-12 0.02 4.710382918542049 -2.220446049250313E-10 0.9153215687850309 -2.3249364797906096
3.1415857699945584 1.000000000000023 2.220446049250313E-12 0.02 4.710434182588861 2.220446049250313E-10 0.9152819673072464 -2.3449364405814555
3.161585769994558 0.9999999999999787 -2.220446049250313E-12 0.02 4.7104809669449255 -2.220446049250313E-10 0.9152433470609435 -2.3649364032915097
3.1815857699945584 1.000000000000023 2.220446049250313E-12 0.02 4.7105228164682575 2.220446049250313E-10 0.9152056139196276 -2.3849363676952704
3.201585769994558 0.9999999999999787 -2.220446049250313E-12 0.02 4.710559264928767 -2.220446049250313E-10 0.9151686645430736 -2.4049363335627225
3.2215857699945585 1.000000000000023 2.220446049250313E-12 0.02 4.710589835008187 2.220446049250313E-10 0.9151323861555644 -2.424936300658878
3.241585769994558 0.9999999999999787 -2.220446049250313E-12 0.02 4.710614038299985 -2.220446049250313E-10 0.9150966563241291 -2.4449362687428424
3.2615857699945576 0.9999999999999787 0.0 0.02 4.710631375309258 1.1102230246251565E-10 0.9150613427367795 -2.4649362375663344
3.281585769994558 1.000000000000023 2.220446049250313E-12 0.02 4.71064133545261 1.1102230246251565E-10 0.915026302980745 -2.4849362068716134
3.3015857699945577 0.9999999999999787 -2.220446049250313E-12 0.02 4.710786500118708 -2.220446049250313E-10 0.9149916196323299 -2.5049361767897556
3.321585769994558 1.000000000000023 2.220446049250313E-12 0.02 4.714337934201447 2.220446049250313E-10 0.9149870449566708 -2.5249361654589433
3.3415857699945577 0.9999999999999787 -2.220446049250313E-12 0.02 4.722871281738483 -2.220446049250313E-10 0.9151027480209419 -2.54493576982782
3.361585769994558 1.000000000000023 2.220446049250313E-12 0.02 4.736828201785222 2.220446049250313E-10 0.9154424236988422 -2.5649327225842136
3.3815857699945577 0.9999999999999787 -2.220446049250313E-12 0.02 4.756878707104248 -2.220446049250313E-10 0.9161207174919451 -2.5849208819391225
3.401585769994558 1.000000000000023 2.220446049250313E-12 0.02 4.783976614881538 2.220446049250313E-10 0.9172681096652604 -2.6048873293469077
3.4215857699945578 0.9999999999999787 -2.220446049250313E-12 0.02 4.819430765886806 -2.220446049250313E-10 0.9190367619831369 -2.6248079215302713
3.4415857699945582 1.000000000000023 2.220446049250313E-12 0.02 4.864984134881176 2.220446049250313E-10 0.9216072367198803 -2.6446403076293747
3.461585769994558 0.9999999999999787 -2.220446049250313E-12 0.02 4.922870125322978 -2.220446049250313E-10 0.9251952850120482 -2.664312986658454
3.4815857699945583 1.000000000000023 2.220446049250313E-12 0.02 4.995760920894915 2.220446049250313E-10 0.9300561518454744 -2.6837087332069696
3.501585769994558 0.9999999999999787 -2.220446049250313E-12 0.02 5.0864168896036075 -2.220446049250313E-10 0.9364802228692052 -2.7026417056409993
3.5215857699945583 1.000000000000023 2.220446049250313E-12 0.02 5.196718315655632 2.220446049250313E-10 0.9447682622826646 -2.7208324376480197
3.541585769994558 0.9999999999999787 -2.220446049250313E-12 0.02 5.325856170637249 -2.220446049250313E-10 0.9551716716163011 -2.7378973886366196
3.5615857699945583 1.000000000000023 2.220446049250313E-12 0.02 5.46833126280838 2.220446049250313E-10 0.9677983539418716 -2.7533857385012754
3.581585769994558 0.9999999999999787 -2.220446049250313E-12 0.02 5.613902172983392 -2.220446049250313E-10 0.9825300082835982 -2.7668864991133186
3.6015857699945584 1.000000000000023 2.220446049250313E-12 0.02 5.751061248768621 2.220446049250313E-10 0.9990284425415923 -2.7781636263685883
3.621585769994558 0.9999999999999787 -2.220446049250313E-12 0.02 5.871634640614038 -2.220446049250313E-10 1.016846707865851 -2.7872203625446184
3.6415857699945584 1.000000000000023 2.220446049250313E-12 0.02 5.972547581145901 2.220446049250313E-10 1.0355606131097468 -2.794252453704561
3.661585769994558 0.9999999999999787 -2.220446049250313E-12 0.02 6.054498188784542 -2.220446049250313E-10 1.0548403698544482 -2.799550304105384
3.6815857699945584 1.000000000000023 2.220446049250313E-12 0.02 6.119873804580748 2.220446049250313E-10 1.0744588697116337 -2.8034196823229207
3.701585769994558 0.9999999999999787 -2.220446049250313E-12 0.02 6.171346889541471 -2.220446049250313E-10 1.0942705933042671 -2.8061413261645276
3.7215857699945585 1.000000000000023 2.220446049250313E-12 0.02 6.2112429050758795 2.220446049250313E-10 1.1141865041001502 -2.80795886871989
3.741585769994558 0.9999999999999787 -2.220446049250313E-12 0.02 6.241351399339514 -2.220446049250313E-10 1.13415424951461 -2.809080885779713
3.7615857699945585 1.000000000000023 2.220446049250313E-12 0.02 6.262916719049085 2.220446049250313E-10 1.1541446345108657 -2.809688328892367
3.781585769994558 0.9999999999999787 -2.220446049250313E-12 0.02 6.276670611768977 -2.220446049250313E-10 1.1741428485138234 -2.809943481213356
3.8015857699945577 0.9999999999999787 0.0 0.02 6.2828431454332625 1.1102230246251565E-10 1.1941427379276506 -2.8099993304539015
3.821585769994558 1.000000000000023 2.220446049250313E-12 0.02 0.0 1.1102230246251565E-10 1.2141427378598926 -2.81
3.8415857699945577 0.9999999999999787 -2.220446049250313E-12 0.02 0.0 -2.220446049250313E-10 1.234142737859893 -2.81
3.861585769994558 1.000000000000023 2.220446049250313E-12 0.02 0.0 2.220446049250313E-10 1.2541427378598944 -2.81
3.8815857699945577 0.9999999999999787 -2.220446049250313E-12 0.02 0.0 -2.220446049250313E-10 1.2741427378598895 -2.81
3.901585769994558 1.000000000000023 2.220446049250313E-12 0.02 0.0 2.220446049250313E-10 1.2941427378598838 -2.81
3.9215857699945578 0.9999999999999787 -2.220446049250313E-12 0.02 0.0 -2.220446049250313E-10 1.3141427378598773 -2.81
3.9415857699945582 1.000000000000023 2.220446049250313E-12 0.02 0.0 2.220446049250313E-10 1.3341427378598825 -2.81
3.961585769994558 0.9999999999999787 -2.220446049250313E-12 0.02 0.0 -2.220446049250313E-10 1.3541427378598896 -2.81
3.9815857699945583 1.000000000000023 2.220446049250313E-12 0.02 0.0 2.220446049250313E-10 1.3741427378598978 -2.81
4.001585769994558 1.0000000000000009 -1.1102230246251565E-12 0.02 0.0 -1.6653345369377348E-10 1.3941427378599056 -2.81
4.021585769994559 1.000000000000023 1.1102230246251565E-12 0.02 0.0 1.1102230246251565E-10 1.4141427378599138 -2.81
4.041585769994558 0.9999999999999787 -2.220446049250313E-12 0.02 0.0 -1.6653345369377348E-10 1.4341427378599212 -2.81
4.061585769994559 1.000000000000023 2.220446049250313E-12 0.02 0.0 2.220446049250313E-10 1.4541427378599063 -2.81
4.081585769994558 0.9999999999999787 -2.220446049250313E-12 0.02 0.0 -2.220446049250313E-10 1.474142737859886 -2.81
4.10158576999456 1.0000000000000675 4.440892098500626E-12 0.02 0.0 3.3306690738754696E-10 1.4941427378598673 -2.81
4.121585769994559 0.9999999999999787 -4.440892098500626E-12 0.02 0.0 -4.440892098500626E-10 1.5141427378598467 -2.81
4.14158576999456 1.000000000000023 2.220446049250313E-12 0.02 0.0 3.3306690738754696E-10 1.5341427378598271 -2.81
4.161585769994559 0.9999999999999787 -2.220446049250313E-12 0.02 0.0 -2.220446049250313E-10 1.5541427378598067 -2.81
4.18158576999456 1.000000000000023 2.220446049250313E-12 0.02 0.0 2.220446049250313E-10 1.5741427378597872 -2.81
4.201585769994559 0.9999999999999787 -2.220446049250313E-12 0.02 0.0 -2.220446049250313E-10 1.5941427378597668 -2.81
4.22158576999456 1.000000000000023 2.220446049250313E-12 0.02 0.0 2.220446049250313E-10 1.6141427378597473 -2.81
4.2415857699945585 0.9999999999999343 -4.440892098500626E-12 0.02 0.0 -3.3306690738754696E-10 1.634142737859726 -2.81
4.261585769994559 1.000000000000023 4.440892098500626E-12 0.02 0.0 4.440892098500626E-10 1.6541427378597064 -2.81
4.2815857699945585 0.9999999999999787 -2.220446049250313E-12 0.02 0.0 -3.3306690738754696E-10 1.674142737859686 -2.81
4.301585769994558 0.9999999999999787 0.0 0.02 0.0 1.1102230246251565E-10 1.6941427378596656 -2.81
4.321585769993755 0.999999999959833 -2.007283228522283E-9 0.02 0.0 -1.0036416142611415E-7 1.7141427378588423 -2.81
4.3415857697945075 0.9999999900376366 -4.96109819891899E-7 0.02 0.0 -2.4705126833168833E-5 1.734142737659575 -2.81
4.361585767409326 0.9999998807409316 -5.464835250990063E-6 0.02 0.0 -2.484362715549082E-4 1.7541427352743737 -2.81
4.381585756061524 0.9999994326098882 -2.24065521692296E-5 0.02 0.0 -8.470858459119768E-4 1.7741427239265515 -2.81
4.401585720986082 0.9999982462279178 -5.9319098522081504E-5 0.02 0.0 -0.0018456273176425952 1.7941426888510899 -2.81
4.421585636229649 0.9999957621783295 -1.2420247941236084E-4 0.02 0.0 -0.003244169044513967 1.8141426040946365 -2.81
4.441585461450538 0.9999912610444639 -2.2505669328154454E-4 0.02 0.0 -0.005042710693459185 1.8341424293155058 -2.81
4.461585138718734 0.9999838634097813 -3.698817341302174E-4 0.02 0.0 -0.0072412520424336435 1.8541421065836814 -2.81
4.481584589315885 0.9999725298575513 -5.666776115020866E-4 0.02 0.0 -0.00983979386859346 1.8741415571808122 -2.81
4.501583710535309 0.9999560609712077 -8.234443171772909E-4 0.02 0.0 -0.012838335283760216 1.8941406784002166 -2.81
4.521582372481991 0.9999330973340825 -0.0011481818562586454 0.02 0.0 -0.016236876954067725 1.914139340346878 -2.81
4.541580414872582 0.9999021195295832 -0.001548890224967181 0.02 0.0 -0.020035418435426777 1.9341373827374497 -2.81
4.561577643835402 0.9998614481409707 -0.0020335694306261587 0.02 0.0 -0.024233960282948885 1.9541346117002492 -2.81
4.581573828710435 0.9998092437516704 -0.0026102194650157173 0.02 0.0 -0.028832501719477932 1.9741307965752626 -2.81
4.601568698849338 0.9997435069451388 -0.003286840326577334 0.02 0.0 -0.033831043078080825 1.9941256667141452 -2.81
4.62156194041543 0.9996620783045973 -0.004071432027075161 0.02 0.0 -0.03922958502489138 2.014118908280217 -2.81
4.641553193183699 0.9995626384134759 -0.004971994556068893 0.02 0.0 -0.04502812644968657 2.034110161048467 -2.81
4.661542047340802 0.9994427078551471 -0.005996527916440897 0.02 0.0 -0.05122666801860021 2.0540990152055496 -2.81
4.681528040285062 0.99929964721297 -0.007153032108853097 0.02 0.0 -0.057825209620609996 2.074085008149789 -2.81
4.7015106534264675 0.9991306570702907 -0.008449507133967415 0.02 0.0 -0.06482375125571593 2.094067621291175 -2.81
4.721489308986678 0.9989327780105306 -0.009893952988004884 0.02 0.0 -0.07222229270187341 2.1140462768513655 -2.81
4.7414633667990165 0.9987028906169204 -0.011494369680509209 0.02 0.0 -0.08002083462521625 2.134020334663684 -2.81
4.761432121108478 0.9984377154730772 -0.0132587571921583 0.02 0.0 -0.08821937558245452 2.1539890889731477 -2.81
4.781394797371719 0.9981338131620276 -0.015195115552479876 0.02 0.0 -0.09681791801607886 2.1739517652364793 -2.81
4.801350549057066 0.9977875842673622 -0.017311444733270065 0.02 0.0 -0.10581645903950943 2.193907516921917 -2.81
4.821298454444516 0.9973952693725252 -0.019615744741852126 0.02 0.0 -0.11521500042910304 2.2138554223094586 -2.81
4.841237513425729 0.9969529490606366 -0.022116015594431104 0.02 0.0 -0.12501354262894893 2.233794481290762 -2.81
4.861166644304034 0.9964565439152473 -0.024820257269464463 0.02 0.0 -0.13521208375166793 2.253723612169158 -2.81
4.881084680594426 0.9959018145195841 -0.027736469783157247 0.02 0.0 -0.1458106256846392 2.2736416484596402 -2.81
4.900990367823568 0.9952843614571272 -0.030872653122848703 0.02 0.0 -0.1568091669845728 2.2935473356888734 -2.81
4.920882360343873 0.9945996260152246 -0.034236772095130874 0.02 0.0 -0.16820594861410854 2.3134393282092685 -2.81
4.9407592189796725 0.99384293178999 -0.03783471126173055 0.02 0.0 -0.17989695832998365 2.3333161868451584 -2.81
4.9606194120228375 0.9930096521582499 -0.04166398158700346 0.02 0.0 -0.19146351626364577 2.353176379888414 -2.81
4.9804613182804784 0.9920953128820464 -0.04571696381017176 0.02 0.0 -0.202649111158415 2.373018286146145 -2.81
5.000283230274889 0.9910955997205484 -0.04998565807490252 0.02 0.0 -0.21343471323653773 2.3928401981406466 -2.81
5.02008335744357 0.9900063584340479 -0.05446206432502265 0.02 0.0 -0.22382031250600676 2.4126403253094173 -2.81
5.039859829339204 0.9888235947816959 -0.05913818261760184 0.02 0.0 -0.2338059146289595 2.432416797205141 -2.81
5.059610698829678 0.9875434745236777 -0.0640060129009079 0.02 0.0 -0.24339151416530314 2.4521676666957046 -2.81
5.079333945298067 0.9861623234194372 -0.0690575552120265 0.02 0.0 -0.25257711555592977 2.471890913164183 -2.81
5.099027477842642 0.9846766272287866 -0.07428480953253214 0.02 0.0 -0.2613627160252818 2.491584445708849 -2.81
5.118689138476869 0.9830830317113293 -0.07967977587286512 0.02 0.0 -0.26974831701664925 2.511246106343165 -2.81
5.13831670532941 0.9813783426270373 -0.08523445421459996 0.02 0.0 -0.2777339170867421 2.530873673195795 -2.81
5.157907895844116 0.9795595257353185 -0.09094084458594054 0.02 0.0 -0.28531951856702875 2.55046486371059 -2.81
5.177460369980037 0.977623706796038 -0.09679094696402046 0.02 0.0 -0.2925051189039962 2.5700173378466 -2.81
5.196971733411416 0.9755681715689413 -0.10277676135483915 0.02 0.0 -0.29929071954093445 2.5895287012780677 -2.81
5.2164395407276904 0.9733903658137422 -0.10889028775995513 0.02 0.0 -0.30567632025579883 2.608996508594431 -2.81
5.23586129863349 0.9710878952899904 -0.11512352618758825 0.02 0.0 -0.31166192138165627 2.6284182665003195 -2.81
5.255234469148642 0.9686585257576041 -0.12146847661931304 0.02 0.0 -0.31724752158623915 2.6477914370155595 -2.81
5.274556472808167 0.9661001829762483 -0.12791713906779023 0.02 0.0 -0.3224331224238597 2.6671134406751724 -2.81
5.293824691862276 0.9634109527054235 -0.1344615135412397 0.02 0.0 -0.3272187236724733 2.6863816597293684 -2.81
5.313036473476383 0.9605890807053541 -0.14109360000347237 0.02 0.0 -0.3316043231116339 2.705593441343563 -2.81
5.332189132931085 0.9576329727351229 -0.14780539851155794 0.02 0.0 -0.33558992540427823 2.7247461007983524 -2.81
5.351279956822183 0.9545411945548921 -0.15458890901154376 0.02 0.0 -0.33917552499929116 2.7438369246895373 -2.81
5.370306206260666 0.9513124719241262 -0.16143613153829506 0.02 0.0 -0.34236112633756477 2.7628631741281064 -2.81
5.389265120072722 0.9479456906028361 -0.16833906606450455 0.02 0.0 -0.3451467263104746 2.7818220879402493 -2.81
5.408153917999731 0.9444398963504241 -0.17528971262059656 0.02 0.0 -0.3475323278046005 2.800710885867344 -2.81
5.426969803898266 0.94079429492675 -0.1822800711837047 0.02 0.0 -0.3495179281554073 2.8195267717659647 -2.81
5.445709968940094 0.9370082520914202 -0.18930214176648974 0.02 0.0 -0.3511035291392517 2.8382669368078783 -2.81
5.4643715948121825 0.9330812936044097 -0.19634792435052617 0.02 0.0 -0.35228912920182154 2.8569285626800514 -2.81
5.482951856916685 0.9290131052251294 -0.20340941896401787 0.02 0.0 -0.35307473067458517 2.8755088247846388 -2.81
5.501447927570954 0.9248035327134474 -0.21047862558409847 0.02 0.0 -0.3534603310040296 2.8940048954389916 -2.81
5.519856979207535 0.9204525818290676 -0.2175475442189878 0.02 0.0 -0.35344593174446715 2.912413947075657 -2.81
5.5381761875741695 0.9159604183317072 -0.22460817486802398 0.02 0.0 -0.3530315324518085 2.9307331554423746 -2.81
5.5564027349337906 0.9113273679810519 -0.2316525175327655 0.02 0.0 -0.35221713323707604 2.948959702802078 -2.81
5.574533813264528 0.9065539165368897 -0.23867257220810956 0.02 0.0 -0.3510027337672028 2.9670907811328986 -2.81
5.592566627459702 0.9016407097586665 -0.2456603389111578 0.02 0.0 -0.34938833515241186 2.985123595328154 -2.81
5.610498398527833 0.8965885534065521 -0.25260781760572115 0.02 0.0 -0.3473739347281679 3.0030553663963664 -2.81
5.628326366792631 0.89139841323993 -0.25950700833110574 0.02 0.0 -0.34495953626922926 3.0208833346612463 -2.81
5.646047795093002 0.8860714150185522 -0.26634991106888606 0.02 0.0 -0.34214513688901604 3.038604762961698 -2.81
5.663659971983048 0.8806088445022731 -0.2731285258139593 0.02 0.0 -0.3389307372536621 3.056216939851824 -2.81
5.68116021493206 0.8750121474506045 -0.2798348525834271 0.02 0.0 -0.3353163384733904 3.073717182800915 -2.81
5.69854587352453 0.869282929623516 -0.2864608913544231 0.02 0.0 -0.3313019385497995 3.0911028413934645 -2.81
5.715814332660138 0.8634229567803686 -0.2929986421573716 0.02 2.0347402698428496E-4 -0.3268875401474247 3.108371300496127 -2.809999431126924
5.7329630157537625 0.857434154681247 -0.29944010495608353 0.02 0.0018648261615870076 -0.32207313993559694 3.1255199746943303 -2.809984057664041
5.749989387935477 0.8513186090857161 -0.30577727977654234 0.02 0.00512696977641558 -0.31685874102294065 3.142546242984995 -2.809926789782099
5.766890959250544 0.8450785657533544 -0.3120021666180861 0.02 0.009928667073435204 -0.3112443420771882 3.1594473354792383 -2.8098017464374183
5.783665287859428 0.8387164304441974 -0.31810676545784844 0.02 0.016233635728455154 -0.3052299419881166 3.176220229148084 -2.8095844787331368
5.80030998323778 0.8322347689175835 -0.32408307633069455 0.02 0.024027116208615418 -0.29881554364230567 3.1928615531213334 -2.809251585791009
5.816822709376449 0.825636306933486 -0.3299230992048763 0.02 0.03331336387211403 -0.29200114370908636 3.209367495822656 -2.8087803953916652
5.833201187981478 0.8189239302514473 -0.33561883410193616 0.02 0.04411380872659432 -0.28478674485299393 3.2257337082313273 -2.808148695665487
5.849443201674109 0.8121006846315559 -0.3411622809945669 0.02 0.056465683560999236 -0.2771723446315377 3.241955198742301 -2.807334508557897
5.865546597190766 0.805169775832848 -0.3465454399353973 0.02 0.07042095376691782 -0.26915794704152063 3.258026215325149 -2.806315899427615
5.88150928858308 0.798134569615705 -0.3517603108571521 0.02 0.08604539673367473 -0.2607435460877383 3.273940112109668 -2.8050708202578787
5.897329260417871 0.7909985917395446 -0.3567988938080191 0.02 0.10341767631625787 -0.2519291475433505 3.2896891970752735 -2.8035769869866534
5.913004570977154 0.7837655279641531 -0.36165318876957286 0.02 0.12262824299716768 -0.24271474807768811 3.3052645590425627 -2.8018117944485996
5.928533355458134 0.7764392240489748 -0.366315195758915 0.02 0.1437778623247551 -0.233100349467108 3.320655872907793 -2.79975227565001
5.943913829173217 0.7690236857541777 -0.3707769147398565 0.02 0.16697553601808668 -0.2230859490470749 3.335851183836939 -2.79737511558969
5.95914429075 0.7615230788391436 -0.37503034575170346 0.02 0.1923355365418894 -0.2126715505923471 3.3508366744195968 -2.7946567334609775
5.974223125331276 0.7539417290638006 -0.3790674887671486 0.02 0.21997323217108444 -0.20185715077225552 3.3655964220265906 -2.7915734508776233
5.9891488077748845 0.7462841221804073 -0.3828803441696671 0.02 0.2499993552804327 -0.19064277012592612 3.380112160730482 -2.788101766725575
6.003919905651943 0.7385548938529052 -0.38646141637510567 0.02 0.28251237860995637 -0.17905361027192868 3.3943630688040796 -2.7842187611402816
6.01853507998151 0.7307587164783858 -0.38980886872597154 0.02 0.3175887499418547 -0.16737261754329325 3.408325611881038 -2.7799026503202926
6.032993082732001 0.7229001375245403 -0.3929289476922726 0.02 0.3552709406852341 -0.15600394831505326 3.4219734832502158 -2.7751335082117152
6.047292753629766 0.7149835448882591 -0.3958296318140597 0.02 0.39555364468106363 -0.14503420608935613 3.435277698008744 -2.769894156526724
6.061433016959104 0.7070131664669077 -0.3985189210675699 0.02 0.4383690128111712 -0.13446446267550982 3.4482069013673176 -2.7641712026136593
6.075412878362259 0.6989930701577496 -0.401004815457906 0.02 0.4835725126260106 -0.12429471951680426 3.460727949412723 -2.757956172539212
6.089231421639417 0.6909271638579018 -0.40329531499239124 0.02 0.5309317204204171 -0.11452497672426176 3.4728068037289805 -2.751246647879647
6.102887805548709 0.6828191954645568 -0.40539841966724666 0.02 0.5801208363974883 -0.1051552337427708 3.4844097456754355 -2.7440472764242205
6.116381260606207 0.6746727528749386 -0.40732212948091373 0.02 0.6307236315087231 -0.09618549068335369 3.4955048616481665 -2.7363705016855313
6.129711085885933 0.6664912639863019 -0.40907444443183394 0.02 0.6822466123511752 -0.08761574754601043 3.5060636856932654 -2.7282368579682714
6.142876645819851 0.6582779966958885 -0.4106633645206692 0.02 0.7341423988731464 -0.07944600444176331 3.5160628262910745 -2.7196747178036347
6.155877366997864 0.6500360589006604 -0.41209688976140413 0.02 0.7858410304389065 -0.07167626203674615 3.5254853723794692 -2.7107194556113368
6.168712734967826 0.6417683984980993 -0.4133830201280553 0.02 0.8367848824992329 -0.06430651833255752 3.534321886194718 -2.70141208998298
6.181382291035532 0.6334778033852739 -0.4145297556412686 0.02 0.8864618810652273 -0.05733677566066575 3.542570851073119 -2.6917975587468685
6.19388562906472 0.6251669014594174 -0.4155450962928242 0.02 0.9344321622128613 -0.050767032577780924 3.550238535013904 -2.6819228385209057
6.206222392277077 0.6168381606178386 -0.41643704207894316 0.02 0.9803450493614598 -0.04459728930594764 3.557338328619646 -2.67183512733858
6.2183922700522265 0.6084938887574776 -0.41721359301805094 0.02 1.0239455134163196 -0.038827546955388925 3.563889690406282 -2.661580269083311
6.230394994727743 0.6001362337758387 -0.41788274908194367 0.02 1.065071335620351 -0.033457803194636426 3.569916867692145 -2.6512015299452987
6.242230338399141 0.5917671835698801 -0.4184525102979286 0.02 1.1036434685785803 -0.028488060799247705 3.5754475566063366 -2.6407387639875077
6.253898109719882 0.5833885660370353 -0.4189308766422428 0.02 1.139652470080455 -0.023918317215709806 3.580511632298193 -2.6302279450803723
6.265398150701368 0.5750020490743246 -0.4193258481355322 0.02 1.1731435703779196 -0.019748574664468777 3.585140035622635 -2.6197010051969927
6.2767303335129485 0.5666091405790219 -0.419645424765136 0.02 1.2042022606423635 -0.01597883148019008 3.589363859059959 -2.6091859036901806
6.287894557281915 0.5582111884483432 -0.4198976065339366 0.02 1.2329415512691866 -0.012609088440029836 3.5932136401951578 -2.5987068532086823
6.298890744893506 0.5498093805795357 -0.42009039344037546 0.02 1.25949142286108 -0.009639345321943438 3.59671884817509 -2.5882846386462015
6.309718839790899 0.5414047448696557 -0.4202317854939963 0.02 1.283990549957479 -0.007069602681042397 3.599907536288545 -2.5779369798310108
6.32037880277522 0.5329981492160574 -0.42032978267991794 0.02 1.3065801117422158 -0.004899859296081388 3.6028061293777496 -2.567678903156189
6.3308706088055375 0.5245903015158593 -0.4203923850099045 0.02 1.3273993774955897 -0.0031301164993280395 3.6054393155596083 -2.5575230994776232
6.341194243798866 0.5161817496664334 -0.42042759247129524 0.02 1.3465827205362952 -0.0017603730695370245 3.6078300152347333 -2.547480254941251
6.35134970143016 0.5077728815646942 -0.42044340508695655 0.02 1.3642577328234327 -7.906307830651826E-4 3.6099994048396575 -2.5375593485510795
6.361336979935693 0.4993639252766524 -0.4204478144020918 0.02 1.3805441581048474 -2.2046575676171187E-4 3.6119669776019787 -2.527767914291118
6.371156079414145 0.4909549739225749 -0.42044756770387437 0.02 1.395553413591522 1.2334910870492877E-5 3.6137506277314846 -2.518112268442006
6.380807002115994 0.48254613509248756 -0.4204419415043681 0.02 1.409388523840053 2.813099753140591E-4 3.615366748406315 -2.5085977018531307
6.390289755334507 0.47413766092563314 -0.4204237083427209 0.02 1.422144328146874 9.116580823587128E-4 3.616830335986053 -2.4992286410255553
6.399604354605004 0.4657299635248524 -0.4203848700390367 0.02 1.433907857908086 0.0019419151842114957 3.6181550950370744 -2.490008783512719
6.408750826904867 0.45732361499313257 -0.42031742658599214 0.02 1.444758811997743 0.0033721726522273343 3.6193535408381945 -2.4809412114871017
6.417729213853527 0.44891934743302997 -0.4202133780051298 0.02 1.4547700803532413 0.005202429043116297 3.6204370973221787 -2.4720284866351037
6.426539574912477 0.4405180529474695 -0.4200647242780242 0.02 1.4640082818723275 0.007432686355279827 3.6214161892661627 -2.463272729162132
6.435181990585261 0.4321207836392116 -0.4198634654128952 0.02 1.4725342941404924 0.010062943256450296 3.6223003281250055 -2.4546756834669266
6.443656565617482 0.42372875161102996 -0.41960160140908087 0.02 1.4804037609567233 0.013093200190716914 3.623098191328594 -2.4462387725586217
6.451963432196797 0.415343328965756 -0.41927113226369883 0.02 1.487667569331305 0.016523457269101982 3.6238176951215277 -2.4379631430751187
6.460102753152921 0.40696604780623424 -0.41886405797608717 0.02 1.494372291692709 0.0203537143805832 3.6244660611999766 -2.429849702447343
6.468074725157623 0.3985986002351005 -0.4183723785566862 0.02 1.500560591818648 0.02458397097004905 3.625049877508057 -2.421899149424978
6.475879581924729 0.3902428383552703 -0.4177880939915113 0.02 1.5062715945954483 0.029214228258744868 3.6255751535906544 -2.414111999199138
6.48351759741012 0.38190077426953906 -0.4171032042865619 0.02 1.5115412210986536 0.034244485247469925 3.6260473709458543 -2.4064886038656566
6.490989089011734 0.37357458008071553 -0.41630970944117607 0.02 1.5164024909166232 0.03967474226929113 3.62647152879586 -2.399029169109504
6.498294420769563 0.36526658789144406 -0.4153996094635737 0.02 1.5208857941855145 0.045504998880119274 3.6268521856982665 -2.3917337676105186
6.505434006565657 0.35697928980469307 -0.4143649043375497 0.02 1.5250191357417653 0.051735256301199684 3.627193497377797 -2.384602349862197
6.51240831332412 0.34871533792317777 -0.41319759407576484 0.02 1.5288283540284033 0.05836551308924243 3.627499251150689 -2.3776347526726425
6.519217864211116 0.34047754434980426 -0.41188967866867543 0.02 1.5323373171248038 0.06539577035447053 3.627772897267931 -2.37083070582189
6.525863241834858 0.3322688811870922 -0.41043315813560355 0.02 1.535568098236888 0.07282602665359406 3.6280175774825167 -2.3641898371355117
6.532345091445621 0.32409248053815176 -0.4088200324470215 0.02 1.5385411328008654 0.08065628442910366 3.628236151114789 -2.3577116762070762
6.538664124135733 0.3159516345055735 -0.40704230162891264 0.02 1.5412753591331703 0.08888654090544179 3.628431218859115 -2.351395657059766
6.544821120039579 0.3078497951923165 -0.40509196566285155 0.02 1.543788344465502 0.09751679830305449 3.6286051445558782 -2.345241119834554
6.550816931533598 0.29979057470095327 -0.4029610245681603 0.02 1.54609639796434 0.10654705473456261 3.6287600751241014 -2.3392473116960746
6.5566524864362865 0.291777745134425 -0.4006414783264134 0.02 1.548214672194275 0.1159773120873453 3.62889795883055 -2.333413387083408
6.5623287912081985 0.2838152385955972 -0.3981253269413898 0.02 1.5501572543308235 0.12580756925117953 3.6290205620518754 -2.3277384074189142
6.567846934151941 0.2759071471871266 -0.39540457042352983 0.02 1.5519372483062326 0.1360378258929984 3.6291294846702358 -2.322221340318413
6.573208088612177 0.2680577230118164 -0.3924712087655102 0.02 1.553566848907215 0.14666808290098032 3.629226174225118 -2.316861058433288
6.578413516175628 0.26027137817252743 -0.3893172419644486 0.02 1.5550574087680902 0.1576983400530807 3.629311938933082 -2.311656337928986
6.583464569848028 0.2525526836199887 -0.38593472762693537 0.02 1.5564194990483606 0.16912571687566214 3.629387959672073 -2.3066058567534897
6.588362696227695 0.24490631898337334 -0.3823182318307694 0.02 1.5576629643089772 0.1808247898082982 3.629455301007136 -2.301708193628511
6.5931094342346395 0.2373369003472181 -0.3784709318077617 0.02 1.5587969717430359 0.19236500115038524 3.6295149213133566 -2.296961830312407
6.597706412019952 0.22984888926562697 -0.37440055407955697 0.02 1.559830056003943 0.20351888641023663 3.629567682107368 -2.292365155518389
6.602155343765806 0.22244658729269062 -0.37011509864681713 0.02 1.5607701605841564 0.21427277163699188 3.6296143566715062 -2.2879164687764715
6.6064580264854555 0.21513413598248654 -0.3656225655102041 0.02 1.561624676111653 0.22462665683065097 3.6296556380183262 -2.2836139842271415
6.61061633682324 0.20791551688921217 -0.3609309546637185 0.02 1.5624004758973875 0.23458054232428083 3.629692146240155 -2.2794558342603484
6.614632227854577 0.2007945515668741 -0.356048266116904 0.02 1.5631039489838687 0.24413442734072532 3.629724435283121 -2.2754400731209032
6.618507725885971 0.19377490156968769 -0.3509824998593203 0.02 1.5637410309502555 0.2532883128791852 3.629752999184425 -2.2715646804193628
6.622244927255006 0.18686006845176628 -0.3457416558960702 0.02 1.5643172326768284 0.2620421981625043 3.6297782778080965 -2.267827564595095
6.625845995130352 0.18005339376729879 -0.34033373422337476 0.02 1.5648376672551294 0.27039608363477186 3.629800662112802 -2.264226566331504
6.629313156311757 0.17335805907023882 -0.3347667348529981 0.02 1.5653070752054048 0.27834996851883176 3.629820498983216 -2.260759461930207
6.632648698030055 0.16677708591488205 -0.32904865776783865 0.02 1.565729848142464 0.28590385425797393 3.62983809565462 -2.2574239666525724
6.63585496474716 0.16031333585524443 -0.3231875029818809 0.02 1.5661100510131591 0.29305773929788614 3.629853723758725 -2.2542177380423647
6.63893435495607 0.15396951044550633 -0.3171912704869051 0.02 1.5664514430168204 0.2998116247487914 3.6298676230172746 -2.251138379216035
6.641889317980866 0.14774815123979046 -0.31106796028579353 0.02 1.5667574973021479 0.30616551005557824 3.6298800046083155 -2.248183442142962
6.64472235077671 0.1416516397922063 -0.30482557237920815 0.02 1.5670314195270145 0.3121193953292689 3.6298910542288407 -2.245350430904378
6.647435994729848 0.1356821976568945 -0.29847210676559044 0.02 1.5672761653548717 0.31767328068088574 3.629900934876047 -2.242636804945536
6.650032832457606 0.12984188638793803 -0.29201556344782276 0.02 1.567494456955136 0.3228271658883841 3.6299097893682997 -2.24003998231933
6.652515484608397 0.12413260753953992 -0.2854639424199057 0.02 1.5676887985683483 0.32758105139585325 3.629917742625709 -2.2375573429111166
6.654886606661712 0.11855610266575667 -0.2788252436891625 0.02 1.567861491187619 0.33193493653715933 3.6299249037289556 -2.2351862316742084
6.657148885728127 0.11311395332072038 -0.27210746725181423 0.02 1.5680146464080018 0.33588882186741387 3.6299313677740996 -2.2329239618452696
6.659305037349299 0.10780758105859434 -0.26531861310630234 0.02 1.5681501994866416 0.33944270727559456 3.6299372175398927 -2.2307678181612562
6.661357802297968 0.10263824743348415 -0.2584666812555092 0.02 1.5682699216553024 0.3425965925396568 3.6299425249831563 -2.2287150600746286
6.663309943377959 0.09760705399952663 -0.2515596716978763 0.02 1.5683754317234593 0.3453504778816452 3.6299473525768287 -2.2267629249651337
6.665164242224175 0.09271494231080091 -0.244605584436286 0.02 1.5684682070077338 0.34770436307951513 3.629951754504337 -2.2249086313443045
6.666923496102604 0.08796269392146172 -0.23761241946695932 0.02 1.5685495936202551 0.34965824846633353 3.6299557777229974 -2.2231493820664037
6.668590514710318 0.08335093038569497 -0.23058817678833776 0.02 1.5686208161482154 0.3512121339310781 3.6299594629083645 -2.221482367532282
6.670168116975469 0.07888011325754007 -0.22354085640774457 0.02 1.568682986754018 0.3523660190296596 3.6299628452905592 -2.219904768893611
6.671659127857292 0.07455054409115647 -0.21647845831918033 0.02 1.5687371137245334 0.35311990442821184 3.629965955392826 -2.218413761255352
6.673066375146105 0.07036236444064592 -0.20940898252552742 0.02 1.5687841094963428 0.35347378968264564 3.629968819681824 -2.2170065168816864
6.674392686263308 0.06631555586014137 -0.2023404290252273 0.02 1.568824798183265 0.3534276750150056 3.6299714611384384 -2.2156802083947564
6.675640885061384 0.062409939903806944 -0.19528079781672147 0.02 1.5688599226304665 0.3529815604252917 3.6299738997571844 -2.2144320119790644
6.676813788623899 0.0586451781257491 -0.1882380889028923 0.02 1.5688901510192643 0.3521354456914594 3.6299761529816665 -2.213259110580905
6.6779142040655 0.055020772080061064 -0.18122030228440167 0.02 1.5689160830451445 0.3508893309245309 3.6299782360829114 -2.212158697110957
6.678944925331918 0.05153606332091165 -0.17423543795747065 0.02 1.5689382556908855 0.34924321634655087 3.6299801624868278 -2.211127977644599
6.679908729999966 0.04819023340241202 -0.1672914959249816 0.02 1.5689571486156166 0.3471971016244524 3.6299819440565013 -2.210164174623073
6.68080837607754 0.04498230387866009 -0.16039647618759645 0.02 1.5689731891797574 0.34475098686925776 3.6299835913345198 -2.2092645300537064
6.681646598803615 0.04191113630378496 -0.15355837874375666 0.02 1.568986757124914 0.3419048721919893 3.629985113750039 -2.208426308710191
6.682426107448255 0.03897543223199129 -0.14678520358968328 0.02 1.5689981889269196 0.33865875770366927 3.6299865197948558 -2.20764680133362
6.683149582112601 0.03617373321729289 -0.14008495073492 0.02 1.5690077818394113 0.3350126427381639 3.629987817172352 -2.206923327832488
6.683819670528879 0.03350442081391236 -0.13346562016902652 0.02 1.569015797644497 0.3309665282946739 3.6299890129227568 -2.206253240482989
6.684438984860397 0.03096571657588143 -0.12693521190154655 0.02 1.569022466126289 0.3265204133739985 3.629990113527852 -2.2056339271294494
6.685010098501545 0.028555682057396226 -0.12050172592426023 0.02 1.5690279882823526 0.3216742988643162 3.6299911249978707 -2.205062814384032
6.685535542877796 0.026272218812550818 -0.11417316224227037 0.02 1.5690325392873772 0.31642818409949314 3.6299920529430847 -2.20453737082716
6.686017804245706 0.02411306839551486 -0.107957520851798 0.02 1.5690362712227413 0.31078206952361853 3.629992902632248 -2.204055110207755
6.686459320492912 0.02207581236031153 -0.10186280176016638 0.02 1.5690393155850053 0.30473595458158087 3.62999367903984 -2.203613594643138
6.686862477938136 0.020157872261172827 -0.0958970049569352 0.02 1.56904178558577 0.2982898401615586 3.629994386883804 -2.2032104378193496
6.6872296081311795 0.018356509652184272 -0.09006813044942774 0.02 1.569043778254803 0.2914437253753732 3.629995030655269 -2.2028433081906718
6.687562984652929 0.016668826087462563 -0.08438417823608546 0.02 1.5690453763578605 0.284197610667114 3.6299956146415404 -2.2025099321804413
6.687864819915352 0.015091763121155566 -0.07885314831534984 0.02 1.5690466501401554 0.276551496036781 3.6299961429434853 -2.202208097380372
6.688137261961499 0.0136221023073535 -0.07348304069010325 0.02 1.5690476589060114 0.2685053812623295 3.629996619488282 -2.201935655750965
6.6883823912655025 0.012256465200177757 -0.06828185535878717 0.02 1.5690484524449078 0.26005926656580414 3.629997048038341 -2.2016905268215727
6.68860221753258 0.010991313353869714 -0.06325759231540218 0.02 1.5690490723137365 0.25121315216924955 3.6299974321971185 -2.201470700890172
6.688798676499027 0.009822948322346647 -0.058418251576153324 0.02 1.5690495529848008 0.2419670369624427 3.6299977754124058 -2.2012742422235103
6.688973626732225 0.008747511659912277 -0.053771833121718515 0.02 1.569049922868841 0.23232092272174043 3.629998080977582 -2.201099292257151
6.689128846430638 0.007760984920635039 -0.049326336963861905 0.02 1.569050205222061 0.2222748078928305 3.6299983520312646 -2.2009440727954064
6.689266030223811 0.0068591896586589485 -0.045089763098804525 0.02 1.5690504189458987 0.21182869325286902 3.6299985915556796 -2.2008068892113375
6.6893867859723715 0.006037787428025965 -0.04107011153164919 0.02 1.5690505792880654 0.20098257835776678 3.629998802374039 -2.2006861336467924
6.6894926315684815 0.005292279805502176 -0.037275381126189444 0.02 1.5690506984531152 0.18973652027298726 3.629998987147148 -2.2005802882119605
6.689584992005486 0.004618021850211207 -0.033712897764548444 0.02 1.5690507861307803 0.17812416808205 3.6299991483698966 -2.2004879279156677
6.689665198939507 0.004010346701077694 -0.030383757456675653 0.02 1.5690508499511966 0.16645701539363955 3.6299992883716548 -2.2004077211038267
6.689734493327139 0.0034647193815739996 -0.027281365975184713 0.02 1.5690508958727651 0.15511957407454702 3.6299994093217016 -2.2003384268217525
6.6897940286207485 0.002976764680484578 -0.02439773505447107 0.02 1.5690509285072922 0.14418154603568212 3.629999513235389 -2.200278891618824
6.689844873968488 0.0025422673869623935 -0.021724864676109235 0.02 1.5690509513903372 0.13364351891809179 3.629999601980125 -2.200228046348533
6.689888017414283 0.0021571722897739676 -0.019254754859421297 0.02 1.5690509672045008 0.12350549083439688 3.6299996772812433 -2.2001849029684504
6.689924369097843 0.0018175841780099233 -0.016979405588202212 0.02 1.5690509779625526 0.11376746356095424 3.629999740727768 -2.200148551340256
6.689954764454654 0.0015197678405520776 -0.014890816872892287 0.02 1.569050985156431 0.10442943576549624 3.629999793778128 -2.200118156029739
6.689979967415983 0.0012601480664287124 -0.012980988706168262 0.02 1.5690509898774527 0.09549140833620129 3.6299998377658214 -2.200092953106798
6.690000673608874 0.0010353096445481214 -0.01124192109402955 0.02 1.5690509929124081 0.08695338060693558 3.629999873905053 -2.2000722469454432
6.69001751355615 8.419973637874278E-4 -0.009665614038034676 0.02 1.5690509948195708 0.07881535279974372 3.6299999032963526 -2.2000554070238167
6.690031055876414 6.771160132146292E-4 -0.008244067528639931 0.02 1.5690509959881775 0.07107732546973722 3.629999926932177 -2.2000418647241777
6.69004181048405 5.377303818221435E-4 -0.006969281569624286 0.02 1.5690509966843833 0.06373929795078226 3.629999945702511 -2.200031110132921
6.690050231789217 4.2106525834917363E-4 -0.005833256173648493 0.02 1.569050997086273 0.05680126979878963 3.6299999604004594 -2.2000226888405803
6.690056721897858 3.2450543203665916E-4 -0.004827991315625724 0.02 1.5690509973101494 0.05026324290113848 3.629999971727832 -2.200016198741824
6.69006163381169 2.45595691605871E-4 -0.003945487021539407 0.02 1.569050997429902 0.04412521470431585 3.6299999803007355 -2.200011286835473
6.690065274628212 1.8204082610218109E-4 -0.003177743275184497 0.02 1.5690509974910452 0.038387187317745486 3.629999986655156 -2.2000076460244964
6.690067908740702 1.317056244953818E-4 -0.0025167600803399637 0.02 1.5690509975206215 0.033049159742226664 3.629999991252548 -2.2000050119160184
6.690069761038217 9.261487572409521E-5 -0.00195453743856433 0.02 1.5690509975340468 0.028111132088781687 3.6299999944854155 -2.2000031596213256
6.690071020105591 6.295336869577284E-5 -0.0014830753514161188 0.02 1.569050997539697 0.023573104357410557 3.6299999966829013 -2.2000019005558693
6.690071841423441 4.1065892508740376E-5 -0.001094373809351623 0.02 1.5690509975418676 0.019435077103224785 3.6299999981163706 -2.2000010792392697
6.690072350568159 2.545723591929061E-5 -7.804328294724883E-4 0.02 1.5690509975426128 0.01569704899395674 3.629999999004995 -2.2000005700953267
6.69007264641192 1.4792188052226152E-5 -5.332523933532229E-4 0.02 1.5690509975428353 0.012359021805963266 3.62999999952134 -2.200000274252017
6.690072804322675 7.895537734725622E-6 -3.448325158750265E-4 0.02 1.569050997542889 0.009420993873909822 3.6299999997969454 -2.200000116341502
6.6900728793641555 3.752074029250707E-6 -2.0717318527374573E-4 0.02 1.5690509975428992 0.006882966530064039 3.629999999927918 -2.200000041300136
6.690072909495871 1.506585789456949E-6 -1.122744119896879E-4 0.02 1.5690509975429001 0.004744938664202891 3.6299999999805075 -2.200000011168466
6.6900729187731125 4.6386205987403173E-7 -5.213618647914586E-5 0.02 1.5690509975429012 0.003006911275527102 3.6299999999966994 -2.2000000018912385
6.690072920546948 8.869176504333609E-8 -1.8758514741534782E-5 0.02 1.5690509975429001 0.001668883586880554 3.6299999999997956 -2.2000000001174063
6.690072920664224 5.863798335781212E-9 -4.141398335377744E-6 0.02 1.5690509975429012 7.308558203078519E-4 3.63 -2.2000000000001307
6.690072920664353 6.483702463810914E-12 -2.9286573166587004E-7 0.02 1.5690509975429012 1.924266301855937E-4 3.63 -2.2
6.690072920664353 0.0 -3.241851231905457E-10 0.02 1.5690509975429012 1.4627077327133975E-5 3.63 -2.2
