2.666666666666667E-11 1.3333333333333335E-9 6.666666666666667E-8 0.02 0.0 3.3333333333333333E-6 2.666666667701787E-11 0.0
8.533333333333335E-10 4.133333333333334E-8 2.0000000000000003E-6 0.02 0.0 9.666666666666668E-5 8.53333333618925E-10 0.0
6.479999999999999E-9 2.8133333333333326E-7 1.1999999999999995E-5 0.02 6.283185307179586 4.999999999999998E-4 6.480000002141039E-9 -4.1359030627651384E-25
2.730666666666667E-8 1.0413333333333335E-6 3.800000000000001E-5 0.02 6.283185307179585 0.0013000000000000008 2.7306666675677785E-8 -1.1580528575742387E-23
8.333333333333335E-8 2.801333333333334E-6 8.800000000000002E-5 0.02 6.283185307179575 0.002500000000000001 8.333333336081929E-8 -3.3087224502121107E-22
2.0735999999999997E-7 6.20133333333333E-6 1.699999999999998E-4 0.02 6.2831853071795125 0.004099999999999988 2.0736000006839187E-7 -5.082197683525802E-21
4.4818666666666683E-7 1.2041333333333343E-5 2.9200000000000065E-4 0.02 6.2831853071792425 0.006100000000000042 4.4818666681447016E-7 -5.140431198649535E-20
8.738133333333335E-7 2.1281333333333332E-5 4.6199999999999947E-4 0.02 6.28318530717828 0.008499999999999942 8.738133336213503E-7 -3.806354306724012E-19
1.5746399999999998E-6 3.504133333333331E-5 6.879999999999989E-4 0.02 6.2831853071753425 0.011299999999999973 1.5746400005181908E-6 -2.2273790139235895E-18
2.6666666666666673E-6 5.4601333333333376E-5 9.780000000000032E-4 0.02 6.283185307167416 0.01450000000000021 2.6666666675404885E-6 -1.081745776938467E-17
4.294693333333333E-6 8.140133333333328E-5 0.0013399999999999953 0.02 6.283185307148021 0.018099999999999606 4.294693334725891E-6 -4.518793718659604E-17
6.635519999999999E-6 1.1704133333333331E-4 0.0017820000000000015 0.02 6.283185307104234 0.02210000000000031 6.635520002100149E-6 -1.666664378664924E-16
9.901146666666668E-6 1.6328133333333344E-4 0.0023120000000000063 0.02 6.283185307011816 0.026500000000000242 9.901146669638454E-6 -5.537062846530834E-16
1.4341973333333339E-5 2.2204133333333353E-4 0.002938000000000005 0.02 6.283185306827573 0.031299999999999925 1.4341973337170374E-5 -1.6828604956493735E-15
2.0249999999999994E-5 2.9540133333333276E-4 0.0036679999999999612 0.02 6.283185306477825 0.03649999999999782 2.025000000416425E-5 -4.73690978477527E-15
2.7962026666666672E-5 3.8560133333333387E-4 0.004510000000000056 0.02 6.28318530584153 0.04210000000000472 2.7962026670609725E-5 -1.2471652129000116E-14
3.786285333333334E-5 4.950413333333335E-4 0.00547199999999998 0.02 6.2831853047262305 0.048099999999996236 3.786285334378643E-5 -3.096389925060297E-14
5.038847999999999E-5 6.262813333333325E-4 0.006561999999999952 0.02 6.283185302834561 0.054499999999998605 5.038848000880226E-5 -7.29804264980663E-14
6.602930666666667E-5 7.82041333333334E-4 0.007788000000000071 0.02 6.283185299718565 0.061300000000005926 6.60293066848532E-5 -1.6421735729598742E-13
8.533333333333335E-5 9.652013333333341E-4 0.009158000000000006 0.02 6.283185294718498 0.06849999999999677 8.533333335109117E-5 -3.544543470041829E-13
1.0890935999999998E-4 0.0011788013333333314 0.010679999999999863 0.02 6.283185286882142 0.07609999999999284 1.0890936001507447E-4 -7.368754586546677E-13
1.3743018666666665E-4 0.0014260413333333334 0.012362000000000104 0.02 6.2831852748599815 0.08410000000001203 1.374301866903875E-4 -1.4806008320961996E-12
1.7163581333333336E-4 0.0017102813333333355 0.0142120000000001 0.02 6.283185256770762 0.09249999999999979 1.7163581337894293E-4 -2.884078352115467E-12
2.1233663999999997E-4 0.0020350413333333306 0.016237999999999756 0.02 6.283185230031081 0.10129999999998282 2.123366400376176E-4 -5.46069981767483E-12
2.6041666666666666E-4 0.0024040013333333347 0.018448000000000204 0.02 6.28318519114173 0.11050000000002239 2.604166667331318E-4 -1.0073217067874292E-11
3.168366933333334E-4 0.0028210013333333354 0.020850000000000035 0.02 6.283185135422396 0.12009999999999156 3.1683669340585674E-4 -1.814072554825151E-11
3.826374999414159E-4 0.0032900403304041274 0.0234519498535396 0.02 6.28318505668528 0.13009749267697823 3.826375000245001E-4 -3.1951771035845095E-11
4.5894207473812405E-4 0.003815228739835407 0.026259420471563974 0.02 6.283184946838331 0.1403735309012187 4.589420747982376E-4 -5.51299430911166E-11
5.469544221245233E-4 0.004400617369319961 0.029269431474227697 0.02 6.283184795412683 0.15050055013318617 5.469544222606662E-4 -9.331384560992868E-11
6.47956483408462E-4 0.005050103064196937 0.032474284743848815 0.02 6.28318458900652 0.16024266348105587 6.479564834991029E-4 -1.5513358111139686E-10
7.633049368140043E-4 0.005767422670277115 0.035865980304008914 0.02 6.283184310635559 0.16958477800800495 7.633049370091502E-4 -2.535914951878708E-10
8.944279974814309E-4 0.006556153033371331 0.03943651815471079 0.02 6.283183938981497 0.17852689253509377 8.944279976724088E-4 -4.079857584041689E-10
0.0010428222174672394 0.007419710999290423 0.04317789829595461 0.02 6.283183447530093 0.18706900706219087 0.0010428222177247166 -6.465526583630636E-10
0.0012100492857441442 0.00836135341384524 0.04708212072774081 0.02 6.283182803590884 0.19521112158931014 0.0012100492859424554 -1.010047879753187E-9
0.001397732828201076 0.009384177122846586 0.051141185450067315 0.02 6.283181967190973 0.20295323611632526 0.0013977328284542686 -1.5565392655347843E-9
0.001607555207643181 0.010491118972105251 0.05534709246293326 0.02 6.283180889835929 0.2102953506432973 0.001607555208053443 -2.3677441653375056E-9
0.0018412543237918259 0.011684955807432246 0.059691841766349764 0.02 6.283179513131434 0.2172374651708251 0.0018412543242575846 -3.5573141161275926E-9
0.0021006204132845902 0.012968304474638218 0.06416743336029855 0.02 6.2831777672601525 0.22377957969743933 0.0021006204135567245 -5.281548661416856E-9
0.0023874928496752726 0.014343621819534117 0.06876586724479496 0.02 6.2831755693091 0.22992169422482028 0.002387492850289172 -7.753109006799347E-9
0.002703756943433885 0.015813204687930627 0.07347914341982549 0.02 6.283172821443804 0.2356638087515267 0.002703756944089441 -1.1258401059728931E-8
0.0030513407419466604 0.017379189925638763 0.07829926188540684 0.02 6.283169408926501 0.24100592327906747 0.003051340742573591 -1.6179406465846938E-8
0.0034322118295160428 0.019043554378469118 0.08321822264151772 0.02 6.283165197976865 0.2459480378055441 0.0034322118302839008 -2.3020859018542394E-8
0.003848374127360701 0.020808114892232905 0.08822802568818934 0.02 6.28316003347486 0.2504901523335809 0.0038483741279029173 -3.244379240220294E-8
0.004301864693615514 0.02267452831274065 0.0933206710253872 0.02 6.283153736506583 0.254632266859893 0.004301864694295772 -4.5306622879380185E-8
0.00479475052333158 0.0246442914858033 0.09848815865313251 0.02 6.283146101755417 0.2583743813872656 0.004794750523277347 -6.271507613274732E-8
0.00532912534847621 0.026718741257231518 0.10372248857141095 0.02 6.283136894741906 0.26171649591392177 0.005329125348409286 -8.608242121552201E-8
0.005907106437932937 0.028899054472836336 0.10901566078024091 0.02 6.28312584891767 0.2646586104414983 0.005907106437172403 -1.1720163278598761E-7
0.0065308313975015065 0.031186247978428477 0.11435967527960704 0.02 6.283112662619463 0.26720072496830627 0.006530831395768746 -1.5833126788215163E-7
0.007202454969897888 0.03358117861981908 0.11974653206953019 0.02 6.283096995891661 0.2693428394961575 0.007202454966056382 -2.1229700845979554E-7
0.007924145834754256 0.03608454324281838 0.12516823114996495 0.02 6.283078467186356 0.2710849540217379 0.00792414582698158 -2.826109893987183E-7
0.008698083408619012 0.03869687869323783 0.1306167725209726 0.02 6.283056649952054 0.2724270685503821 0.00869808339599418 -3.7361119664030065E-7
0.009526454644956769 0.041418561816887814 0.13608415618249908 0.02 6.283031069123499 0.27336918307632463 0.009526454624809439 -4.906233810157701E-7
0.010411450834148357 0.044249809459579424 0.1415623821345805 0.02 6.283001197526139 0.27391129760407085 0.010411450801539286 -6.401480899618367E-7
0.011355264403490824 0.04719067846712336 0.14704345037719682 0.02 6.282966452210562 0.2740534121308161 0.011355264352007252 -8.300755627143469E-7
0.012360085717197433 0.05024106568533044 0.15251936091035395 0.02 6.282926190733628 0.2737955266578565 0.012360085636871406 -1.0699313661649903E-6
0.013428099876397665 0.0534007079600116 0.15798211373405785 0.02 6.2828797074037315 0.2731376411851949 0.013428099754093979 -1.3711557670555152E-6
0.014561483519137218 0.05666918213697762 0.16342370884830126 0.02 6.282826229509716 0.2720797557121707 0.014561483334648089 -1.7474199280435865E-6
0.01576240162037799 0.060045905062038656 0.16883614625305166 0.02 6.282764913553064 0.2706218702375196 0.01576240134272929 -2.2149820932673356E-6
0.017033004291998142 0.06353013358100755 0.17421142594844471 0.02 6.282694841504159 0.26876398476965296 0.017033003884164965 -2.7930869766490396E-6
0.018375423582792004 0.0671209645396931 0.17954154793427754 0.02 6.2826150171066635 0.26650609929164126 0.01837542298488355 -3.5044115619786015E-6
0.019791770278470146 0.07081733478390712 0.18481851221070072 0.02 6.282524362248626 0.26384821382115925 0.019791769415045762 -4.375560556376529E-6
0.02128413070165934 0.07461802115945967 0.19003431877762794 0.02 6.282421713429425 0.26079032834636084 0.021284129456979703 -5.437614601129168E-6
0.022854563511902595 0.07852164051216272 0.19518096763515222 0.02 6.282305818338767 0.2573324428762139 0.022854561740420193 -6.726734367917472E-6
0.024505096505659116 0.08252664968782605 0.20025045878316675 0.02 6.282175332581452 0.25347455740072633 0.024505093998298956 -8.28482336441734E-6
0.026237723416304336 0.086631345532261 0.2052347922217472 0.02 6.2820288165622555 0.24921667192902286 0.026237719889665976 -1.0160252282483476E-5
0.0280544007141299 0.09083386489127827 0.2101259679508638 0.02 6.281864732561202 0.2445587864558299 0.028054395797791436 -1.240864732881923E-5
0.029957044406343676 0.09513218461068874 0.21491598597052353 0.02 6.28168144202558 0.23950090098298626 0.029957037589900627 -1.509374470660095E-5
0.031947526837069744 0.09952412153630338 0.21959684628073198 0.02 6.2814772030921215 0.23404301551042256 0.03194751745273278 -1.828831326019728E-5
0.0340276734873484 0.10400733251393277 0.22416054888146908 0.02 6.281250168375927 0.2281851300368551 0.034027660656003274 -2.207514657505752E-5
0.03619925977513615 0.10857931438938741 0.2285990937727321 0.02 6.280998383042153 0.22192724456315122 0.03619924232791924 -2.6548125630807343E-5
0.03846400785530571 0.11323740400847812 0.23290448095453567 0.02 6.280719783176975 0.2152693590901783 0.03846398428238088 -3.1813352623893953E-5
0.04082358341964607 0.11797877821701809 0.23706871042699848 0.02 6.280412194495787 0.20821147362314052 0.04082355175373642 -3.7990355602719045E-5
0.043279592496862376 0.12280045386081524 0.2410837821898576 0.02 6.280073331391331 0.2007535881429559 0.04327955019675998 -4.521336352460159E-5
0.045833578252576015 0.12769928778568196 0.2449416962433358 0.02 6.279700796351523 0.1928957026739106 0.04583352205964493 -5.36326501783535E-5
0.048487017789324564 0.13267197683742743 0.24863445258727357 0.02 6.27929207976399 0.18463781719688793 0.04848694354710495 -6.341594486089855E-5
0.05124131894656185 0.1377150578618643 0.2521540512218437 0.02 6.2788445601273795 0.17597993172850657 0.05124122136013458 -7.474990680490096E-5
0.054097817100657905 0.14282490770480272 0.25549249214692066 0.02 6.278355504673599 0.16692204625384788 0.05409768948900872 -8.784165987849382E-5
0.05705777196489897 0.14799774321205342 0.258641775362535 0.02 6.277822070440206 0.15746416078071812 0.05705760591122189 -1.0292038227238329E-4
0.06012236439067304 0.15322962128870332 0.2615939038324952 0.02 6.277241305781195 0.147606423498009 0.06012214935844646 -1.2023894617968489E-4
0.06329269352399686 0.15851645666619082 0.26434176887437516 0.02 6.276610152278577 0.137393252093998 0.06329241637989617 -1.4007560260246785E-4
0.06656977667933392 0.16385415776685314 0.2668850550331156 0.02 6.275925446527669 0.12716430793702216 0.06656942112553138 -1.627357226728146E-4
0.06995455209960794 0.16923877101370083 0.2692306623423846 0.02 6.275183921576318 0.11728036546344855 0.06995409799923481 -1.885536024740092E-4
0.07344788215391022 0.17466650271511439 0.27138658507067787 0.02 6.274382208371844 0.10779613641466457 0.07344730474071605 -2.1789432004530249E-4
0.0770505565374996 0.18013371917946913 0.2733608232177373 0.02 6.273516837271825 0.09871190735297186 0.07704982547526909 -2.511556400858206E-4
0.08076329547180258 0.18563694671514877 0.27516137678398195 0.02 6.272584239596579 0.09002767831223224 0.08076237372162483 -2.8876996408071925E-4
0.08458675290441314 0.19117287163052804 0.2767962457689635 0.02 6.271580749162817 0.08174344924907762 0.08458559549681463 -3.3120632535282857E-4
0.08852151970909285 0.1967383402339852 0.27827343017285816 0.02 6.270502603861063 0.07385922019473301 0.08852007217348579 -3.78972423767443E-4
0.09256812688577083 0.20233035883389927 0.27960092999570335 0.02 6.26934594714284 0.06637499114225953 0.0925663235324487 -4.326167030327538E-4
0.09672704876054379 0.20794609373864792 0.2807867452374324 0.02 6.268106829478459 0.05929076208645301 0.09672481067975078 -4.927304660612697E-4
0.10099870618567598 0.21358287125660957 0.28183887589808276 0.02 6.266781209762182 0.05260653303251761 0.10099593886739404 -5.599500272574567E-4
0.10538346973959926 0.2192381776961641 0.2827653219777265 0.02 6.265364956581673 0.04632230398218806 0.1053800604346089 -6.349589043271667E-4
0.10988166292691304 0.22490965936568866 0.28357408347622765 0.02 6.263853849439255 0.04043807492505602 0.10987747752985519 -7.184900442888456E-4
0.11449356537838425 0.23059512257356043 0.28427316039358885 0.02 6.262243579801516 0.034953845868060385 0.11448844497190899 -8.113280894507247E-4
0.11921941605094745 0.23629253362816016 0.28487055272998635 0.02 6.260529752096133 0.029869616819874767 0.11921317285782111 -9.143116769693288E-4
0.12405941642770475 0.24200001883786515 0.2853742604852494 0.02 6.2587078845447435 0.025185387763151934 0.1240518292430802 -0.001028335778441386
0.12901373371792577 0.24771586451105068 0.2857922836592766 0.02 6.25677340985271 0.020901158701361333 0.12900454280628237 -0.0011543540799513266
0.1340825040570478 0.2534385169561018 0.2861326222525565 0.02 6.254721675852573 0.017016929663993263 0.13407140525688588 -0.0012933813980322145
0.13926583570667564 0.25916658248139185 0.2864032762645019 0.02 6.2525479459469855 0.013532700597271297 0.13925247390696377 -0.0014464961437101603
0.14456381225458165 0.2648988273953004 0.28661224569542787 0.02 6.2502473995412755 0.010448471546298244 0.14454777394637858 -0.001614842825294234
0.1499764958147058 0.27063417800620715 0.2867675305453371 0.02 6.247815132327724 0.007764242495461593 0.14995730080670044 -0.0017996346027973134
0.1555039302271555 0.27637172062248555 0.2868771308139201 0.02 6.245246156555877 0.005480013429148833 0.15548102233490851 -0.0020021558891784447
0.1611461442582059 0.28211070155251955 0.28694904650169994 0.02 6.2425354012691425 0.0035957843889933283 0.161118880892473 -0.0022237650046102314
0.16690315480029957 0.2878505271046841 0.2869912776082284 0.02 6.239677712548903 0.0021115553264228204 0.16687079535676155 -0.002465896886517452
0.17277497007204679 0.2935907635873605 0.2870118241338204 0.02 6.236667853811248 0.0010273262796012261 0.17273666300998855 -0.002730065858324457
0.17876159281811693 0.29933113730350736 0.28701868580734147 0.02 6.2335005062193645 3.4308367605206946E-4 0.17871636128201857 -0.003017868458775677
0.1848630233196799 0.30507152507814883 0.2870193887320738 0.02 6.2301702693106815 3.514623661549088E-5 0.1848097492676771 -0.003330986330515942
0.19107926018928417 0.3108118434802132 0.2870159201032174 0.02 6.2266716632587995 -1.7343144281811718E-4 0.191016666662152 -0.003671189035508851
0.19741029790364933 0.3165518857182581 0.2870021119022459 0.02 6.22299913345002 -6.904100485760623E-4 0.1973369295871829 -0.004040336705113154
0.20385612361332728 0.3222912854838972 0.2869699882819543 0.02 6.219147056603218 -0.001606181014579544 0.2037703253363724 -0.00444038256758518
0.21041671394270245 0.32802951646875855 0.2869115492430685 0.02 6.2151097480281905 -0.0029219519442902353 0.21031660706283434 -0.004873375376325248
0.21709203178999165 0.33376589236445986 0.28681879478506533 0.02 6.210881470319448 -0.004637722900158181 0.21697548813331513 -0.005341461695519675
0.22388202312724417 0.33949956686262633 0.2866837249083237 0.02 6.206456443371717 -0.006753493837080571 0.22374663656626165 -0.005846888041033588
0.23078661380034168 0.3452295336548755 0.2864983396124593 0.02 6.201828856118517 -0.009269264793221321 0.23062966913729288 -0.006392002817931328
0.23780570632899836 0.3509546264328339 0.28625463889792035 0.02 6.196992880142477 -0.012185035726947069 0.23762414519639927 -0.006979258017754161
0.24493917670676071 0.3566735188881176 0.28594462276418375 0.02 6.191942685084661 -0.015500806686830071 0.2447295605514638 -0.007611210664386803
0.25218687120100763 0.362384724712346 0.28556029121142024 0.02 6.186672456311378 -0.019216577638175858 0.2519453409901186 -0.008290523932124955
0.2595486031529508 0.36808659759715867 0.2850936442406332 0.02 6.181176414875346 -0.023332348539351067 0.2592708356622437 -0.009019967904592932
0.26702414977763395 0.3737773312341569 0.28453668184991177 0.02 6.1754488399469825 -0.02784811953607247 0.2667053103288077 -0.009802419924512182
0.27461324896393347 0.37945495931497597 0.2838814040409532 0.02 6.169484094059193 -0.03276389044792882 0.2742479402752341 -0.010640864456559318
0.282315596074558 0.3851173555312254 0.28311981081247106 0.02 6.163276651054323 -0.03807966142410635 0.2818978032813067 -0.011538392442408951
0.29013084074604867 0.39076223357453477 0.2822439021654688 0.02 6.156821127196784 -0.043795432350113295 0.28965387227700373 -0.012498200044490274
0.29805858368877913 0.39638714713652323 0.28124567809942325 0.02 6.1501123153955195 -0.049911203302277496 0.2975150079777879 -0.013523586740035995
0.3060983734869554 0.40198948990881334 0.28011713861450516 0.02 6.143145222865568 -0.05642697424590448 0.3054799512891117 -0.014617952666080389
0.31424970339861596 0.40756649558302827 0.2788502837107465 0.02 6.1359151121797 -0.06334274518793315 0.31354731570728955 -0.015784795163984705
0.3225120081556317 0.4131152378507863 0.27743711338790167 0.02 6.128417545835799 -0.07065851614224128 0.32171557968848075 -0.017027704439816868
0.33088466076370593 0.4186326304037119 0.2758696276462802 0.02 6.1206484343454175 -0.0783742870810733 0.3299830790562478 -0.018350358266664493
0.3393669693023745 0.4241154269334274 0.2741398264857753 0.02 6.112604087945326 -0.0864900580252459 0.3383479993660581 -0.01975651562854608
0.3479581737250054 0.42956022113154746 0.27223970990600255 0.02 6.104281271740961 -0.09500582898863685 0.3468083684056402 -0.021250009242877427
0.35665744265879945 0.4349634466897012 0.27016127790768785 0.02 6.095677264034721 -0.10392159991573502 0.35536204897741674 -0.022834736900187974
0.3654638702047897 0.44032137729951293 0.2678965304905856 0.02 6.086789917738598 -0.11323737085511265 0.36400673187790594 -0.024514651521560543
0.37437647273784247 0.445630126652638 0.2654374676562543 0.02 6.07761772444332 -0.12295314171656413 0.37273992923803745 -0.026293749878442213
0.38339418579724743 0.4508856529702482 0.26277631588050854 0.02 6.068159880608653 -0.13305758878728868 0.3815589683795897 -0.0281760599290527
0.3925158626737462 0.4560838438249393 0.25990954273455436 0.02 6.058416353387252 -0.14333865729770912 0.39046098799604084 -0.030165627116997912
0.40174027647681626 0.4612206901535021 0.2568423164281408 0.02 6.04838794347227 -0.15336131532067698 0.3994429382003226 -0.032266500070224136
0.4110661233051865 0.4662923414185116 0.25358256325047623 0.02 6.038076345914214 -0.16298765888322908 0.4085015825666717 -0.03448271544099152
0.4204920254468369 0.47129510708252 0.2501382832004184 0.02 6.027484209463457 -0.17221400250289065 0.4176335008269498 -0.03681828163709239
0.4300165345789991 0.4762254566081092 0.24651747627946197 0.02 6.016615193116129 -0.1810403460478227 0.4268350925757535 -0.039277161555018175
0.4396381349681558 0.48108001945783574 0.2427281424863259 0.02 6.005474018791559 -0.18946668965680313 0.436102582010478 -0.0418632543769035
0.4493552466700413 0.48585558509427473 0.2387782818219497 0.02 5.994066518967931 -0.19749303321880962 0.44543202375067287 -0.04458037651649269
0.459166228729641 0.4905491029799869 0.23467589428560753 0.02 5.982399677906781 -0.2051193768171089 0.4548193098849984 -0.047432241853082036
0.4690693823811917 0.495157682577535 0.23042897987740618 0.02 5.970481665045479 -0.2123457204100676 0.4642601783871224 -0.05042244142433269
0.4790629542481822 0.4996785933495229 0.22604553859939536 0.02 5.958321859524555 -0.21917206390054123 0.47375022271805595 -0.05355442267638455
0.48914513954335154 0.5041092647584677 0.22153357044724098 0.02 5.945930864015942 -0.22559840760771888 0.4832849030834664 -0.056831468601682755
0.49931408526869087 0.5084472862669664 0.21690107542493564 0.02 5.9333205071414845 -0.23162475111526692 0.4928595589617988 -0.06025667686008185
0.5095678934154425 0.5126904073375821 0.21215605353078204 0.02 5.920503833075901 -0.23725109470768002 0.5024694231541219 -0.0638329392034756
0.5199046241641 0.5168365374328743 0.20730650476460943 0.02 5.907495077506142 -0.24247743830863033 0.5121096372617562 -0.067562921443203
0.5303222990844084 0.5208837460154214 0.2023604291273573 0.02 5.894309629259098 -0.2473037818626067 0.5217752685417437 -0.0714490442336688
0.540818904335364 0.5248302625477763 0.19732582661774467 0.02 5.88096397727605 -0.25173012548063145 0.5314613279946683 -0.07549346492510073
0.5513923938652144 0.5286744764925244 0.19221069723740491 0.02 5.867475642674917 -0.2557564690169878 0.5411627896948783 -0.07969806081351063
0.562040692611459 0.5324149373122256 0.18702304098505707 0.02 5.853863096323304 -0.2593828126173925 0.5508746110966474 -0.0840644140131345
0.5727616997008477 0.5360503544694362 0.18177085786053038 0.02 5.84014566252638 -0.2626091562263344 0.5605917541613119 -0.08859379821479993
0.5835532916493826 0.5395795974267481 0.176462147865597 0.02 5.826343409816146 -0.265435499746669 0.5703092071166718 -0.09328716757212491
0.5944133255623166 0.5430016956466999 0.17110491099758818 0.02 5.812477030251933 -0.26786184340044095 0.5800220065961859 -0.0981451479109677
0.6053396423341543 0.546315838591882 0.16570714725910873 0.02 5.798567708972887 -0.2698881869239722 0.5897252598954779 -0.1031680304241255
0.6163300698486512 0.5495213757248485 0.16027685664832259 0.02 5.784636986025425 -0.2715145305393074 0.5994141670838052 -0.1083557679777534
0.6273824261788149 0.552617816508183 0.15482203916672432 0.02 5.770706612733205 -0.2727408740799131 0.6090840427018239 -0.11370797411068503
0.6384945227869036 0.5556048304044325 0.14935069481247787 0.02 5.756798405082284 -0.27356721771232273 0.6187303367579797 -0.11922392474807403
0.649664167724427 0.5584822468761741 0.1438708235870778 0.02 5.742934096652937 -0.27399356127000285 0.6283486547720524 -0.12490256261503047
0.6608891688321467 0.5612500553859812 0.1383904254903534 0.02 5.729135193677653 -0.2740199048362202 0.6379347766077913 -0.13074250427424194
0.6721673369400748 0.5639084053964072 0.13291750052130125 0.02 5.7154228347149045 -0.2736462484526081 0.6474846738744964 -0.13674204967233966
0.6834964890674754 0.56645760637003 0.12746004868113836 0.02 5.701817657314554 -0.2728725920081443 0.6569945256821974 -0.14289919402120888
0.6948744516228638 0.5688981277694183 0.12202606996941645 0.02 5.688339673702858 -0.2716989355860955 0.666460732657687 -0.14921164185931482
0.7062990636040065 0.5712305990571376 0.11662356438596477 0.02 5.675008157532442 -0.2701252791725839 0.6758799289571028 -0.1556768229716207
0.7177681797979214 0.5734558096957443 0.11126053193033503 0.02 5.66184154296567 -0.2681516227814873 0.6852489923634175 -0.16229191002431786
0.7292796739808779 0.5755747091478247 0.1059449726040218 0.02 5.648857337435669 -0.2657779663156612 0.6945650522926392 -0.16905383755648046
0.7408314421183967 0.5775884068759396 0.10068488640574413 0.02 5.636072048813217 -0.26300430991388346 0.7038254957392714 -0.1759593220670564
0.7524214055652494 0.5794981723426351 0.09548827333477616 0.02 5.623501127309386 -0.2598306535483985 0.7130279712481249 -0.18300488295404035
0.7640475142654598 0.5813054350105207 0.09036313339427782 0.02 5.611158922300447 -0.25625699702491733 0.7221703908780547 -0.19018686395238435
0.7757077499523024 0.5830117843421301 0.08531746658047012 0.02 5.59905865366554 -0.2522833406903846 0.7312509303434571 -0.19750145486707443
0.7874001293483034 0.5846189698000492 0.0803592728959579 0.02 5.58721239707643 -0.24790968422561122 0.7402680274444687 -0.20494471334425618
0.7991227073652399 0.5861289008468273 0.07549655233890507 0.02 5.575631082457324 -0.24313602785264177 0.7492203788952844 -0.21251258642291568
0.8108735803041409 0.587543646945049 0.07073730491108376 0.02 5.564324504604958 -0.23796237139106502 0.7581069356932184 -0.22020093164327004
0.8226508890552865 0.5888654375572788 0.06608953061149059 0.02 5.553301344675708 -0.23238871497965885 0.7669268972868992 -0.22800553760533165
0.8344528222982078 0.5900966621460668 0.06156122943939968 0.02 5.542569201289953 -0.22641505860454547 0.7756797047028122 -0.2359221438159554
0.8462776197016879 0.591239870174004 0.05716040139686074 0.02 5.532134630120922 -0.220041402126947 0.784365032646108 -0.24394645955185396
0.8581235751237609 0.5922977711036503 0.052895046482315244 0.02 5.52200319021005 -0.2132677457272747 0.7929827810890018 -0.25207418194377373
0.8699890398117122 0.5932732343975622 0.04877316469559245 0.02 5.512179496204262 -0.2060940893361396 0.8015330660986549 -0.26030101282987295
0.8818724256020787 0.5941692895183259 0.04480275603818695 0.02 5.502667274828777 -0.198520432870275 0.8100162104150823 -0.26862267464566625
0.8937722081206486 0.5949891259284967 0.04099182050854022 0.02 5.493469424571456 -0.19054677648233653 0.8184327338088933 -0.27703492521769846
0.9056869299824615 0.595736093090643 0.037348358107314183 0.02 5.48458807761104 -0.18217312006130193 0.826783343251814 -0.2855335713439704
0.9176152039918081 0.5964137004673298 0.03388036883433809 0.02 5.47602466282829 -0.17339946364880454 0.8350689231923859 -0.29411448132978146
0.9295557163422308 0.5970256175211353 0.030595852690273873 0.02 5.467779969108066 -0.164225807203211 0.8432905259998086 -0.3027735964560895
0.941507229816523 0.5975756737146121 0.027502809673840556 0.02 5.459854208293269 -0.15465215082166583 0.8514493625777698 -0.31150694130994616
0.953468586973516 0.598067857849649 0.024609206751846635 0.02 5.452247077041418 -0.14468014609969604 0.8595467933560008 -0.3203106331423555
0.9654387125224106 0.5985062774447325 0.021920979754175285 0.02 5.444957817614686 -0.1344113498835675 0.8675843191395166 -0.3291808896472757
0.9774166123616823 0.5988949919635833 0.019435725942540394 0.02 5.437985278489261 -0.12426269058174455 0.8755635702256386 -0.3381140332924283
0.9894013705374252 0.5992379087871424 0.01714584117795681 0.02 5.431327973172664 -0.11449423822917915 0.8834862947886756 -0.3471064931132647
1.0013921460433983 0.5995387752986581 0.01504332557578092 0.02 5.424984135659694 -0.10512578010879459 0.891354347877654 -0.3561548054376476
1.013388169621026 0.5998011788813873 0.013120179136461019 0.02 5.418951772330105 -0.09615732196599502 0.8991696811156986 -0.36525561371674603
1.0253887405593969 0.6000285469185407 0.011368401857669852 0.02 5.413228710157427 -0.08758886393955834 0.9069343332169434 -0.37440566768797506
1.037393223495265 0.6002241467934044 0.009779993743186388 0.02 5.407812641468376 -0.0794204057241732 0.9146504210231822 -0.3836018216180015
1.0494010452130484 0.6003910858891737 0.008346954788462924 0.02 5.402701165028396 -0.07165194773617323 0.9223201314200381 -0.39284103214270627
1.0614116914448313 0.6005323115891414 0.0070612849983886505 0.02 5.397891823828606 -0.06428348950371365 0.9299457137441356 -0.4021203553462548
1.0734247036703617 0.6006506112765209 0.005914984368970977 0.02 5.3933821394962935 -0.05731503147088368 0.9375294729431987 -0.4114369434875442
1.085439675917053 0.6007486123345673 0.004900052902323537 0.02 5.389169643622341 -0.05074657333237198 0.9450737632522606 -0.4207880411876722
1.097456251559983 0.6008287821465008 0.004008490596674186 0.02 5.385251906085019 -0.04457811528246758 0.9525809824805377 -0.4301709812868219
1.109474120121895 0.6008934280955947 0.0032322974546916683 0.02 5.381626560596859 -0.03880965709912587 0.9600535667825563 -0.43958318030762106
1.1214930140731965 0.6009446975650756 0.0025634734740487275 0.02 5.3782913276048845 -0.03344119903214704 0.9674939859547077 -0.4490221336645962
1.1335127056319603 0.6009845779381906 0.001994018655748775 0.02 5.375244034746059 -0.02847274091499763 0.9749047391703414 -0.45848541059718567
1.145533003563924 0.6010148965981843 0.001515932999684999 0.02 5.37248263501958 -0.023904282803188792 0.9822883511250943 -0.4679706488716792
1.1575537499824904 0.6010373209283215 0.0011212165068608115 0.02 5.3700052228274595 -0.019735824641209376 0.9896473685814502 -0.4774755493164533
1.1695748171487257 0.601053358311765 8.018691721733973E-4 0.02 5.367810048045174 -0.015967366734370714 0.9969843572593273 -0.4869978701973941
1.1815961042713634 0.6010643561318862 5.498910060630635E-4 0.02 5.365895528274613 -0.012598908305516687 1.004301898993576 -0.49653542140154866
1.1936175343067992 0.6010715017717883 3.5728199510032255E-4 0.02 5.364260259379032 -0.009630450548137048 1.0116025892131375 -0.5060860585672592
1.2056390507590957 0.6010758226148272 2.1604215194592769E-4 0.02 5.362903024440911 -0.007061992157719743 1.0188890346345385 -0.5156476770861558
1.2176606144799804 0.6010781860442349 1.1817147038684084E-4 0.02 5.361822801233437 -0.004893534077954342 1.0261638511748277 -0.5252182060447131
1.2296822004688435 0.6010792994431524 5.566994587535845E-5 0.02 5.361018768300629 -0.0031250762255741193 1.0334296620165395 -0.5347956020758331
1.2417037946727427 0.6010797101949628 2.053759051712234E-5 0.02 5.360490309712323 -0.0017566177679118056 1.040689095828198 -0.5443778431816164
1.253725390786398 0.6010798056827693 4.77439032753324E-6 0.02 5.360237018557418 -7.88160009479455E-4 1.0479447850860728 -0.5539629225107559
1.2657469870521971 0.6010798132899509 3.8035907756750476E-7 0.02 5.360258699217825 -2.1970156249828676E-4 1.0551993644754958 -0.5635488421152668
1.2777685830601901 0.6010798003996509 -6.445149969280806E-7 0.02 5.360555368452463 -5.1243703724779266E-5 1.0624554693312345 -0.5731336066853829
1.2897901765480937 0.6010796743951774 -6.300223676092287E-6 0.02 5.361127255304538 -2.827854339582103E-4 1.069715734093581 -0.5827152172835172
1.3018117602012877 0.6010791826597028 -2.4586773728074718E-5 0.02 5.361974799831126 -9.143275025991215E-4 1.0769827907453795 -0.5922916650828797
1.313833318452819 0.6010779125765642 -6.350415693301414E-5 0.02 5.363098650640324 -0.0019458691602469713 1.084259267209123 -0.6018609251349216
1.325854824283397 0.6010752915288964 -1.3105238338972924E-4 0.02 5.364499661199926 -0.003377411322835755 1.0915477856380988 -0.6114209501310521
1.337876236021398 0.6010705869000543 -2.3523144210280122E-4 0.02 5.366178884879387 -0.005208952935653599 1.0988509606288202 -0.6209696642479547
1.3498974941428616 0.6010629060731798 -3.840413437261603E-4 0.02 5.368137568655758 -0.007440495081167953 1.106171397262834 -0.6305049570105962
1.361918518071494 0.6010511964316234 -5.854820778194991E-4 0.02 5.370377145414639 -0.010072036704666942 1.113511688987603 -0.6400246772426044
1.373939202978664 0.6010342453584894 -8.475536567020825E-4 0.02 5.372899224749698 -0.013103578944129168 1.1208744152744496 -0.6495266270820388
1.3859594165834075 0.6010106802371795 -0.001178256065492711 0.02 5.375705582159365 -0.016535120439531426 1.1282621390355831 -0.6590085561010408
1.3979789959524231 0.6009789684507827 -0.0015855893198413185 0.02 5.378798146526909 -0.020366662717430373 1.1356774037734871 -0.668468155559052
1.4099977443000768 0.6009374173826854 -0.0020775534048667055 0.02 5.382178985745847 -0.02459820425126935 1.1431227304065208 -0.6779030527849006
1.4220154277883967 0.6008841744159943 -0.0026621483345534713 0.02 5.385850290344638 -0.029229746484338293 1.1506006137338889 -0.6873108057122793
1.4340317723270788 0.6008172269341028 -0.003347374094575528 0.02 5.389814354972533 -0.03426128800110284 1.1581135185372382 -0.6966888976396828
1.4460464603734804 0.60073440232008 -0.004141230701137921 0.02 5.394073557580643 -0.039692830328119655 1.1656638752665038 -0.7060347322259812
1.4580591277326274 0.6006333679573483 -0.005051718136583894 0.02 5.3986303360828956 -0.04552437177229862 1.1732540751963276 -0.7153456286630726
1.4700693603572073 0.6005116312289949 -0.006086836417673602 0.02 5.403487162419165 -0.05175591405448543 1.1808864651898174 -0.7246188172810918
1.4820766911475751 0.6003665395183932 -0.007254585530080959 0.02 5.408646513749325 -0.058387455620367845 1.1885633418552624 -0.7338514354091111
1.4940805967517483 0.6001952802086596 -0.00856296548668034 0.02 5.414110840660297 -0.06541899782996907 1.1962869451595985 -0.7430405236640351
1.5060804943654118 0.5999948806831745 -0.010019976274255882 0.02 5.41988253223109 -0.07285053937877706 1.204059451467105 -0.7521830227223859
1.5180757385319126 0.5997622083250387 -0.011633617906792182 0.02 5.425963877709141 -0.080682081626815 1.211882965840289 -0.7612757704795929
1.530065617942265 0.5994939705176172 -0.013411890371073376 0.02 5.432357024891745 -0.08891362321405971 1.2197595138721484 -0.7703155000111521
1.5420493522351473 0.5991867146441177 -0.015362793674977837 0.02 5.439063934792097 -0.09754516519522305 1.2276910325985344 -0.7792988379051923
1.5540260887969013 0.598836828087701 -0.017494327820832822 0.02 5.446086332889752 -0.10657670729274926 1.2356793609355146 -0.7882223035805256
1.5659948995615365 0.5984405382317592 -0.0198144927970878 0.02 5.4534256566150665 -0.11600824881274896 1.243726229206237 -0.7970823091826257
1.5779547778112784 0.5979939124870937 -0.022331287233279262 0.02 5.461082999365226 -0.12583972180957304 1.2518332480589929 -0.80587516049263
1.5899046352618857 0.5974928725303696 -0.025051997836200712 0.02 5.46905905125048 -0.1360355301460725 1.2600018968341935 -0.8145970589801507
1.6018433016852374 0.5969333211675809 -0.027977568139436748 0.02 5.477354038422828 -0.1462785151618018 1.2682335129715807 -0.8232441067105877
1.6137695275727395 0.596311294375107 -0.03110133962369588 0.02 5.485967662168375 -0.1561885742129565 1.276529282972444 -0.8318123144775683
1.6256819873312143 0.5956229879237385 -0.034415322568426276 0.02 5.494899036877108 -0.1656991472365199 1.2848902333618064 -0.8402976113481478
1.6375792824829059 0.5948647575845789 -0.03791151695797801 0.02 5.50414662694399 -0.1748097194775866 1.2933172212259263 -0.8486958551257568
1.649459944865474 0.5940331191284121 -0.0415819228083425 0.02 5.513708183526736 -0.18352029251822444 1.3018109246836191 -0.8570028440463047
1.6613224398320008 0.5931247483263347 -0.04541854010386981 0.02 5.523580681556708 -0.19183086477636557 1.3103718330568428 -0.865214329397527
1.6731651694509841 0.592136480949168 -0.04941336885833092 0.02 5.533760258194896 -0.19974143772305553 1.3190002371494012 -0.8733260293764429
1.6849864757063437 0.5910653127679799 -0.053558409059406564 0.02 5.544242153504201 -0.20725201005378224 1.3276962195633528 -0.8813336439922992
1.6967846436974152 0.5899083995535737 -0.05784566072031261 0.02 5.555020654582826 -0.2143625830453022 1.336459645323318 -0.8892328711282085
1.7085579048389559 0.5886630570770324 -0.06226712382706445 0.02 5.566089044207654 -0.2210731553375922 1.345290152839854 -0.8970194236168472
1.7203044400611398 0.587326761109197 -0.06681479839176774 0.02 5.5774395554501215 -0.22738372823516428 1.354187145532905 -0.904689047421201
1.732022383009562 0.5858971474211105 -0.07148068440432365 0.02 5.589063333380008 -0.23329430062779544 1.3631497841176805 -0.9122375406909271
1.743709823245234 0.584372011783596 -0.0762567818757276 0.02 5.600950405326323 -0.23880487357019753 1.3721769798337884 -0.9196607736879369
1.7553648094445888 0.582749309967745 -0.0811350907925501 0.02 5.613089661072875 -0.24391544584112523 1.3812673888316687 -0.9269547094773308
1.7669853525994759 0.5810271577443515 -0.08610761116967236 0.02 5.625468844076963 -0.2486260188561129 1.3904194077569914 -0.934115425114397
1.7785694292171659 0.5792038308845004 -0.09116634299255466 0.02 5.638074554987086 -0.25293659114411504 1.3996311707949436 -0.9411391332245977
1.7901149845203466 0.5772777651590344 -0.09630328627330265 0.02 5.650892268576191 -0.25684716403739927 1.4089005484138695 -0.9480222038248912
1.8016199356471259 0.5752475563389647 -0.10151044100348283 0.02 5.663906364545336 -0.2603577365090093 1.418225147702173 -0.9547611859637148
1.8130821748510295 0.5731119601951828 -0.10677980718909463 0.02 5.677100173161158 -0.26346830928059006 1.4276023147300803 -0.961352829163822
1.824499572701003 0.570869892498671 -0.11210338482559035 0.02 5.690456035612251 -0.26617888182478566 1.4370291387734646 -0.9677941042044718
1.8358699812814112 0.5685204290204138 -0.11747317391286316 0.02 5.703955379207485 -0.2684894543636407 1.4465024586234658 -0.9740822230828374
1.847191237392036 0.5660628055312422 -0.12288117445857782 0.02 5.717578806766374 -0.2704000272857332 1.4560188708764854 -0.9802146577781565
1.8584611657480807 0.5634964178022339 -0.12831938645041507 0.02 5.731306199606444 -0.2719105995918625 1.4655747403655455 -0.9861891576531443
1.8696775821801648 0.5608208216042021 -0.13377980990159077 0.02 5.745116832677737 -0.273021172558785 1.47516621251613 -0.9920037651095219
1.8808382968343293 0.5580357327082286 -0.13925444479867544 0.02 5.758989500354208 -0.2737317448542331 1.4847892275925296 -0.9976568292870543
1.8919411173720322 0.555141026885142 -0.14473529115432981 0.02 5.772902651092851 -0.2740423177827189 1.4944395367759207 -1.0031470176206703
1.9029838521701519 0.552136739905984 -0.15021434895789998 0.02 5.786834528597811 -0.2739528901785082 1.5041127197702322 -1.0084733249797386
1.913964313520984 0.5490230675416097 -0.155683618218716 0.02 5.800763317297953 -0.2734634630408017 1.5138042038633468 -1.0136350803113092
1.9248803208322451 0.5458003655630539 -0.16113509892778932 0.02 5.8146672894986775 -0.27257403545366543 1.523509284126907 -1.0186319506250385
1.9357297038270687 0.542469149741176 -0.16656079109389488 0.02 5.8285249517007145 -0.2712846083052778 1.5332231445459892 -1.0234639422814857
1.946510305744009 0.5390300958470151 -0.17195269470804408 0.02 5.842315187513852 -0.26959518070746036 1.5429408797899509 -1.0281313995584316
1.957219986537037 0.5354840396514016 -0.17730280978067725 0.02 5.856017394790484 -0.2675057536316583 1.552657517388633 -1.032635000550504
1.9678566260755455 0.5318319769254232 -0.18260313629892 0.02 5.869611614618056 -0.2650163259121374 1.562368039955792 -1.0369757504472232
1.9784181273443429 0.5280750634398701 -0.18784567427765353 0.02 5.883078650357355 -0.2621268989366765 1.5720674073162109 -1.0411549723786466
1.9889024196436595 0.5242146149658344 -0.19302242370178302 0.02 5.8964001748608315 -0.2588374712064745 1.5817505781510923 -1.0451742959386046
1.9993074617891424 0.520252107274144 -0.19812538458452433 0.02 5.909558824698578 -0.2551480441370657 1.5914125310420522 -1.049035643643705
2.0096312453118594 0.5161891761358506 -0.20314655691466843 0.02 5.9225382803175535 -0.25105861650720485 1.6010482846240517 -1.0527412155272298
2.019871797658295 0.5120276173217864 -0.20807794070321073 0.02 5.935323331550539 -0.24656918942711492 1.6106529166649093 -1.0562934721267314
2.0300271853903546 0.5077693866029742 -0.21291153594060752 0.02 5.947899928492088 -0.24167976186983964 1.6202215820965227 -1.0596951161994383
2.0400955173853617 0.5034165997503504 -0.2176393426311929 0.02 5.960255217429353 -0.2363903345292684 1.6297495295488158 -1.0629490733170563
2.050074948036059 0.49897153253486426 -0.2222533607743049 0.02 5.972377562721602 -0.230700907155601 1.639232116636014 -1.0660584717422386
2.059963680450607 0.494436620727412 -0.22674559037261233 0.02 5.984256555144305 -0.2246114799153709 1.6486648237944412 -1.069026621796966
2.0697599696525875 0.48981446009901397 -0.2311080314199021 0.02 5.995883007534054 -0.2181220523644889 1.6580432665616394 -1.0718569949553431
2.0794621257809984 0.4851078064205483 -0.23533268392328388 0.02 6.007248939228837 -0.2112326251690888 1.667363206601722 -1.0745532029949785
2.0890685172902583 0.4803195754629952 -0.23941154787765484 0.02 6.018347550068603 -0.20394319771854796 1.6766205611291156 -1.0771189773074137
2.098577574150205 0.47545284299732593 -0.24333662328346328 0.02 6.029173185609845 -0.19625377029042212 1.6858114110472906 -1.0795581486493602
2.107987791046093 0.47051084479441396 -0.2470999101455984 0.02 6.039721294899336 -0.1881643431067559 1.6949320078784376 -1.081874627502101
2.117297730578599 0.46549697662530143 -0.2506934084556267 0.02 6.049988381890151 -0.17967491550141546 1.7039787793500345 -1.0840723851281848
2.1265060264638156 0.46041479426082166 -0.2541091182239885 0.02 6.0599719520722335 -0.17078548841809038 1.7129483339624167 -1.086155435510056
2.1356113867332565 0.45526801347204326 -0.25733903943891967 0.02 6.0696704554238305 -0.16149606074655765 1.7218374645381933 -1.0881278182389622
2.144612596933852 0.45006051002978165 -0.2603751721130809 0.02 6.079083226760349 -0.15180663370806258 1.7306431507987823 -1.089993582416312
2.153508523261196 0.44479631636720196 -0.2632096831289843 0.02 6.088210424774784 -0.1417255507951687 1.739362561315788 -1.0917567716719023
2.1622981141815085 0.4394795460156198 -0.2658385175791089 0.02 6.097052968573294 -0.13144172250623143 1.7479930528807337 -1.0934214099315183
2.1709803985403466 0.4341142179419055 -0.268266403685713 0.02 6.105612471635194 -0.12139430533020246 1.7565321662197029 -1.094991487855452
2.179554482404764 0.4287041932208746 -0.27050123605154575 0.02 6.113891175861712 -0.11174161829163864 1.764977619707518 -1.096470950384484
2.188019545863313 0.42325317292744025 -0.27255101467171805 0.02 6.121891887923826 -0.10248893100861522 1.7733273026734346 -1.0978636856791577
2.1963748398260408 0.4177646981363914 -0.2744237395524429 0.02 6.1296179182412445 -0.09363624403624371 1.7815792682679796 -1.0991735153710211
2.204619682824495 0.4122421499227036 -0.2761274106843903 0.02 6.1370730231658674 -0.08518355659736798 1.7897317262178056 -1.100404186098631
2.212753457811717 0.4066887493611171 -0.2776700280793243 0.02 6.144261350424496 -0.07713086974669991 1.7977830353589657 -1.1015593622209323
2.2207756089622492 0.4011075575266032 -0.2790595917256944 0.02 6.151187387917999 -0.06947818231850533 1.8057316959432659 -1.1026426196238526
2.228685638472128 0.3955014754939423 -0.2803041016330443 0.02 6.157855916249625 -0.06222549536749611 1.8135763421071331 -1.1036574405886372
2.23648310335889 0.38987324433810144 -0.28141155779204396 0.02 6.1642719646194895 -0.05537280794998267 1.821315734131984 -1.1046072095819737
2.244167612261567 0.3842254451338345 -0.2823899602133473 0.02 6.170440770374642 -0.048920121065165745 1.8289487509119489 -1.105495209941559
2.2517388222406884 0.378560498956082 -0.28324730888762417 0.02 6.176367741927804 -0.042867433713844605 1.8364743824316856 -1.1063246213481321
2.259196435578281 0.37288066687963806 -0.2839916038221979 0.02 6.182058424927339 -0.03721474672868652 1.843891722267638 -1.1070985180114234
2.266540196577871 0.3671880499794833 -0.2846308450077384 0.02 6.18751847185731 -0.031962059277024224 1.8511999605540612 -1.1078198675425477
2.273769888364478 0.3614845893303631 -0.2851730324560098 0.02 6.192753614220388 -0.027109372413569588 1.8583983765385548 -1.1084915303517795
2.2808853296846228 0.35577206600723166 -0.28562616615657177 0.02 6.197769638077943 -0.022656685028099588 1.8654863319857304 -1.1091162596358366
2.28788637170632 0.3500521010848523 -0.28599824611896807 0.02 6.20257236178933 -0.018603998119814946 1.8724632641357584 -1.109696701765419
2.294772894819084 0.34432615563821933 -0.28629727233164814 0.02 6.207167616507466 -0.01495131063400379 1.8793286792186226 -1.11023539711509
2.3015448054339256 0.3385955307420696 -0.2865312448074864 0.02 6.211561228946858 -0.011698623791911444 1.886082146137273 -1.1107347812435504
2.308202032783353 0.33286136747137096 -0.2867081635349322 0.02 6.2157590060611545 -0.008845936372292584 1.8927232900231754 -1.1111971863580687
2.314744525721372 0.3271246469009448 -0.28683602852130896 0.02 6.219766722004567 -0.00639324931883678 1.8992517865058447 -1.1116248430824733
2.3211722495234848 0.3213861901056436 -0.28692283976505806 0.02 6.223590106506 -0.004340562187454822 1.9056673556119046 -1.1120198824096947
2.3274851826866914 0.315646658160329 -0.2869765972657312 0.02 6.227234835082853 -0.0026878750336578605 1.9119697562004672 -1.1123843378692868
2.3336833137294897 0.3099065521399158 -0.2870053010206597 0.02 6.230706520644794 -0.001435187746423594 1.9181587804731461 -1.1127201478438742
2.339766637991875 0.3041662131192613 -0.28701695103272584 0.02 6.2340107063948444 -5.825006033077784E-4 1.9242342486258914 -1.1130291580115594
2.3457351544616585 0.298425823489179 -0.2870194815041138 0.02 6.237152859905465 -1.2652356939923948E-4 1.930196003654791 -1.1133131238894851
2.351588863656846 0.29268545975937865 -0.28701818649001787 0.02 6.240138368819259 6.475070479794454E-5 1.9360439074536215 -1.113573713504507
2.3573277689729486 0.28694526580512747 -0.28700969771255913 0.02 6.2429725390503545 4.244388729368609E-4 1.941777840502744 -1.1138125102402048
2.362951879783983 0.28120554055171 -0.2869862626708741 0.02 6.245660594171872 0.0011717520842502438 1.9473977033760137 -1.1140310157139397
2.368461214642467 0.2754667429242019 -0.28693988137540316 0.02 6.2482076750383175 0.002319064773548263 1.9529034185309821 -1.1142306525976386
2.373855804479423 0.26972949184780326 -0.2868625538199332 0.02 6.250618839489718 0.0038663777734981863 1.9582949321919148 -1.1144127673763207
2.3791356958043743 0.2639945662475718 -0.2867462800115739 0.02 6.252899062139454 0.0058136904179662 1.9635722164287972 -1.1145786330512708
2.3843009539053486 0.25826290504871174 -0.2865830599430019 0.02 6.2550532341096305 0.008161003428597269 1.9687352712145638 -1.1147294517838402
2.389351666048875 0.2525356071763296 -0.28636489361910655 0.02 6.2570861627688705 0.01090831619476873 1.9737841266468075 -1.1148663574897868
2.3942879446799865 0.2468139315555673 -0.2860837810381156 0.02 6.259002571427087 0.014055629049547491 1.9787188453015454 -1.1149904183854027
2.3991099306222177 0.24109929711155775 -0.2857317222004774 0.02 6.26080709890779 0.01760294188191125 1.9835395245698075 -1.1151026394844221
2.403817796277606 0.23539328276942495 -0.2853007171066402 0.02 6.262504299045395 0.021550254691860005 1.9882462991266636 -1.1152039650525047
2.4084117488266927 0.2296976274543283 -0.28478276575483186 0.02 6.264098640095573 0.02589756759041606 1.9928393435451217 -1.1152952810211505
2.41289203342852 0.2240142300913739 -0.28416986814772116 0.02 6.26559450395105 0.03064488035553481 1.9973188747651585 -1.115377417356922
2.4172589364206343 0.21834514960570317 -0.28345402428353594 0.02 6.266996185326394 0.03579219320926086 2.001685154882586 -1.1154511503973032
2.4215127885190837 0.21269260492247088 -0.2826272341616143 0.02 6.268307890747924 0.041339506096083056 2.0059384937866 -1.1155172051446023
2.4256539680184197 0.2070589749668006 -0.2816814977835147 0.02 6.269533737467147 0.0472868189049791 2.0100792519715998 -1.1155762575250625
2.4296829039916963 0.20144679866382909 -0.2806088151485753 0.02 6.270677752238749 0.05363413174697129 2.0141078433176416 -1.1156289366099628
2.43360007949047 0.1958587749386842 -0.2794011862572443 0.02 6.2717438700186525 0.06038144456654848 2.0180247379786116 -1.1156758268006612
2.4374060347447997 0.1902977627164848 -0.2780506111099701 0.02 6.2727359325582075 0.06752875736371067 2.02183046524714 -1.1157174699756156
2.4411013703632483 0.1847667809224296 -0.27654908970276004 0.02 6.273657686948274 0.07507607036050246 2.02552561652614 -1.1157543676000656
2.4446867505328798 0.17926900848157512 -0.2748886220427238 0.02 6.274512784085627 0.08302338300181233 2.029110848229271 -1.1157869827954703
2.448162906219262 0.17380778431910215 -0.2730612081236483 0.02 6.275304777145056 0.09137069595377412 2.032586884854307 -1.115815742369842
2.451530638366465 0.1683866073601603 -0.2710588479470921 0.02 6.276037120003571 0.10011800882780975 2.0359545219201376 -1.1158410388043516
2.4547908210970615 0.16300913652982363 -0.2688735415168342 0.02 6.2767131657098245 0.10926532151289692 2.039214629050007 -1.1158632321970907
2.457944404912127 0.1576791907532682 -0.2664972888277717 0.02 6.277336164979167 0.11881263445312484 2.042368153016101 -1.1158826521603071
2.460992419882859 0.15240074853661856 -0.26392211083248185 0.02 6.277909264760836 0.12875889976449173 2.0454161208364474 -1.1158995996697163
2.4639359781558445 0.1471779136492657 -0.26114174436764337 0.02 6.278435506760131 0.13901832324192398 2.0483596421175765 -1.1159143488597685
2.466776273231429 0.14201475377921824 -0.25815799350237256 0.02 6.278917825605814 0.14918754326354033 2.051199908326342 -1.115927148755254
2.4695145769682227 0.13691518683969228 -0.25497834697629784 0.02 6.279359046970238 0.158982326303736 2.0539381896433992 -1.1159382249484775
2.4721522363832493 0.13188297075132915 -0.2516108044181564 0.02 6.279761886130788 0.16837712790707116 2.056575831727991 -1.1159477812315415
2.4746906704519454 0.12692170343480136 -0.24806336582638977 0.02 6.280128946975723 0.17737192958833248 2.059114252471011 -1.1159560011778733
2.477131366908161 0.12203482281079037 -0.2443440312005496 0.02 6.280462721441432 0.1859667312920088 2.0615549387402985 -1.1159630496675246
2.47947587904416 0.1172256067999422 -0.24046080054240804 0.02 6.2807655893671415 0.19416153290707783 2.063899443125895 -1.1159690743518202
2.4817258225106196 0.11249717332297848 -0.23642167384818613 0.02 6.281039818756672 0.2019563347110953 2.0661493807363636 -1.1159742070537617
2.483882872116631 0.10785248030056316 -0.23223465112076624 0.02 6.281287566414625 0.20935113637099434 2.068306425932615 -1.1159785651010916
2.4859487586296973 0.10329432565332475 -0.22790773236192052 0.02 6.281510878957334 0.21634593794228607 2.07037230915064 -1.1159822525904077
2.487925265575738 0.09882534730203396 -0.22344891756453933 0.02 6.281711694158568 0.2229407398690597 2.0723488136468706 -1.1159853615806337
2.4898142260390834 0.09444802316727063 -0.21886620673816637 0.02 6.281891842625545 0.229135541318648 2.0742377723019194 -1.1159879732155966
2.491617519462478 0.09016467116973459 -0.21416759987680223 0.02 6.282053049774049 0.23493034306820704 2.0760410643994764 -1.1159901587754901
2.493337068447082 0.08597744923020123 -0.20936109697666794 0.02 6.282196938084654 0.24032514500671454 2.0777606124186523 -1.1159919806580039
2.4949748355524655 0.08188835526916627 -0.2044546980517481 0.02 6.282325029615632 0.24531994624599207 2.0793983788265926 -1.1159934932900335
2.496532820096615 0.07789922720746745 -0.19945640308494106 0.02 6.282438748748877 0.24991474834035188 2.0809563628679446 -1.1159947439716398
2.498013054955928 0.07401174296566282 -0.19437421209023142 0.02 6.282539425146162 0.2541095497354817 2.082436597368285 -1.1159957736541395
2.499417603365219 0.07022742046454145 -0.18921612505606866 0.02 6.282628296889604 0.2579043517081381 2.0838411455249566 -1.1159966176545433
2.5007485557177125 0.06654761762467931 -0.1839901419931067 0.02 6.282706513783038 0.26129915314809793 2.085172097696587 -1.1159973063089406
2.5020080263650484 0.0629735323667946 -0.1787042628942359 0.02 6.28277514079172 0.2642939549435397 2.0864315682208425 -1.1159978655675802
2.5031981504172798 0.059506202611570025 -0.17336648776122843 0.02 6.282835161591831 0.26688875665037415 2.0876216921865263 -1.1159983175345443
2.504321080542873 0.0561465062796529 -0.1679848165958564 0.02 6.282887482211737 0.2690835582686013 2.088744622255149 -1.1159986809551738
2.5053789837687086 0.052895161291788284 -0.16256724939323064 0.02 6.282932934736436 0.2708783601312881 2.0898025254396817 -1.115998971654316
2.5063740382800788 0.04975272556850818 -0.15712178616400507 0.02 6.282972281057146 0.27227316146127833 2.090797579924576 -1.115999202928718
2.5073084302206925 0.04671959703068662 -0.15165642689107806 0.02 6.2830062166401905 0.27326796364635086 2.091731971848122 -1.1159993858966535
2.508184350492669 0.04379601359882912 -0.14617917159287508 0.02 6.283035374297253 0.2738627649101488 2.092607892107356 -1.1159995298081278
2.509003991556543 0.04098205319369441 -0.1406980202567354 0.02 6.28306032793578 0.27405756680698445 2.0934275331643497 -1.1159996423187184
2.5097695442312613 0.03827763373591697 -0.13522097288887203 0.02 6.283081596270286 0.2738523683931682 2.0941930858338873 -1.1159997297301754
2.5104831944941863 0.03568251314625126 -0.12975602948328557 0.02 6.283099646478195 0.27324717027932266 2.094906736093795 -1.115999797200719
2.5111471202810915 0.033196289345260865 -0.12431119004951974 0.02 6.283114897782699 0.2722419716882918 2.0955706618786296 -1.115999848927945
2.511763488286166 0.03081840025371818 -0.11889445457713421 0.02 6.283127724948375 0.27083677361927627 2.096187029882769 -1.115999888307012
2.5123344507620105 0.02854812379222693 -0.11351382307456248 0.02 6.283138461675608 0.26903157512858655 2.0967579923577846 -1.115999918066717
2.512862142319641 0.026384577881533033 -0.1081772955346949 0.02 6.283147403881941 0.26682637699337874 2.0972856839157346 -1.115999940385877
2.513348676728486 0.02432672044223594 -0.10289287196485475 0.02 6.2831548128593555 0.2642211784920079 2.0977722183242236 -1.1159999569922456
2.513796143716388 0.022373349395099495 -0.09766855235682215 0.02 6.283160918298695 0.2612159804016301 2.0982196853117276 -1.1159999692461204
2.5142066057696018 0.02052310266069668 -0.09251233672014081 0.02 6.283165921173153 0.2578107818340669 2.0986301473652724 -1.1159999782105172
2.5145820949327975 0.018774458159787066 -0.08743222504548065 0.02 6.283169996474732 0.25400558373300797 2.099005636528365 -1.1159999847096411
2.5149246096090576 0.017125733813005972 -0.08243621733905471 0.02 6.283173295799024 0.2498003853212971 2.0993481512044294 -1.1159999893773573
2.515236111359879 0.015575087541064292 -0.07753231359708401 0.02 6.283175949774625 0.24519518709853472 2.0996596529555003 -1.1159999926969921
2.5155185217051708 0.014120517264593069 -0.07272851382356116 0.02 6.283178070335443 0.24018998867614272 2.0999420633006842 -1.1159999950337938
2.5157737189232567 0.012759860904298925 -0.06803281801470717 0.02 6.283179752835089 0.23478479044269918 2.1001972605190096 -1.1159999966612093
2.516003534850873 0.011490796380808632 -0.06345322617451465 0.02 6.283181078003933 0.22897959200962603 2.1004270764465067 -1.115999997781965
2.5162097516831703 0.010310841614868949 -0.05899773829698418 0.02 6.2831821137505806 0.22277439387652365 2.1006332932788894 -1.1159999985448048
2.5163940987737132 0.009217354527146782 -0.05467435438610835 0.02 6.283182916810653 0.21616919554379166 2.1008176403695513 -1.115999999057701
2.5165582494344787 0.008207533038273596 -0.0504910744436593 0.02 6.283183534246739 0.20916399712245237 2.1009817910303052 -1.1159999993981455
2.516703817735857 0.007278415068912025 -0.046455898468078516 0.02 6.283184004804419 0.20175879877903924 2.1011273593316737 -1.1159999996211016
2.516832355306654 0.006426878539844694 -0.04257682645336658 0.02 6.283184360129946 0.19395360073559686 2.101255896902505 -1.115999999765066
2.5169453481340858 0.005649641371596736 -0.038861858412397865 0.02 6.283184625856121 0.18574840204843568 2.1013688897299647 -1.1159999998566497
2.517044213363785 0.004943261484968708 -0.0353189943314014 0.02 6.2831848225634195 0.1771432040498233 2.1014677549597107 -1.115999999914012
2.5171302960997965 0.004304136800570291 -0.03195623421992089 0.02 6.283184966623931 0.16813800557402558 2.101553837695723 -1.1159999999493475
2.517204866204579 0.0037285052391311524 -0.028781578071956915 0.02 6.283185070936271 0.15873280739819862 2.101628407800549 -1.1159999999707324
2.5172691150992303 0.0032124447325587724 -0.025803025328619 0.02 6.283185145559791 0.14892763716689572 2.1016926566951963 -1.1159999999834407
2.5173241527888104 0.002751884479001987 -0.02302801267783927 0.02 6.283185198256837 0.13875063253898645 2.1017476943847915 -1.1159999999908414
2.5173710072371063 0.002342722414794274 -0.02045810321038566 0.02 6.283185234953002 0.12849547337268064 2.1017945488331007 -1.115999999995054
2.5174106269194914 0.001980984119254181 -0.018086914777004637 0.02 6.28318526012233 0.11855942166905109 2.1018341685155084 -1.1159999999973964
2.5174438840160107 0.001662854825967841 -0.015906464664317 0.02 6.283185277103414 0.10902250563438187 2.1018674256120393 -1.1159999999986703
2.517471577611378 0.001384679768356989 -0.013908752880542607 0.02 6.283185288355924 0.09988558918871959 2.1018951192074082 -1.1159999999993433
2.5174944368949785 0.0011429641800342338 -0.012085779416137754 0.02 6.283185295666944 0.09114867322024267 2.101917978491017 -1.1159999999996837
2.5175131243608675 9.343732944477878E-4 -0.0104295442793223 0.02 6.2831853003152265 0.08281175684077269 2.1019366659568997 -1.1159999999998549
2.517528239007771 7.557323451701237E-4 -0.008932047463883208 0.02 6.283185303200588 0.07487484077195461 2.1019517806038115 -1.1159999999999333
2.5175403195390835 6.040265656315214E-4 -0.007585288976930116 0.02 6.283185304944556 0.06733792434765462 2.101963861135122 -1.1159999999999741
2.517549847562872 4.7640118943093057E-4 -0.006381268810029539 0.02 6.283185305967722 0.06020100834502884 2.101973389158917 -1.1159999999999899
2.5175572507918726 3.7016145002510825E-4 -0.005311986970291116 0.02 6.283185306548213 0.05346409198692115 2.1019807923879177 -1.1159999999999946
2.517562906243491 2.827725809284587E-4 -0.004369443454832478 0.02 6.283185306865276 0.047127175772931906 2.101986447839537 -1.1159999999999977
2.517567143439805 2.1185981569082912E-4 -0.0035456382618814786 0.02 6.283185307031094 0.041190259647549965 2.1019906850358505 -1.1159999999999992
2.517570247607561 1.5520838780869184E-4 -0.002832571394106864 0.02 6.283185307113573 0.03565334338873072 2.1019937892036076 -1.1160000000000008
2.517572462878176 1.1076353074734868E-4 -0.002222242853067158 0.02 6.283185307152266 0.030516427051985318 2.1019960044742243 -1.1159999999999977
2.517573995487739 7.663047814077117E-5 -0.0017066526303288754 0.02 6.283185307169205 0.025779511136914124 2.1019975370837876 -1.1159999999999977
2.5175750169770064 5.107446336971577E-5 -0.00127780073855277 0.02 6.283185307176032 0.021442594588805264 2.1019985585730554 -1.1159999999999977
2.5175756673914065 3.2520720005813075E-5 -9.276871681951349E-4 0.02 6.283185307178518 0.017505678517881762 2.1019992089874537 -1.1160000000000023
2.517576058481038 1.955448156731876E-5 -6.483119219247158E-4 0.02 6.2831853071793144 0.013968762313520955 2.101999600077087 -1.1159999999999992
2.5175762769006695 1.0920981585726963E-5 -4.3167499907958984E-4 0.02 6.283185307179531 0.010831846142256296 2.1019998184967177 -1.116000000000001
2.5175763874097403 5.525453539156899E-6 -2.697764023285032E-4 0.02 6.283185307179578 0.008094929837554332 2.1019999290057902 -1.1159999999999979
2.5175764360723587 2.433130918966242E-6 -1.5461613100953286E-4 0.02 0.0 0.0057580135659485165 2.1019999776684077 -1.115999999999999
2.5175764534573046 8.692472963645059E-7 -7.81941811300868E-5 0.02 1.3877787807814457E-15 0.003821097493972303 2.1019999950533528 -1.1160000000000008
2.517576457838028 2.1903616698182304E-7 -3.2510556469134144E-5 0.02 1.3877787807814457E-15 0.002284181233047633 2.1019999994340774 -1.1159999999999977
2.5175764583926483 2.7731017482324205E-8 -9.565257474974942E-6 0.02 1.3877787807814457E-15 0.0011472649497079601 2.101999999988696 -1.1160000000000023
2.5175764584039513 5.651479284551897E-10 -1.3582934776934508E-6 0.02 4.163336342344337E-15 4.1034819986407456E-4 2.1020000000000003 -1.1159999999999992
2.5175764584039513 0.0 -2.8257396422759484E-8 0.02 4.163336342344337E-15 6.650180406353456E-5 2.1020000000000003 -1.1159999999999992
