2.666666666666667E-11 1.3333333333333335E-9 6.666666666666667E-8 0.02 6.283185307179586 3.3333333333333333E-6 2.6666666666555732E-11 -5.349891206707039E-32
8.533333333333335E-10 4.133333333333334E-8 2.0000000000000003E-6 0.02 6.283185307179586 9.666666666666668E-5 8.533333333340186E-10 -1.753052345567699E-27
6.479999999999999E-9 2.8133333333333326E-7 1.1999999999999995E-5 0.02 6.283185307179586 4.999999999999998E-4 6.480000000000148E-9 -7.676508965225286E-25
2.730666666666667E-8 1.0413333333333335E-6 3.800000000000001E-5 0.02 6.28318530717958 0.0013000000000000008 2.730666666666742E-8 -5.744401394087859E-23
8.333333333333335E-8 2.801333333333334E-6 8.800000000000002E-5 0.02 6.283185307179528 0.002500000000000001 8.333333333333395E-8 -1.6326567525904616E-21
2.0735999999999997E-7 6.20133333333333E-6 1.699999999999998E-4 0.02 6.283185307179222 0.004099999999999988 2.073600000000005E-7 -2.515436689170681E-20
4.4818666666666683E-7 1.2041333333333343E-5 2.9200000000000065E-4 0.02 6.283185307177886 0.006100000000000042 4.4818666666666736E-7 -2.539889773591973E-19
8.738133333333335E-7 2.1281333333333332E-5 4.6199999999999947E-4 0.02 6.283185307173124 0.008499999999999942 8.738133333333337E-7 -1.882319871914686E-18
1.5746399999999998E-6 3.504133333333331E-5 6.879999999999989E-4 0.02 6.2831853071586 0.011299999999999973 1.57464E-6 -1.1014890866526962E-17
2.6666666666666673E-6 5.4601333333333376E-5 9.780000000000032E-4 0.02 6.283185307119401 0.01450000000000021 2.6666666666666677E-6 -5.3498412750693324E-17
4.294693333333333E-6 8.140133333333328E-5 0.0013399999999999953 0.02 6.283185307023482 0.018099999999999606 4.294693333333333E-6 -2.2347487333724763E-16
6.635519999999999E-6 1.1704133333333331E-4 0.0017820000000000015 0.02 6.28318530680694 0.02210000000000031 6.635519999999999E-6 -8.2423974977806375E-16
9.901146666666668E-6 1.6328133333333344E-4 0.0023120000000000063 0.02 6.283185306349906 0.026500000000000242 9.901146666666668E-6 -2.7382946943410745E-15
1.4341973333333339E-5 2.2204133333333353E-4 0.002938000000000005 0.02 6.283185305438787 0.031299999999999925 1.4341973333333337E-5 -8.322306095712329E-15
2.0249999999999994E-5 2.9540133333333276E-4 0.0036679999999999612 0.02 6.283185303709271 0.03649999999999782 2.0249999999999994E-5 -2.342518638972862E-14
2.7962026666666672E-5 3.8560133333333387E-4 0.004510000000000056 0.02 6.283185300562899 0.04210000000000472 2.7962026666666672E-5 -6.167400989956263E-14
3.786285333333334E-5 4.950413333333335E-4 0.00547199999999998 0.02 6.283185295048214 0.048099999999996236 3.786285333333334E-5 -1.531162261568149E-13
5.038847999999999E-5 6.262813333333325E-4 0.006561999999999952 0.02 6.2831852856953265 0.054499999999998605 5.038847999999999E-5 -3.6087428097812193E-13
6.602930666666667E-5 7.82041333333334E-4 0.007788000000000071 0.02 6.2831852702903515 0.061300000000005926 6.602930666666666E-5 -8.119860953085673E-13
8.533333333333335E-5 9.652013333333341E-4 0.009158000000000006 0.02 6.28318524557338 0.06849999999999677 8.533333333333332E-5 -1.752528810793166E-12
1.0890935999999998E-4 0.0011788013333333314 0.010679999999999863 0.02 6.283185206840611 0.07609999999999284 1.0890935999999987E-4 -3.643080852636362E-12
1.3743018666666665E-4 0.0014260413333333334 0.012362000000000104 0.02 6.283185147427807 0.08410000000001203 1.3743018666666627E-4 -7.319412765191103E-12
1.7163581333333336E-4 0.0017102813333333355 0.0142120000000001 0.02 6.283185058048511 0.09249999999999979 1.7163581333333228E-4 -1.4256127114406305E-11
2.1233663999999997E-4 0.0020350413333333306 0.016237999999999756 0.02 6.2831849259562915 0.10129999999998282 2.123366399999968E-4 -2.6989246307961814E-11
2.6041666666666666E-4 0.0024040013333333347 0.018448000000000204 0.02 6.283184733895881 0.11050000000002239 2.6041666666665804E-4 -4.977934148895979E-11
3.168366933333334E-4 0.0028210013333333354 0.020850000000000035 0.02 6.283184458803222 0.12009999999999156 3.1683669333331055E-4 -8.963207123268052E-11
3.8263752000000016E-4 0.0032900413333333393 0.023452000000000195 0.02 6.283184070209362 0.130100000000008 3.8263751999994145E-4 -1.5784091626588656E-10
4.5894314666666684E-4 0.003815281333333334 0.026261999999999727 0.02 6.283183528297737 0.1404999999999766 4.589431466665213E-4 -2.722811191230177E-10
5.469639733333331E-4 0.004401041333333315 0.029287999999999037 0.02 6.28318278155876 0.15129999999996552 5.469639733329837E-4 -4.6076884945787234E-10
6.479999999237241E-4 0.00505180132951955 0.03253799980931179 0.02 6.2831817639798215 0.1624999904656376 6.479999999229094E-4 -7.659108484059196E-10
7.634438505853905E-4 0.005772192533083317 0.036019560178188324 0.02 6.283180391705161 0.17407801844382675 7.63443850583543E-4 -1.2520129117640493E-9
8.947816399846582E-4 0.006566889469963389 0.03973484684400359 0.02 6.283178559124407 0.18576433329076344 8.947816399805775E-4 -2.014785251294963E-9
0.0010435905448563944 0.007440445243586809 0.04367778868117102 0.02 6.283176134368776 0.1971470918583712 0.0010435905448475979 -3.1947831929501764E-9
0.0012115356150738674 0.008397253510873648 0.04784041336434192 0.02 6.283172954158329 0.20813123415854526 0.0012115356150553423 -4.995785046505552E-9
0.0014003665736487458 0.00944154792874392 0.05221472089351362 0.02 6.283168817951769 0.21871537645858502 0.001400366573610585 -7.709615066809243E-9
0.0016119146167310962 0.010577402154117519 0.05679271126867993 0.02 6.283163481361491 0.22889951875831524 0.001611914616654113 -1.1749277495364064E-8
0.0018480892136093917 0.011808729843914775 0.061566384489862826 0.02 6.2831566488038515 0.23868366105914487 0.0018480892134571643 -1.769268528274791E-8
0.002110874906710499 0.013139284655055376 0.06652774055703001 0.02 6.283147965363359 0.24806780335835907 0.002110874906415178 -2.6339746304071075E-8
0.0024023281115996904 0.014572660244459561 0.07166877947020929 0.02 6.28313700785982 0.2570519456589641 0.0024023281110371487 -3.87861127514748E-8
0.0027245739169806348 0.016112290269047216 0.07698150122938274 0.02 6.283123275119552 0.2656360879586726 0.0027245739159277305 -5.651750653582746E-8
0.003079802884695404 0.017761448385738468 0.08245790583456258 0.02 6.28310617746544 0.27382023025899205 0.0030798028827576326 -8.152920377042432E-8
0.003470267849724467 0.01952324825145314 0.08808999328573357 0.02 6.283085025456143 0.28160437255854914 0.0034702678462155325 -1.164759914196172E-7
0.0038982807201867 0.02140064352311164 0.09386976358292508 0.02 6.283059017921852 0.28898851485957555 0.0038982807139310775 -1.6485869316888924E-7
0.004366209277339373 0.02339642785763366 0.0997892167261009 0.02 6.283027229362937 0.2959726571587912 0.004366209266353525 -2.3125419087985512E-7
0.004876473975578159 0.025513234911939305 0.10584035271528225 0.02 6.282988596798265 0.3025567994590673 0.0048764739565629635 -3.215967308493601E-7
0.005431544742437132 0.027753538342948626 0.11201517155046604 0.02 6.28294190617212 0.30874094175918976 0.005431544709981218 -4.435191852471618E-7
0.006033937778588764 0.030119651807581627 0.11830567323165009 0.02 6.282885778452169 0.31452508405920215 0.006033937723934625 -6.067638195676162E-7
0.006686212357843926 0.03261372896275808 0.12470385775882278 0.02 6.28281865557582 0.3199092263586348 0.006686212267001481 -8.236729737209105E-7
0.0073909676271519 0.0352377634653987 0.13120172513203068 0.02 6.282738786428376 0.324893368660395 0.007390967478050831 -1.109770870364139E-6
0.008150839406600358 0.03799358897242288 0.13779127535120914 0.02 6.282644213063379 0.32947751095892264 0.008150839164842962 -1.4844484877993348E-6
0.008968496989415374 0.040882879140750804 0.1444645084163962 0.02 6.28253275740327 0.33366165325935254 0.00896849660201697 -1.9717640404854603E-6
0.009846639941961425 0.043907147627302544 0.151213424327587 0.02 6.282402008686616 0.3374457955595406 0.009846639328230102 -2.6013720578854624E-6
0.010787994903741386 0.047067748088998065 0.15803002308477607 0.02 6.282249311956396 0.3408299378594534 0.010787993942136066 -3.4095942978372877E-6
0.011795312387396535 0.050365874182757474 0.1649063046879704 0.02 6.282071757911817 0.343814080159717 0.011795310896795651 -4.4406457258919715E-6
0.012871363578706546 0.05380255956550055 0.17183426913715374 0.02 6.281866174473408 0.3463982224591669 0.012871361291986292 -5.74802848563161E-6
0.014018937136589502 0.057378677894147787 0.17880591643236188 0.02 6.281629120437352 0.34858236476040666 0.014018933663744982 -7.396106122526598E-6
0.015240835993101878 0.06109494282561878 0.18581324657354972 0.02 6.281356881619529 0.35036650705939226 0.015240830770274789 -9.461869248764734E-6
0.01653987415343854 0.06495190801683307 0.19284825956071422 0.02 6.2810454699122396 0.3517506493582248 0.01653986637316535 -1.2036902290843725E-5
0.01791887349593279 0.06894996712471252 0.19990295539397268 0.02 6.280690625696258 0.3527347916629231 0.01791886201260108 -1.5229558887132445E-5
0.019380660572056303 0.07308935380617564 0.20696933407315585 0.02 6.280287824067336 0.3533189339591583 0.019380643774979053 -1.9167350841800844E-5
0.020928063406419145 0.07737014171814212 0.21403939559832413 0.02 6.279832285348752 0.3535030762584143 0.020928039050984573 -2.3999552238999882E-5
0.022563908296769804 0.08179224451753293 0.22110513996954073 0.02 6.279318990369405 0.3532872185608299 0.022563873281904054 -2.990001632601137E-5
0.024291016613995162 0.08635541586126792 0.22815856718674948 0.02 6.278742700989473 0.3526713608604376 0.024290966691467054 -3.7070198039576866E-5
0.026112201602120494 0.09105924940626657 0.2351916772499324 0.02 6.278097986352162 0.3516555031591456 0.026112131000227683 -4.574236953845719E-5
0.02803026517830949 0.09590317880944985 0.24219647015916376 0.02 6.277379255329659 0.3502396454615683 0.02803016611902989 -5.618300978761481E-5
0.03004799473286423 0.10088647772773691 0.24916494591435343 0.02 6.276580795613304 0.34842378775948313 0.030047856817695603 -6.869634209884556E-5
0.032168159929225185 0.10600825981804778 0.25608910451554306 0.02 6.2756968198712855 0.34620793005948197 0.03216796936497411 -8.362798556871406E-5
0.03439350950397125 0.11126747873730324 0.262960945962773 0.02 6.2747215193610435 0.34359207236149547 0.03439324813516581 -1.0136867757736532E-4
0.0367267680668197 0.11666292814242266 0.269772470255971 0.02 6.273649125336839 0.34057621465990173 0.03672641217719396 -1.2235801496490576E-4
0.03917063290062623 0.12219324169032639 0.27651567739518657 0.02 6.272473978534891 0.33716035696077784 0.03917015174165618 -1.4708815123510487E-4
0.04172777076138489 0.127856893037933 0.2831825673803301 0.02 6.271190606947958 0.3333444992571766 0.04172712476181361 -1.7610737624111286E-4
0.04440081467822821 0.13365219584216617 0.2897651402116591 0.02 6.269793812017061 0.3291286415664507 0.04439995328542232 -2.1002349340168647E-4
0.04719236075342707 0.13957730375994298 0.2962553958888406 0.02 6.268278763269998 0.3245127838590739 0.0471912198545369 -2.4950689771185497E-4
0.05010496496239074 0.14563021044818325 0.30264533441201336 0.02 6.26664110132188 0.31949692615863834 0.050103463833355115 -2.952932458734491E-4
0.0531411399536669 0.15180874956380805 0.3089269557812399 0.02 6.264877049024097 0.31408106846132766 0.05313917768448756 -3.481855979392582E-4
0.05630335184894165 0.1581105947637374 0.31509225999646756 0.02 6.262983530401199 0.3082652107613826 0.05630080319821566 -4.0905589828392887E-4
0.05959401704303947 0.16453325970489097 0.3211332470576783 0.02 6.260958296852947 0.3020493530605378 0.05959072768188032 -4.788456527273729E-4
0.06301549900392325 0.1710740980441893 0.32704191696491663 0.02 6.25880005992006 0.2954334953619159 0.06301128012061988 -5.585656486287909E-4
0.06657010507269427 0.17773030343855092 0.33281026971808125 0.02 6.256508629718184 0.2884176376582309 0.06656472732585388 -6.492945561370862E-4
0.07026008326359222 0.18449890954489734 0.3384303053173207 0.02 6.254085057938216 0.28100177996197295 0.07025327009261326 -7.521762419204096E-4
0.0740876190639952 0.19137679002014935 0.34389402376260036 0.02 6.251531784092885 0.27318592226398264 0.07407903939434299 -8.684156221425425E-4
0.07805483223441967 0.19836065852122317 0.3491934250536913 0.02 6.24885278346741 0.2649700645545455 0.07804409264787933 -9.992728795297043E-4
0.08216377360852056 0.2054470687050447 0.35432050919107644 0.02 6.246053715004892 0.25635420686925814 0.08215041009113835 -0.001146055870810242
0.0864164218930911 0.21263241422852658 0.35926727617409393 0.02 6.243142067138551 0.2473383491508746 0.08639989131999395 -0.0013101105557752116
0.09081468046806306 0.21991292874859805 0.3640257260035737 0.02 6.240127299373366 0.23792249147398803 0.09079435203905113 -0.0014928092884317246
0.09536037418650647 0.22728468592217096 0.36858785867864563 0.02 6.237020977231917 0.22810663375359697 0.09533552108569932 -0.0016955368243763754
0.10005524617462988 0.2347435994061703 0.3729456741999662 0.02 6.2338368980202175 0.21789077606602925 0.10002503779040817 -0.001919673916972381
0.10490095463178012 0.24228542285751192 0.3770911725670817 0.02 6.230591204746276 0.20727491835577372 0.1048644497393663 -0.0021665783984368345
0.10989906963044252 0.24990574993312004 0.38101635378040566 0.02 6.227302485447432 0.19625906066619847 0.10985521100424145 -0.0024375636704598216
0.11505106993477573 0.25760001521666076 0.3847132641770362 0.02 6.223991855145324 0.18484551983152797 0.11499868091686802 -0.0027338745635020756
0.12035834074248647 0.2653635403855367 0.3881762584437981 0.02 6.220683017133344 0.17314971333809437 0.12029612434607373 -0.0030566606181718996
0.12582217483250882 0.27319170450111757 0.39140820577904245 0.02 6.21740229964159 0.16159736676221725 0.12574871598891887 -0.0034069470118188575
0.13144377563751344 0.28108004025023114 0.39441678745567865 0.02 6.214178666946279 0.15042908383181008 0.1313575472162129 -0.003785603189240619
0.13722426044389427 0.2890242403190413 0.39721000344050683 0.02 6.211043704331868 0.13966079924140895 0.13712363367094393 -0.004193309235870924
0.14316466359176835 0.29702015739370424 0.3997958537331481 0.02 6.208031575387726 0.12929251463206226 0.1430479234583937 -0.004630520151346226
0.1492659396749759 0.30506380416037704 0.4021823383336398 0.02 6.205178950223042 0.1193242300245867 0.1491313058595524 -0.005097428228639073
0.1555289667410806 0.31315135330523547 0.4043774572429215 0.02 6.202524903313442 0.10975594546408507 0.15537462045673467 -0.005593923784293945
0.16195454949136898 0.3212791375144186 0.4063892104591571 0.02 6.200110779723315 0.1005876608117795 0.16177866651684886 -0.006119554526119831
0.168543422480851 0.329443649474101 0.4082255979841187 0.02 6.1979800283408455 0.09181937624808123 0.16834421242701053 -0.00667348388618099
0.17529625331825974 0.33764154187043705 0.409894619816803 0.02 6.196178000473178 0.08345109163421238 0.17507200492236605 -0.007254448690531648
0.1822136458660514 0.3458696273895834 0.41140427595731666 0.02 6.194751711633515 0.0754828070256841 0.18196277779429726 -0.007860716585443121
0.18929614344040555 0.35412487871770704 0.4127625664061829 0.02 6.193749563579273 0.06791452244331309 0.18901725970757596 -0.008490043694676961
0.19654423201122487 0.3624044285409661 0.41397749116295346 0.02 6.193221022599566 0.06074623783852706 0.19623618070444687 -0.00913963304858282
0.20395834340213517 0.37070556954551526 0.41505705022745754 0.02 6.1932162486958795 0.05397795322520382 0.20362027692212695 -0.009806094406868377
0.21153885849048562 0.3790257544175224 0.41600924360035707 0.02 6.193785668661622 0.04760966864497673 0.2111702930092279 -0.010485406198609475
0.21928611040734844 0.3873625958431409 0.4168420712809262 0.02 6.194979484187864 0.04164138402845685 0.21888698169581372 -0.011172880430585563
0.22720038773751908 0.3957138665085319 0.4175635332695493 0.02 6.1968471040851325 0.03607309943115533 0.2267710999582568 -0.011863131574026783
0.2352819377195163 0.40407749909986135 0.418181629566472 0.02 6.199436487645824 0.030904814846133277 0.2348234012306367 -0.012550050635314905
0.24353096944558192 0.4124515863032807 0.41870436017096835 0.02 6.2027933842695715 0.026136530224818433 0.24304462315407752 -0.01322678585133093
0.251947657061681 0.42083438080495333 0.41913972508363095 0.02 6.206960452999382 0.02176824563313029 0.2514354704409629 -0.01388573172660201
0.2605321429675019 0.42922429529104467 0.4194957243045666 0.02 6.211976244909733 0.01779996104678272 0.25999659256439467 -0.01451852844341385
0.26928454101645594 0.4376199024477029 0.4197803578329107 0.02 6.217874031775949 0.014231676417203465 0.2687285561896585 -0.015116074020129489
0.27820493971567795 0.4460199349611005 0.4200016256698802 0.02 6.2246804666257525 0.011063391848475934 0.27763181254777203 -0.01566855195024032
0.2872934054260257 0.45442328551738853 0.42016752781440236 0.02 6.232414066155072 0.008295107226108378 0.28670666032878916 -0.016165477400314945
0.29654998556208034 0.4628290068027313 0.4202860642671391 0.02 6.241083512077977 0.00592682263683697 0.29595320515767326 -0.016595765343214053
0.3059747117921459 0.4712363115032786 0.42036523502736456 0.02 6.2506857786216585 0.003958538011272772 0.3053713173019743 -0.016947824206094614
0.3155676032382502 0.4796445723052156 0.4204130400968509 0.02 6.261204106631349 0.002390253474315873 0.3149605899472503 -0.017209678665007583
0.32532866967614377 0.488053321894677 0.4204374794730681 0.02 6.272605860665917 0.001221968810860563 0.32472030112939393 -0.017369125057716636
0.33525791473530037 0.49646225295783 0.42044655315764956 0.02 0.00165501569426668 4.536842290736587E-4 0.3346493831864003 -0.017413922456799777
0.3453553390208111 0.5048712142755374 0.4204480658853704 0.02 0.01465118696089757 7.563638604324296E-5 0.34474640422933456 -0.017332021707479106
0.3556209416310428 0.5132801305115842 0.4204458118023391 0.02 0.02831567691279941 -1.1270415156694469E-4 0.35500956523892974 -0.017111833731986006
0.3660547181753521 0.5216888272154663 0.4204348351941056 0.02 0.042530768871118986 -5.488304116729736E-4 0.36543671630103314 -0.01674253727899014
0.3766566576093722 0.5300969717010051 0.4204072242769419 0.02 0.05715274511697355 -0.0013805458581872543 0.3760253995808791 -0.01621442484702612
0.3874267390350135 0.5385040712820643 0.4203549790529615 0.02 0.07201053393942024 -0.0026122611990198052 0.3867729247974566 -0.015519283960215707
0.39836492850046273 0.5469094732724611 0.4202700995198372 0.02 0.08690469516445715 -0.0042439766562152315 0.39767648058155713 -0.01465080989366721
0.4094711758001836 0.5553123649860436 0.4201445856791275 0.02 0.10160669589319309 -0.006275692035484504 0.4087332831558423 -0.013605045629578622
0.42074541127491677 0.5637117737366582 0.4199704375307256 0.02 0.11585834383891329 -0.008707407420094349 0.41994076133624386 -0.012380845646278421
0.43218754261167963 0.5721065668381431 0.41973965507424715 0.02 0.12937114712500083 -0.011539122823922554 0.4312967739610005 -0.010980362481900041
0.4437974516437661 0.5804954516043237 0.4194442383090302 0.02 0.14182526495734885 -0.014770838260846908 0.442799852711263 -0.009409559162660258
0.45557499115074734 0.5888769753490619 0.41907618723691087 0.02 0.1528676131263985 -0.01840255360596732 0.4544494599290211 -0.007678756709998236
0.4675199816584709 0.5972495253861787 0.4186275018558394 0.02 0.16210860260902946 -0.02243426905357282 0.466246247432439 -0.005803234036245775
0.47963220823906155 0.6056113290295317 0.4180901821676519 0.02 0.16911693029451544 -0.026865984409374377 0.47819229795294893 -0.003803907443254928
0.4919114173109204 0.6139604535929433 0.41745622817057626 0.02 0.17341182481583411 -0.031697699853783234 0.49029132479709436 -0.0017081282526771324
0.5043573134387258 0.6222948063902695 0.4167176398663097 0.02 0.17435355643297135 -0.036929415213327044 0.502548810791832 4.4926626226441844E-4
0.5169695561334327 0.6306121347353422 0.41586641725363527 0.02 0.16890155450855227 -0.04256113063372258 0.5149744709403876 0.0026105679684106384
0.5297477566522726 0.6389100259419966 0.41489456033272365 0.02 0.157346485916128 -0.048592846045580895 0.5275821151135079 0.0046909243643261395
0.5426914747987542 0.6471859073240827 0.4137940691043007 0.02 0.14174920147709041 -0.05502456142114642 0.5403807775990452 0.006622417149794368
0.5558002157226629 0.655437046195434 0.4125569435675658 0.02 0.12409311273037082 -0.06185627683674699 0.5533735873684376 0.00836066428868001
0.5690734267200609 0.6636605498698989 0.4111751837232447 0.02 0.10618922650922852 -0.06908799221605477 0.5665588372809944 0.009884670512988584
0.5825104940332869 0.6718533656613013 0.4096407895701204 0.02 0.0896281719488718 -0.07671970765621428 0.5799316460769479 0.01119563363859347
0.5961107396509565 0.6800122808834796 0.4079457611089188 0.02 0.07577730465494603 -0.08475142306008099 0.5934856250544369 0.012315172412125212
0.6098734181079629 0.6881339228503203 0.406082098342031 0.02 0.06581561966038185 -0.09318313834438818 0.6072141386561047 0.013283498893443962
0.6237977132854752 0.6962147588756129 0.40404180126463185 0.02 0.060795921558739974 -0.10201485386995834 0.6211109291159413 0.014158023717819976
0.6378827352109394 0.7042510962732118 0.40181686987994514 0.02 0.061723778329276335 -0.11124656923433562 0.6351699905583248 0.015012780266247965
0.6521275168580785 0.7122390823569524 0.3993993041870314 0.02 0.06964494357294287 -0.12087828464568684 0.649384595155593 0.015938926991509533
0.6665310109468922 0.7201747044406848 0.3967811041866165 0.02 0.08573452724840658 -0.13091000002074527 0.6637452893991986 0.017046453970898663
0.6810920867436572 0.7280537898382511 0.39395426987831605 0.02 0.1113788697945663 -0.14134171541502205 0.6782365013630782 0.018467043721546367
0.6958095268609269 0.735872005863486 0.3909108012617457 0.02 0.1482301671458232 -0.1521734308285172 0.6928311559720527 0.020357700204328658
0.7106820240578079 0.7436248598440498 0.38764269902819004 0.02 0.19818750354087145 -0.1634051116777835 0.7074824822683276 0.022904031626229462
0.7257081782769391 0.7513077109565613 0.3841425556255773 0.02 0.263209691506057 -0.1750071701306366 0.7221123407857236 0.026320606737870816
0.7408864960706382 0.7589158896849524 0.38040893641955176 0.02 0.34480789868831274 -0.18668096030127757 0.7365967370411058 0.03084340459526469
0.7562153931780377 0.7664448553699743 0.37644828425109633 0.02 0.4430841615141693 -0.19803260842277126 0.7507531214247196 0.036707068046471156
0.7716931977188556 0.7738902270408965 0.37226858354610926 0.02 0.5554791010354989 -0.20898503524935386 0.7643409256132203 0.04410175624606438
0.7873181533933943 0.7812477837269349 0.3678778343019218 0.02 0.676061660034324 -0.21953746220937376 0.7770906368564663 0.053117726119065956
0.8030884226825409 0.78851346445733 0.36328403651975094 0.02 0.7965241846666128 -0.22968988910854193 0.7887638312669161 0.06370718477064084
0.8190020900477678 0.7956833682613462 0.3584951902008138 0.02 0.9088268363277443 -0.2394423159468584 0.7992165930870129 0.0756954322748667
0.8350571651311317 0.802753754168195 0.35351929534244153 0.02 1.0076029585866875 -0.24879474291861214 0.8084266943822538 0.08883810158859337
0.8512515859552742 0.8097210412071232 0.34836435194640636 0.02 1.0907322336550316 -0.2577471698017586 0.816474555497726 0.10288588260585899
0.867583222123422 0.8165818084073906 0.3430383600133702 0.02 1.158421372923963 -0.2662995966518089 0.823502284017191 0.11762465965962574
0.8840498780193863 0.823332794798215 0.33754931954121936 0.02 1.2119680042672825 -0.27445202360754095 0.8296773683420833 0.13288750057483606
0.900649296007563 0.8299708994088384 0.33190523053117094 0.02 1.252869137935674 -0.28220445050242127 0.8351712499488186 0.14855017984771837
0.9173791596329334 0.8364931812685161 0.3261140929838868 0.02 1.282330119121156 -0.28955687736420543 0.8401512154745124 0.16452102858915393
0.9342370968210628 0.8428968594064723 0.3201839068978085 0.02 1.3010075292793564 -0.29650930430391575 0.844781193613696 0.18073044078996137
0.9512206830781017 0.8491793128519443 0.3141226722735979 0.02 1.3088124858374282 -0.3030617312105299 0.8492284813272206 0.19712136248856693
0.9683274446907854 0.8553380806341826 0.30793838911191695 0.02 1.3091695798430478 -0.30921415808404795 0.853655426627744 0.21364538883865403
0.9855548619264339 0.8613708617824289 0.30163905741231734 0.02 1.3098343818946143 -0.314966584979981 0.8581064836629375 0.2302878641611535
1.002900372232952 0.8672755153258993 0.2952326771735181 0.02 1.310986207124221 -0.3203190119399624 0.8625728075428286 0.24704849199631151
1.02036137343883 0.8730500602939006 0.2887272484000669 0.02 1.3126117762356062 -0.3252714386725586 0.8670454114112327 0.26392694898959684
1.0379352269531417 0.8786926757155866 0.28213077108429907 0.02 1.314697445552642 -0.3298238657883923 0.8715153684458871 0.2809228220000556
1.0556192609655466 0.8842017006202463 0.2754512452329827 0.02 1.317229178838725 -0.3339762925658185 0.8759738297956767 0.29803559542277774
1.073410773646289 0.8895756340371208 0.2686966708437266 0.02 1.3201925181013692 -0.33772871946280425 0.8804120433224114 0.3152646392849687
1.0913070363461972 0.8948131349954092 0.2618750479144172 0.02 1.3235725545389903 -0.3410811464654717 0.8848213731624419 0.3326091981994283
1.1093052967966852 0.8999130225244012 0.2549943764496021 0.02 1.3273539007631379 -0.344033573240754 0.8891933200961386 0.35006838125870254
1.1274027823097517 0.9048742756533223 0.24806265644605752 0.02 1.3315206654049954 -0.3465860001772292 0.8935195426924316 0.3676411529805459
1.1455967029779794 0.909696033411389 0.24108788790333513 0.02 1.3360564311686751 -0.34873842713611936 0.8977918791583165 0.3853263253786609
1.1638842548745367 0.9143775948278643 0.2340780708237622 0.02 1.3409442373569669 -0.35049085397864665 0.9020023698107587 0.4031225512944536
1.1822626232531765 0.918918418931991 0.2270412052063353 0.02 1.3461665678135764 -0.35184328087134453 0.9061432800427819 0.4210283190509937
1.2007289857482364 0.923318124752992 0.21998529105005105 0.02 1.3517053451534393 -0.352795707814213 0.910207123640454 0.4390419485322896
1.2192805155746382 0.9275764913200923 0.21291832835501623 0.02 1.3575419320546631 -0.35334813475174087 0.9141866862819583 0.45716158878568264
1.2379143847278902 0.9316934576625968 0.20584831712522345 0.02 1.3636571402561952 -0.35350056148963915 0.9180750490188 0.47538521720190846
1.2566277671840844 0.9356691228097125 0.1987832573557835 0.02 1.3700312477715855 -0.35325298847199704 0.9218656115234497 0.49371064033460904
1.2754178420998967 0.9395037457906152 0.19173114904513788 0.02 1.3766440246765141 -0.3526054155322811 0.9255521148723541 0.5121354964154639
1.2942817970125897 0.9431977456346496 0.18469999220172006 0.02 1.3834747676433845 -0.3515578421708909 0.9291286636128523 0.5306572595685637
1.3132168310400092 0.9467517013709736 0.17769778681619997 0.02 1.3905023432170116 -0.35011026927600497 0.9325897468589458 0.5492732457273029
1.332220158080587 0.9501663520288917 0.17073253289590085 0.02 1.3977052396359475 -0.34826269601495596 0.9359302581594836 0.5679806202445818
1.3512890100133383 0.9534425966375659 0.16381223043371307 0.02 1.405061626795467 -0.34601512310938887 0.9391455138789563 0.5867764071319077
1.370420639897865 0.9565814942263273 0.15694487943807012 0.02 1.4125494237535565 -0.34336754978214756 0.9422312698408642 0.6056574998394175
1.3896123251743522 0.9595842638243646 0.15013847990186235 0.02 1.420146373015245 -0.34031997681038817 0.945183736006451 0.6246206735120314
1.4088613708635702 0.9624522844609018 0.14340103182686192 0.02 1.427830120626119 -0.3368724037500215 0.947999588967029 0.6436625985431415
1.4281651127668742 0.9651870951651986 0.13674053521484097 0.02 1.4355783009995065 -0.3330248306010475 0.9506759820716636 0.6627798553286338
1.4475209206662047 0.9677903949665279 0.13016499006646143 0.02 1.4433686252438211 -0.32877725741897734 0.9532105530273437 0.681968950006867
1.466926201524086 0.9702640428940645 0.12368239637683409 0.02 1.4511789716965398 -0.3241296844813668 0.9556014288549181 0.7012263310208295
1.4863784026836282 0.972610057977108 0.117300754152172 0.02 1.4589874773077163 -0.31908211123310437 0.957847228117451 0.7205484062935683
1.5058750150685258 0.9748306192448819 0.1110280633886962 0.02 1.4667726285067046 -0.3136345381737904 0.9599470603796382 0.7399315608078079
1.5254135763830579 0.9769280657266011 0.10487232408595837 0.02 1.4745133502130294 -0.3077869651368914 0.9619005228987434 0.759372174380005
1.5449916743120877 0.9789048964514935 0.09884153624462044 0.02 1.482189091712907 -0.3015393920668963 0.9637076945879501 0.778866639413367
1.5646069497210655 0.9807637704488892 0.09294369986978523 0.02 1.4897799082218226 -0.2948918187417604 0.965369127333215 0.7984113784229181
1.5842570998560237 0.9825075067479094 0.08718681495101244 0.02 1.4972665370841873 -0.2878442459386399 0.9668858347824208 0.8180028611428578
1.6039398815435815 0.9841390843778886 0.08157888149895598 0.02 1.5046304677088629 -0.28039667260282286 0.9682592787580073 0.837637621028384
1.6236531143909418 0.9856616423680187 0.07612789950650622 0.02 1.5118540045151254 -0.27254909962248774 0.9694913534744836 0.857312270993656
1.6433946839858928 0.9870784797475496 0.07084186897654554 0.02 1.5189203223434762 -0.2643015264980342 0.9705843677656153 0.8770235182400579
1.6631625450968064 0.9883930555456777 0.06572878990640518 0.02 1.5258135139763394 -0.2556539535070179 0.9715410255452193 0.8967681780587211
1.6829547248726422 0.9896089887917903 0.06079666230562886 0.02 1.5325186295980027 -0.2466063800388163 0.9723644047380483 0.9165431865096854
1.7027693260429404 0.9907300585149104 0.056053486156004695 0.02 1.5390217082032043 -0.2371588074812081 0.9730579349247723 0.9363456119078817
1.722604530117829 0.9917602037444295 0.05150726147595819 0.02 1.545309801130237 -0.22731123400232534 0.9736253739468816 0.9561726650718676
1.742458600588021 0.9927035235095971 0.0471659882583797 0.02 1.5513709880419952 -0.21706366087892448 0.9740707837138747 0.9760217083102738
1.7623298861248118 0.9935642768395425 0.04303766649726981 0.02 1.5571943858092872 -0.20641608805549438 0.974398505447432 0.9958902631487923
1.7822168237800848 0.9943468827636526 0.0391302962055029 0.02 1.562770150856128 -0.19536851458834548 0.9746131345852218 1.0157760168165042
1.8021179421567308 0.9950559188322994 0.035451803432340334 0.02 1.5680894756043418 -0.18392463865812836 0.974719495551775 1.0356768275041464
1.8220318634745571 0.9956960658913161 0.03200735295083579 0.02 1.5731445794588752 -0.1722225240752273 0.97472261658952 1.0555907273721579
1.841957302155551 0.9962719340496973 0.028793407919058822 0.02 1.5779286946303803 -0.1606972515888483 0.9746277048735228 1.07551592099926
1.8618930617142557 0.9967879779352318 0.025802194276725032 0.02 1.5824360482986324 -0.1495606821166895 0.9744401221409934 1.0954507811439358
1.8818380315577645 0.9972484921754399 0.02302571201040493 0.02 1.5866618423902523 -0.13882411331600508 0.9741653609595856 1.1153938435043174
1.9017911837857269 0.9976576113981173 0.020455961133869494 0.02 1.5906022317538273 -0.12848754382677186 0.9738090217014781 1.1353438006714256
1.9217515699903438 0.9980193102308466 0.01808494163646479 0.02 1.5942543014391293 -0.11855097487023514 0.9733767902669783 1.1552994953610147
1.9417183180563722 0.9983374033014192 0.01590465352863113 0.02 1.5976160437361555 -0.10901440539168306 0.9728744165805051 1.1752599130296033
1.9616906289611205 0.9986155452374135 0.01390709679971458 0.02 1.6006863355642083 -0.09987783644582748 0.9723076938629386 1.195224173968564
1.9816677735744523 0.9988572306665944 0.012084271459045226 0.02 1.6034649167337665 -0.0911412670334677 0.9716824386673201 1.215191524970586
2.0016490894587835 0.9990657942165582 0.010428177498189584 0.02 1.6059523695328044 -0.08280469804278212 0.9710044716499299 1.2351613306604743
2.021633977669085 0.9992444105150655 0.008930814925367514 0.02 1.6081501000166463 -0.07486812864110348 0.9702795990359596 1.255133064578175
2.0416218995528785 0.9993960941896862 0.00758418373103531 0.02 1.6100603213081537 -0.0673315597166102 0.9695135947283228 1.2751063000976908
2.0616123735502443 0.9995236998682877 0.006380283930074171 0.02 1.6116860391442136 -0.06019499004805695 0.9687121829995698 1.2950807012609087
2.0816049719938112 0.9996299221783467 0.0053111155029483825 0.02 1.6130310398361458 -0.05345842135628942 0.9678810217002823 1.3150560136020233
2.1015993179087644 0.9997172957476597 0.004368678465649367 0.02 1.6140998807461544 -0.04712185186495077 0.9670256859128189 1.3350320550308465
2.121595081812842 0.9997881952038767 0.0035449728108538636 0.02 1.6148978833206533 -0.041185282739775175 0.9661516519764431 1.355008706840897
2.1415919785163355 0.9998448351746791 0.002831998540120395 0.02 1.6154311286638445 -0.035648713536673426 0.9652642818087829 1.37498590490388
2.1615897639220902 0.9998892702877349 0.0022217556527870386 0.02 1.615706455581887 -0.030512144366667826 0.964368807449135 1.3949636311070375
2.181588231825506 0.9999233951707875 0.0017062441526327632 0.02 1.6157314609797495 -0.02577557500771377 0.9634703157511656 1.414941905084072
2.201587210714533 0.9999489444513454 0.0012774640278934157 0.02 1.6155145024495254 -0.021439006236967373 0.9625737331556995 1.434920776289713
2.22158656056968 0.9999674927573476 9.274153001115337E-4 0.02 1.6150647028504739 -0.0175024363890941 0.9616838104788296 1.4549003164617123
2.2415861696640045 0.9999804547162316 6.480979442002877E-4 0.02 1.6143919566479359 -0.013965867795562303 0.9608051076560952 1.474880612509536
2.261585951363122 0.9999890849558657 4.3151198170221505E-4 0.02 1.6135069377503461 -0.01082929812490363 0.9599419783897278 1.494861759867517
2.2815858409251977 0.9999944781037939 2.696573964122706E-4 0.02 1.6124211085613036 -0.008092729264497223 0.9590985546532096 1.5148438563431075
2.301585792300953 0.9999975687877694 1.5453419877076158E-4 0.02 1.6111467299470121 -0.005756159882075451 0.9582787310150154 1.5348269964882475
2.321585774933663 0.9999991316354873 7.814238589531897E-5 0.02 1.6096968718087081 -0.0038195906437721305 0.9574861487515841 1.5548112665166267
2.341585770559152 0.9999997812744521 3.24819482422356E-5 0.02 1.608085423945268 -0.002283021882654168 0.9567241797281324 1.5747967397814502
2.3615857700058056 0.999999972332688 9.55291179494111E-6 0.02 1.606327106892035 -0.0011464518223647246 0.9559959100341312 1.5947834728319634
2.3815857699945577 0.9999999994376063 1.3552459154908547E-6 0.02 1.6044374824310488 -4.098832939725128E-4 0.9553041233695609 1.6147715020419096
2.401585769994558 1.000000000000023 2.812083899073059E-8 0.02 1.6024329634741088 -6.63562538250062E-5 0.9546512841837571 1.6347608408757868
2.4215857699945578 0.9999999999999787 -2.220446049250313E-12 0.02 1.600330822953426 -1.406152971838992E-6 0.954039520554752 1.6547514786321103
2.4415857699945582 1.000000000000023 2.220446049250313E-12 0.02 1.598149201361867 2.220446049250313E-10 0.9534706068206877 1.6747433814549704
2.461585769994558 0.9999999999999787 -2.220446049250313E-12 0.02 1.5959071128544602 -2.220446049250313E-10 0.9529459460490932 1.6947364943554557
2.4815857699945583 1.000000000000023 2.220446049250313E-12 0.02 1.5936244498361516 2.220446049250313E-10 0.952466552397301 1.7147307437283006
2.501585769994558 0.9999999999999787 -2.220446049250313E-12 0.02 1.5913219859679661 -2.220446049250313E-10 0.9520330334018082 1.7347260402881868
2.5215857699945583 1.000000000000023 2.220446049250313E-12 0.02 1.5890213775655393 2.220446049250313E-10 0.951645572233933 1.7547222823692583
2.5415857699945574 0.9999999999999565 -3.3306690738754696E-12 0.02 1.5867451634087861 -2.7755575615628914E-10 0.9513039099587413 1.774719359508533
2.561585769994558 1.000000000000023 3.3306690738754696E-12 0.02 1.5845167630214 3.3306690738754696E-10 0.9510073278323273 1.79471715622374
2.5815857699945575 0.9999999999999787 -2.220446049250313E-12 0.02 1.582360473513655 -2.7755575615628914E-10 0.9507546296698366 1.8147155558743853
2.6015857699945584 1.0000000000000453 3.3306690738754696E-12 0.02 1.580301465104603 2.7755575615628914E-10 0.9505441243127664 1.8347144444962429
2.621585769994558 0.9999999999999787 -3.3306690738754696E-12 0.02 1.5783657754535059 -3.3306690738754696E-10 0.9503736082202773 1.8547137144653236
2.6415857699945584 1.000000000000023 2.220446049250313E-12 0.02 1.576580302923552 2.7755575615628914E-10 0.9502403482048036 1.8747132678460878
2.661585769994558 0.9999999999999787 -2.220446049250313E-12 0.02 1.574972798875632 -2.220446049250313E-10 0.9501410643285166 1.8947130192570931
2.6815857699945584 1.000000000000023 2.220446049250313E-12 0.02 1.5735718590387386 2.220446049250313E-10 0.950071912974321 1.9147128980716595
2.701585769994558 0.9999999999999787 -2.220446049250313E-12 0.02 1.572406913922461 -2.220446049250313E-10 0.9500284701038801 1.9347128497566657
2.7215857699945585 1.000000000000023 2.220446049250313E-12 0.02 1.5715082181215434 2.220446049250313E-10 0.950005714716588 1.9547128361365067
2.741585769994558 0.9999999999999787 -2.220446049250313E-12 0.02 1.570906838207421 -2.220446049250313E-10 0.9499980125282882 1.9747128343501086
2.7615857699945576 0.9999999999999787 0.0 0.02 1.5706346387013552 1.1102230246251565E-10 0.9499990998980491 1.9947128342568359
2.781585769994558 1.000000000000023 2.220446049250313E-12 0.02 1.5735805405958156 1.1102230246251565E-10 0.9499877949258488 2.0147128233377507
2.8015857699945577 0.9999999999999787 -2.220446049250313E-12 0.02 1.5854368600957818 -2.220446049250313E-10 0.9498263089631418 2.034712052322325
2.821585769994558 1.000000000000023 2.220446049250313E-12 0.02 1.6033341949115882 2.220446049250313E-10 0.9493620256301277 2.054706393852454
2.8415857699945577 0.9999999999999787 -2.220446049250313E-12 0.02 1.624305130949086 -2.220446049250313E-10 0.9485047546163269 2.0746876442821582
2.861585769994558 1.000000000000023 2.220446049250313E-12 0.02 1.6459204890625116 2.220446049250313E-10 0.9472187020340044 2.0946458619072015
2.8815857699945577 0.9999999999999787 -2.220446049250313E-12 0.02 1.6663363576839871 -2.220446049250313E-10 0.9455109257686072 2.1145724666063836
2.901585769994558 1.000000000000023 2.220446049250313E-12 0.02 1.684224758127434 2.220446049250313E-10 0.9434200056878171 2.1344625989163384
2.9215857699945578 0.9999999999999787 -2.220446049250313E-12 0.02 1.698649579765532 -2.220446049250313E-10 0.9410067075012962 2.1543162896897226
2.9415857699945582 1.000000000000023 2.220446049250313E-12 0.02 1.7089305438315714 2.220446049250313E-10 0.9383473569798378 2.1741386082834295
2.961585769994558 0.9999999999999787 -2.220446049250313E-12 0.02 1.714516904241632 -2.220446049250313E-10 0.935529957433396 2.1939391436995987
2.9815857699945583 1.000000000000023 2.220446049250313E-12 0.02 1.714876359187685 2.220446049250313E-10 0.9326527855301514 2.2137311082439455
3.001585769994558 0.9999999999999787 -2.220446049250313E-12 0.02 1.7093947148887851 -2.220446049250313E-10 0.9298251836944391 2.2335301902885716
3.0215857699945583 1.000000000000023 2.220446049250313E-12 0.02 1.6972766216435264 2.220446049250313E-10 0.9271704129105156 2.2533530882505346
3.041585769994558 0.9999999999999787 -2.220446049250313E-12 0.02 1.6774351833728314 -2.220446049250313E-10 0.9248306508092119 2.2732154240788254
3.0615857699945583 1.000000000000023 2.220446049250313E-12 0.02 1.6483578066870026 2.220446049250313E-10 0.9229744501990922 2.2931283933997895
3.081585769994558 0.9999999999999787 -2.220446049250313E-12 0.02 1.607940176645489 -2.220446049250313E-10 0.9218071030714458 2.3130929342417
3.1015857699945584 1.000000000000023 2.220446049250313E-12 0.02 1.5533011697511596 2.220446049250313E-10 0.9215840722625107 2.3330892049471106
3.121585769994558 0.9999999999999787 -2.220446049250313E-12 0.02 1.4806610299441028 -2.220446049250313E-10 0.9226260672954172 2.3530576433948776
3.1415857699945584 1.000000000000023 2.220446049250313E-12 0.02 1.3855531478978385 2.220446049250313E-10 0.9253292900494908 2.372866511956567
3.161585769994558 0.9999999999999787 -2.220446049250313E-12 0.02 1.2640121785726697 -2.220446049250313E-10 0.9301523265354407 2.3922635699247308
3.1815857699945584 1.000000000000023 2.220446049250313E-12 0.02 1.1156175824529302 2.220446049250313E-10 0.9375435725335927 2.4108279027265245
3.201585769994558 0.9999999999999787 -2.220446049250313E-12 0.02 0.9477978113781221 -2.220446049250313E-10 0.9477805337464887 2.42798201233296
3.2215857699945585 1.000000000000023 2.220446049250313E-12 0.02 0.7765900786557743 2.220446049250313E-10 0.9607877106208423 2.443142278904487
3.241585769994558 0.9999999999999787 -2.220446049250313E-12 0.02 0.6194242729014543 -2.220446049250313E-10 0.9761167274884024 2.455956198519728
3.2615857699945576 0.9999999999999787 0.0 0.02 0.48638535673691197 1.1102230246251565E-10 0.9931470403524498 2.4664146066110026
3.281585769994558 1.000000000000023 2.220446049250313E-12 0.02 0.3789054296309873 1.1102230246251565E-10 1.011312495886412 2.474759150654779
3.3015857699945577 0.9999999999999787 -2.220446049250313E-12 0.02 0.2937149796213925 -2.220446049250313E-10 1.0301973820066879 2.481325689301379
3.321585769994558 1.000000000000023 2.220446049250313E-12 0.02 0.22639240197069566 2.220446049250313E-10 1.0495279861090192 2.486442021146725
3.3415857699945577 0.9999999999999787 -2.220446049250313E-12 0.02 0.17297017290476147 -2.220446049250313E-10 1.0691322723647134 2.490388784377752
3.361585769994558 1.000000000000023 2.220446049250313E-12 0.02 0.13033570296774222 2.220446049250313E-10 1.0889036160682732 2.4933943526872144
3.3815857699945577 0.9999999999999787 -2.220446049250313E-12 0.02 0.0961733004216514 -2.220446049250313E-10 1.1087759360155254 2.495642025053228
3.401585769994558 1.000000000000023 2.220446049250313E-12 0.02 0.0687973611642626 2.220446049250313E-10 1.1287081501384726 2.497279668199619
3.4215857699945578 0.9999999999999787 -2.220446049250313E-12 0.02 0.04699527215170862 -2.220446049250313E-10 1.148674733290251 2.4984284585863
3.4415857699945582 1.000000000000023 2.220446049250313E-12 0.02 0.029907571202383965 2.220446049250313E-10 1.1686599859126394 2.499190000215978
3.461585769994558 0.9999999999999787 -2.220446049250313E-12 0.02 0.01694467622804785 -2.220446049250313E-10 1.1886545095524197 2.499651974842457
3.4815857699945583 1.000000000000023 2.220446049250313E-12 0.02 0.00773363586205944 2.220446049250313E-10 1.2086529898544716 2.4998927074154316
3.501585769994558 0.9999999999999787 -2.220446049250313E-12 0.02 0.002089436485999574 -2.220446049250313E-10 1.2286527499445254 2.499985052378854
3.5215857699945583 1.000000000000023 2.220446049250313E-12 0.02 8.51378052768581E-6 2.220446049250313E-10 1.2486527405666297 2.4999999961747896
3.541585769994558 0.9999999999999787 -2.220446049250313E-12 0.02 6.282759576567282 -2.220446049250313E-10 1.2686527402277699 2.499997341408179
3.5615857699945583 1.000000000000023 2.220446049250313E-12 0.02 6.28139087456843 2.220446049250313E-10 1.2886527279719262 2.4999766708199145
3.581585769994558 0.9999999999999787 -2.220446049250313E-12 0.02 6.279129263243258 -2.220446049250313E-10 1.3086526423027514 2.4999196119723894
3.6015857699945584 1.000000000000023 2.220446049250313E-12 0.02 6.27602480497697 2.220446049250313E-10 1.3286523273364197 2.4998088112065866
3.621585769994558 0.9999999999999787 -2.220446049250313E-12 0.02 6.272125658613393 -2.220446049250313E-10 1.3486514963923482 2.4996278975048174
3.6415857699945584 1.000000000000023 2.220446049250313E-12 0.02 6.267478417117199 2.220446049250313E-10 1.3686497034318255 2.4993614489462725
3.661585769994558 0.9999999999999787 -2.220446049250313E-12 0.02 6.262128418837114 -2.220446049250313E-10 1.3886463215402247 2.4989949661456756
3.6815857699945584 1.000000000000023 2.220446049250313E-12 0.02 6.256120028669296 2.220446049250313E-10 1.4086405278668095 2.498514852091952
3.701585769994558 0.9999999999999787 -2.220446049250313E-12 0.02 6.249496886348587 -2.220446049250313E-10 1.4286312944945405 2.4979083977028775
3.7215857699945585 1.000000000000023 2.220446049250313E-12 0.02 6.242302119816205 2.220446049250313E-10 1.4486173848342947 2.4971637723334736
3.741585769994558 0.9999999999999787 -2.220446049250313E-12 0.02 6.234578522237215 -2.220446049250313E-10 1.4685973551791784 2.4962700184178033
3.7615857699945585 1.000000000000023 2.220446049250313E-12 0.02 6.226368691815212 2.220446049250313E-10 1.4885695610914014 2.49521704938307
3.781585769994558 0.9999999999999787 -2.220446049250313E-12 0.02 6.217715134121969 -2.220446049250313E-10 1.5085321683041317 2.493995649950995
3.8015857699945577 0.9999999999999787 0.0 0.02 6.208660327248167 1.1102230246251565E-10 1.528483167816255 2.492597477934336
3.821585769994558 1.000000000000023 2.220446049250313E-12 0.02 6.199246750712659 1.1102230246251565E-10 1.548420394810305 2.4910150666490756
3.8415857699945577 0.9999999999999787 -2.220446049250313E-12 0.02 6.189516879696679 -2.220446049250313E-10 1.5683415510314718 2.489241827089848
3.861585769994558 1.000000000000023 2.220446049250313E-12 0.02 6.17951314683651 2.220446049250313E-10 1.5882442302046813 2.4872720490649463
3.8815857699945577 0.9999999999999787 -2.220446049250313E-12 0.02 6.1692778744884045 -2.220446049250313E-10 1.6081259459670856 2.485100900560634
3.901585769994558 1.000000000000023 2.220446049250313E-12 0.02 6.158853180927365 2.220446049250313E-10 1.6279841618838227 2.4827244246775266
3.9215857699945578 0.9999999999999787 -2.220446049250313E-12 0.02 6.1482808645591405 -2.220446049250313E-10 1.6478163229297824 2.4801395335968066
3.9415857699943078 0.9999999999874998 -6.23945339839338E-10 0.02 6.13760227061668 -3.108624468950438E-8 1.6676198879006772 2.4773439991389523
3.961585769854642 0.9999999930167203 -3.4853897545872314E-7 0.02 6.1268581452399316 -1.739575150594419E-5 1.6873923619956024 2.47433643963177
3.98158576790158 0.9999999023468931 -4.533491360092512E-6 0.02 6.116088482493838 -2.0924761923168944E-4 1.7071313279247327 2.471116303099719
4.001585758001051 0.9999995049735366 -1.9868667822109387E-5 0.02 6.105332369462333 -7.667588231008438E-4 1.7268344746621247 2.4676838468769176
4.021585726361097 0.9999984180022903 -5.4348562317230176E-5 0.02 6.094627833454976 -0.0017239947247560394 1.7464996246019553 2.4640401135937506
4.041585648331864 0.9999960985383805 -1.1597319549139229E-4 0.02 6.084011695579802 -0.0030812316587081057 1.7661247588739966 2.4601869036984954
4.061585485205615 0.9999918436875532 -2.127425413611661E-4 0.02 6.073519434614463 -0.004838467293488691 1.785708040387144 2.4561267448062107
4.081585181016714 0.9999847905549419 -3.5265663056449625E-4 0.02 6.063185064539841 -0.0069957044601665075 1.8052478342376486 2.451862858251898
4.10158465934164 0.9999739162462884 -5.43715432677061E-4 0.02 6.0530410284472325 -0.009552940105628238 1.8247427251898465 2.44739912329267
4.121583820098978 0.9999580378669215 -7.939189683447978E-4 0.02 6.043118110826244 -0.01251017678338684 1.8441915320062505 2.4427400394537377
4.141582536349425 0.9999358125223345 -0.0011112672293478454 0.02 6.033445369504943 -0.01586741305015238 1.8635933184962505 2.4378906875382937
4.1615806510957825 0.9999057373178744 -0.0015037602230094649 0.02 6.024050087800743 -0.019624649683080975 1.88294740122624 2.432856689830205
4.181577974082966 0.9998661493591854 -0.001979397934448457 0.02 6.014957746772547 -0.0237818855719496 1.9022533538973856 2.4276441700108293
4.201574278597997 0.9998152257515436 -0.002546180382090313 0.02 6.0061920168571 -0.028339122382092796 1.9215110084656684 2.422259713284707
4.221569298270009 0.9997509836006113 -0.003212107546612941 0.02 5.997774767650533 -0.03329635822613142 1.940720453137569 2.416710327168474
4.241562723870241 0.9996712800115937 -0.003985179450882725 0.02 5.989726094167045 -0.03865359521348921 1.9598820274332043 2.411003403342881
4.261554200112045 0.9995738120902153 -0.004873396068916236 0.02 5.982064357608454 -0.044410830901675524 1.9789963144869005 2.4051466809261237
4.281543322450879 0.9994561169416993 -0.005884757425800302 0.02 5.974806238418523 -0.05056806784420331 1.998064130863657 2.3991482114394738
4.3015296338843125 0.9993155716716551 -0.007027263502212833 0.02 5.967966799299411 -0.05712530382062653 2.0170865141143004 2.3930163256905694
4.321512621752023 0.9991493933855455 -0.008308914305477089 0.02 5.961559555811262 -0.0640825401632128 2.0360647083271317 2.3867596027260465
4.341491714535797 0.9989546391886872 -0.009737709842916331 0.02 5.955596552208975 -0.07143977687196212 2.055000147926134 2.38038684094314
4.361466278659531 0.9987282061866942 -0.01132165009964936 0.02 5.9500884402622445 -0.07919701283665148 2.0738944399533557 2.373907031391141
4.381435615289229 0.998466831484901 -0.013068735089660777 0.02 5.94504455894067 -0.0873542495005708 2.0927493450652426 2.3673293332362175
4.401398957133007 0.9981670921888952 -0.014986964800289826 0.02 5.940473013020514 -0.09591148553145246 2.111566757446532 2.3606630513161315
4.421355465241088 0.9978254054040292 -0.01708433924330066 0.02 5.936380748866658 -0.10486872215054177 2.1303486838094132 2.353917615673267
4.441304225805803 0.9974380282357753 -0.019368858412693868 0.02 5.932773625837242 -0.11422595846966033 2.1490972216754596 2.3471025628984625
4.461244246961596 0.9970010577896371 -0.021848522306910922 0.02 5.929656481987867 -0.12398319471085273 2.167814537042207 2.340227519112347
4.481174455585018 0.9965104311711048 -0.024531330926613748 0.02 5.9270331929451245 -0.13414043098514128 2.186502841579572 2.3333021843621347
4.501093694094727 0.9959619254854335 -0.027425284283566498 0.02 5.92490672303218 -0.1446976678476375 2.2051643694342227 2.3263363182081758
4.5210007172514945 0.9953511578383978 -0.030538382351785742 0.02 5.923279167915327 -0.15565490341096222 2.223801353745689 2.3193397262431588
4.540894188965024 0.9946735856764644 -0.033878608096671314 0.02 5.922151788230889 -0.1670112872442786 2.242416002921427 2.3123222472911547
4.560772679738006 0.9939245386491269 -0.037452351366873415 0.02 5.921525033808931 -0.17868716351010505 2.2610104773347093 2.3052937407894074
4.580634667284877 0.9930993773435315 -0.04125806527977005 0.02 5.921398558418186 -0.19028569564483178 2.2795868688587606 2.2982640731866577
4.600478539505059 0.9921936110091067 -0.04528831672123701 0.02 5.921771225518459 -0.20151257207334794 2.29814718251849 2.2912431033922243
4.620302597682726 0.9912029088833485 -0.049535106287912356 0.02 5.9226411054162895 -0.21233947833376732 2.3166933183331673 2.284240667810175
4.640105059686808 0.9901231002040767 -0.053990433963591045 0.02 5.924005464088722 -0.22276638378393443 2.335227053204137 2.277266564842128
4.659884063170983 0.9889501742087692 -0.05864629976537472 0.02 5.9258607440603726 -0.2327932900891838 2.3537500229286312 2.270330538668841
4.679637668773684 0.9876802801350504 -0.06349470368594012 0.02 5.928202537862098 -0.24242019602827014 2.3722637044177883 2.263442262137782
4.699363863318096 0.9863097272206023 -0.06852764572240488 0.02 5.931025554746538 -0.251647101823238 2.3907693982160048 2.2566113185968026
4.719060563012156 0.9848349847029869 -0.07373712588076842 0.02 5.934323581486989 -0.26047400791817665 2.4092682114325212 2.2498471825333795
4.738725616648554 0.9832526818199128 -0.07911514415370746 0.02 5.938089438236172 -0.26890091364695223 2.4277610411897013 2.2431591989098996
4.758356808804732 0.9815596078088795 -0.08465370055166233 0.02 5.942314930585444 -0.2769278198977432 2.446248558756044 2.236556561095157
4.777951863042882 0.9797527119075333 -0.09034479506730975 0.02 5.946990799111303 -0.28455472578237107 2.464731194490202 2.230048287344885
4.797508445109954 0.977829103353578 -0.09618042769776736 0.02 5.952106667849696 -0.2917816315228805 2.483209123764954 2.2236431958094176
4.8170241661376485 0.9757860513847305 -0.10215259844237323 0.02 5.95765099328654 -0.2986085372302938 2.5016822540730033 2.21734987807979
4.836496585842414 0.9736209852382771 -0.10825330732266991 0.02 5.963611015571398 -0.30503544401483396 2.5201502134943086 2.2111766713392904
4.855923215725457 0.9713314941521389 -0.11447455430690923 0.02 5.969972713763076 -0.31106234921196574 2.5386123407167926 2.205131629232555
4.875301522272733 0.9689153273638063 -0.12080833941663371 0.02 5.976720767003796 -0.3166892554862244 2.557067676852839 2.1992224915985417
4.89462893015495 0.9663703941108714 -0.12724666264674056 0.02 5.9838385235290055 -0.3219161615053423 2.575514959222094 2.1934566532889783
4.913902825427573 0.9636947636311177 -0.13378152398768606 0.02 5.991307979419524 -0.32674306704727485 2.593952617315208 2.1878411323281832
4.933120558730814 0.9608866651620751 -0.14040492345213096 0.02 5.999109768933286 -0.33116997322224506 2.6123787711385287 2.182382537722005
4.952279448489638 0.957944487941198 -0.14710886104385423 0.02 6.007223168106272 -0.33519687958616373 2.630791232084373 2.177087037282313
4.971376784113766 0.9548667812063982 -0.1538853367399895 0.02 6.01562611312763 -0.33882378480676323 2.649187506484661 2.1719603258639397
4.990409829197669 0.9516522541951566 -0.1607263505620793 0.02 6.024295234707551 -0.3420506911044896 2.667564801928739 2.1670075944599203
5.00937582472057 0.9482997761450562 -0.1676239025050208 0.02 6.033205909343349 -0.3448775971470752 2.6859200364350295 2.1622335006140783
5.028271992246446 0.944808376293782 -0.1745699925637112 0.02 6.042332327967199 -0.3473045029345201 2.704249850460336 2.1576421406435977
5.047095537124027 0.9411772438790322 -0.18155662073748857 0.02 6.0516475820223 -0.3493314086888688 2.72255062170348 2.1532370241610113
5.065843651686788 0.9374057281380743 -0.18857578704789546 0.02 6.061123766540895 -0.3509583155203444 2.7408184826227697 2.149021051371995
5.08451351845297 0.9334933383090771 -0.19561949144986102 0.02 6.070732099268164 -0.3521852200982778 2.75904934047584 2.144996493615479
5.103102313325553 0.9294397436291568 -0.20267973399601402 0.02 6.080443054394769 -0.3530121273076503 2.777238899674008 2.1411649775640678
5.12160720879228 0.9252447733363756 -0.2097485146390632 0.02 6.090226508975483 -0.3534390321524583 2.7953826861718563 2.137527473455285
5.140025377125639 0.9209084166679204 -0.2168178334227555 0.02 6.100051899676933 -0.3534659391846162 2.8134760735557975 2.134084287660511
5.158353993582875 0.9164308228617912 -0.22387969030646104 0.02 6.109888387140819 -0.35309284418527653 2.8315143104627403 2.130835059820017
5.17659023960598 0.9118123011552903 -0.230926085325045 0.02 6.119705024973506 -0.35231975092919754 2.8494925489241476 2.127778764688391
5.194731306021707 0.9070533207863107 -0.23794901844897964 0.02 6.1294709301959625 -0.35114665619673247 2.867405873199209 2.1249137187453613
5.212774396241551 0.9021545109922258 -0.24494048970424842 0.02 6.139155451937742 -0.34957356276343887 2.8852493286682437 2.1222375915305753
5.23071672946177 0.8971166610109549 -0.25189249906354405 0.02 6.148728335205355 -0.3476004679647815 2.903017950344172 2.119747421571269
5.248555543863368 0.8919407200798979 -0.25879704655284996 0.02 6.158159876726443 -0.3452273744652956 2.920706790581625 2.1174396366822616
5.266288099812101 0.8866277974366454 -0.26564613216262245 0.02 6.1674210701479915 -0.34245428048862436 2.9383109456025593 2.115310078335602
5.283911683058481 0.8811791623189791 -0.2724317558833178 0.02 6.176483738207866 -0.33928118603476776 2.9558255804624443 2.1133540297310907
5.301423607937769 0.8755962439644271 -0.2791459177275968 0.02 6.185320649950044 -0.3357080922139488 2.9732459521711516 2.1115662471351384
5.318821220569983 0.8698806316107088 -0.28578061768591567 0.02 6.193905621509835 -0.3317349979159445 2.990567430699804 2.109940994016414
5.336101902059889 0.8640340744952901 -0.29232785577093523 0.02 6.202213599502299 -0.3273619042509779 3.00778551767501 2.108472077475657
5.353263071697006 0.8580584818558279 -0.29877963197311175 0.02 6.210220726556039 -0.3225888101088259 3.0248958626361886 2.107152886451912
5.370302190155606 0.8519559229299922 -0.3051279462917833 0.02 6.217904388995421 -0.31741571593357776 3.0418942767448867 2.1059764311917353
5.387216762694717 0.8457286269555553 -0.3113647987218471 0.02 6.225243247157531 -0.31184262150318887 3.0587767439686377 2.104935383475155
5.404004342358112 0.8393789831697696 -0.3174821892892865 0.02 6.232217249174968 -0.30586952837197146 3.0755394297051177 2.104022117125905
5.420662533174324 0.8329095408106113 -0.32347211795791253 0.02 6.238807629446948 -0.29949643343130106 3.0921786869820296 2.1032287483594603
5.437188993356635 0.8263230091155371 -0.3293265847537086 0.02 6.2449968932415585 -0.29272333978980214 3.1086910603027667 2.1025471755725427
5.453581438503079 0.8196222573221945 -0.33503758966713093 0.02 6.250768789099687 -0.28555024567111786 3.1250732873019698 2.101969118221568
5.46983764479644 0.8128103146680665 -0.34059713270639946 0.02 6.256108270835627 -0.27797715196342665 3.1413222983823927 2.101486154490404
5.485955452204264 0.8058903703911824 -0.3459972138442069 0.02 6.261001451000412 -0.27000405689037166 3.1574352145227884 2.1010897575005156
5.501932767678836 0.7988657737286076 -0.3512298331287411 0.02 6.265435547689544 -0.26163096422671117 3.173409343458328 2.100771329868944
5.517767568357206 0.7917400339184866 -0.3562869905060495 0.02 6.269398826543196 -0.2528578688654193 3.189242174432439 2.100522236470177
5.533457904761166 0.7845168201980002 -0.36116068602431994 0.02 6.272880539726263 -0.2436847759135219 3.2049313717561945 2.1003338353047725
5.549001903997267 0.7771999618050529 -0.3658429196473634 0.02 6.275870863558683 -0.2341116811521715 3.220474767349266 2.100197506422323
5.564397772956814 0.7697934479773405 -0.3703256913856201 0.02 6.278360836359226 -0.2241385869128365 3.235870352478866 2.10010467888419
5.579643801515855 0.7623014279520834 -0.3746010012628531 0.02 6.280342297924258 -0.21376549386165067 3.251116268888599 2.1000468557859584
5.594738365735201 0.7547282109672704 -0.3786608492406529 0.02 6.281807831916813 -0.20299239888998954 3.2662107994722565 2.100015637388432
5.609679931060389 0.7470782662593933 -0.3824972353938527 0.02 6.282750712303907 -0.19181930765999056 3.2811523586764437 2.1000027424295586
5.624467055387659 0.7393562163635181 -0.3861024947937608 0.02 6.283164854830077 -0.18026296999540392 3.2959394826464163 2.100000027708771
5.639098390169793 0.7315667391067038 -0.38947386284071683 0.02 6.282508529797683 -0.1685684023478018 3.310570816945823 2.0999976068436075
5.6535726781307645 0.7237143980485694 -0.39261705290671856 0.02 6.279445165396706 -0.1571595033000861 3.3250450700744345 2.0999685756061
5.6678887500829305 0.7158035976082999 -0.39554002201347416 0.02 6.27403912226115 -0.1461484553377801 3.339360845219519 2.099879146455823
5.682045521727036 0.7078385822052891 -0.39825077015054333 0.02 6.266357192807654 -0.13553740685345872 3.353516423899538 2.099698069296883
5.696041990452214 0.6998234362588729 -0.40075729732080845 0.02 6.256399969955595 -0.1253263585132558 3.3675095679935763 2.099395686099275
5.709877232135975 0.6917620841880634 -0.40306760354047455 0.02 6.2441090203038065 -0.11551531098330514 3.3813373170950745 2.0989430744214435
5.723550397944225 0.683658290412481 -0.4051896887791173 0.02 6.229369942202377 -0.1061042619321384 3.39499575633695 2.0983113178915156
5.73706071113125 0.675515659351289 -0.40713155305960314 0.02 6.212012357535961 -0.09709321402429083 3.408479732201111 2.0974708563324014
5.7504074638397285 0.6673376354239036 -0.40890119636927125 0.02 6.191807567712477 -0.0884821654834056 3.4217824918335014 2.096390886144808
5.763590013900714 0.6591275030492838 -0.41050661873098804 0.02 6.168464528002084 -0.08027111808583953 3.4348952182126893 2.0950387971288507
5.776607781633657 0.6508883866471304 -0.41195582010766785 0.02 6.141624966523574 -0.07246006883399048 3.4478064278948626 2.093379649137443
5.789460246646388 0.6426232506365537 -0.4132568005288384 0.02 6.110858966019676 -0.0650490210585275 3.460501193753763 2.0913757148722882
5.802146944635126 0.6343348994369169 -0.41441755998183893 0.02 6.075663283910218 -0.05803797265002686 3.4729601532766625 2.088986148965486
5.814667464184473 0.6260259774673482 -0.4154460984784336 0.02 6.035466302899989 -0.05142692482973388 3.4851582724630843 2.086166893928419
5.82702144356742 0.6176989691473622 -0.41635041599930034 0.02 5.989645963313799 -0.04521587604333632 3.4970633654916186 2.08287100642032
5.839208567545343 0.6093561988961493 -0.41713851256064416 0.02 5.9375702201371094 -0.03940482806719103 3.5086344464016292 2.0790496816200457
5.851228564168005 0.6009998311330644 -0.4178183881542452 0.02 5.87867253551788 -0.03399377968005268 3.519820135562841 2.074654352303791
5.863081201573551 0.5926318702773159 -0.41839804278742676 0.02 5.812574745816024 -0.028982731659077388 3.53055759288015 2.069640283986314
5.874766284788516 0.5842541607482321 -0.4188854764541894 0.02 5.739260542327108 -0.024371683338131334 3.5407727818790793 2.0639719581159452
5.88628365252782 0.575868386965217 -0.4192886891507541 0.02 5.659277485440681 -0.020160634828236823 3.5503831556423298 2.0576300549199464
5.897633173994769 0.5674760733474393 -0.4196156808888851 0.02 5.573903502866898 -0.016349586906549973 3.5593037639427396 2.050618913518416
5.908814745681053 0.5590785843142321 -0.4198744516603625 0.02 5.4851767792705965 -0.012938538573870062 3.567456885116935 2.0429722096337035
5.919828288166752 0.5506771242849151 -0.42007300146584825 0.02 5.3957027928066434 -0.0099274902742863 3.574783513614714 2.03475408038229
5.930673742920327 0.5422727376787506 -0.42021933030822467 0.02 5.308250069291727 -0.007316442118820987 3.5812532721105144 2.026054017579034
5.941351069098629 0.5338663089151208 -0.42032143818149237 0.02 5.225276621890728 -0.005105393663384916 3.5868691394415677 2.0169764693879757
5.951860240346893 0.5254585624132169 -0.42038732509519505 0.02 5.148577764263958 -0.0032943456851342034 3.591665457616022 2.007628536674723
5.962201241598741 0.5170500625923946 -0.42042499104111286 0.02 5.079163836124695 -0.0018832972958904293 3.5957006357010326 1.9981095716303208
5.97237406587618 0.508641213871952 -0.42044243602212816 0.02 5.017343930327695 -8.72249050765106E-4 3.5990476821718187 1.9885048502866955
5.98237871109086 0.5002322607339682 -0.42044765689919217 0.02 4.962915984309815 -2.6104385320024903E-4 3.601785436037496 1.9788833680611095
5.9922151772068535 0.4918233057996879 -0.4204477467140144 0.02 4.915368620628092 -4.490741112306296E-6 3.603992018852411 1.9692985451015235
6.001883466134816 0.4834144463981449 -0.4204429700771506 0.02 4.874043071561159 2.3883184319117845E-4 3.605740753353925 1.959790420299138
6.011383584499197 0.47500591821902916 -0.4204264089557874 0.02 4.83824229296885 8.280560681583893E-4 3.6070980965208896 1.9503882806233526
6.020715546836058 0.4665981168430644 -0.4203900687982376 0.02 4.807294772768836 0.0018170078774915055 3.608122949358312 1.9411131391947833
6.029879378793078 0.4581915978509876 -0.4203259496038392 0.02 4.780586362226295 0.00320595971992077 3.6088667877875067 1.9319798194469788
6.038875120329545 0.4497870768233714 -0.42022605138081204 0.02 4.7575721832939015 0.004994911151356973 3.6093742185256907 1.9229985996732257
6.047702828916365 0.44138542934097913 -0.42008237411961247 0.02 4.737777329724379 0.007183863059978535 3.609683710397804 1.914176462206402
6.056362582736058 0.43298769098463197 -0.4198869178173581 0.02 4.72079194523326 0.009772815112718547 3.6098283584581976 1.9055180206340872
6.064854483882756 0.4245950573348978 -0.4196316824867097 0.02 4.706263965615777 0.012761766532420893 3.6098366073787544 1.8970261981627385
6.0731786615622045 0.4162088839724465 -0.4193086681225644 0.02 4.693891323956391 0.016150718207263992 3.609732901624403 1.8887027196073356
6.081335275291766 0.4078306864780945 -0.418909874717599 0.02 4.683414522551061 0.019939670248270147 3.6095382527525524 1.880548466065223
6.089324518100416 0.39946214043249384 -0.41842730228003333 0.02 4.67460996711735 0.02412862187828324 3.6092707259001364 1.8725637295185602
6.097146619728743 0.39110508141635414 -0.41785295080698504 0.02 4.667284185099156 0.028717573652414785 3.608945852894162 1.8647483947357353
6.1048018498289505 0.3827615050103539 -0.41717882030001263 0.02 4.661268912481505 0.033706525348620175 3.6085769813238233 1.8571020684970532
6.112290521164854 0.3744335667951848 -0.4163969107584542 0.02 4.6564169715001515 0.039095477077921714 3.6081755690309434 1.8496241706294145
6.119612992811886 0.36612358235159626 -0.41549922217942736 0.02 4.6525988399163625 0.044884428951341704 3.607751432753777 1.842313997288736
6.126769673357091 0.35783402726026203 -0.4144777545667111 0.02 4.649699811153221 0.05107338063581324 3.6073129586136545 1.835170764059511
6.13376102409913 0.3495675371019136 -0.41332450791742303 0.02 4.647617652477718 0.05766233246440322 3.6068672810237694 1.8281936343475906
6.140587562248273 0.3413269074571623 -0.4120314822375626 0.02 4.646260679784936 0.06465128399302245 3.6064204355507115 1.8213817370305658
6.147249864126409 0.3331150939068106 -0.41059067751758604 0.02 4.645546179446358 0.07204023599882703 3.605977490327422 1.8147341762793823
6.153748568367041 0.32493521203158515 -0.4089940937612724 0.02 4.64539911870814 0.07982918781568316 3.605542659810941 1.8082500356929543
6.160084379115282 0.3167905374120483 -0.40723373097684146 0.02 4.645751095748832 0.08801813922154622 3.6051194039950922 1.8019283783207947
6.166258069227862 0.30868450562899774 -0.4053015891525291 0.02 4.646539488620345 0.09660709121561695 3.6047105156162207 1.7957682437510032
6.172270483473125 0.30062071226315545 -0.40318966829211433 0.02 4.647706768987596 0.10559604302073922 3.604318197413099 1.78976864315042
6.178122541731027 0.2926029128951235 -0.4008899684015965 0.02 4.649199952037557 0.11498499452589073 3.603944131105068 1.7839285529210505
6.183815242193141 0.2846350231056949 -0.39839448947143197 0.02 4.650970158350242 0.1247739465082276 3.6035895394242425 1.778246907488227
6.189349664562652 0.2767211184755425 -0.3956952315076201 0.02 4.652972267123491 0.1349628981905937 3.6032552422636313 1.7727225915896696
6.19472697325436 0.2688654345853969 -0.39278419450727853 0.02 4.655164643074541 0.14555185001707827 3.602941707780664 1.7673544323798567
6.199948420594677 0.2610723670158688 -0.3896533784764067 0.02 4.657508921797404 0.15654080154359207 3.6026490991081164 1.7621411915447158
6.205015350009621 0.2533464707471733 -0.38629481343477323 0.02 4.659969840397613 0.16792825208167272 3.6023773171781603 1.7570815576329173
6.209929198428834 0.24569242096066368 -0.38270248932548157 0.02 4.662515101633499 0.17961620546458335 3.6021260400785806 1.7521741394669685
6.214691495375827 0.23811484734963528 -0.37887868055141993 0.02 4.665115260238978 0.1911904387030816 3.601894759333656 1.7474174632484905
6.2193038599355726 0.23061822798728926 -0.3748309681173012 0.02 4.6677436233565235 0.2023856217059361 3.60168281320901 1.7428099722359445
6.223767997554568 0.2232068809497889 -0.37056735187501744 0.02 4.6703761593632676 0.2131808121141887 3.601489417076638 1.7383500270437309
6.228085696840837 0.21588496431341753 -0.3660958318185692 0.02 4.672991409930981 0.22357600282241208 3.6013136909568324 1.7340359064126671
6.232258826363924 0.20865647615435634 -0.3614244079530593 0.02 4.675570401231348 0.2335711932754947 3.6011546843428905 1.7298658084199379
6.236289331454901 0.20152525454886216 -0.3565610802747088 0.02 4.6780965512045745 0.24316638391752576 3.6010113984074397 1.7258378521405482
6.240179231006363 0.19449497757308976 -0.35151384878862046 0.02 4.680555570819362 0.2523615743044161 3.600882805683316 1.7219500796672635
6.243930614272429 0.18756916330331386 -0.3462907134887949 0.02 4.682935358044231 0.26115676499127716 3.600767867319642 1.7182004584943473
6.247545637668744 0.18075116981575157 -0.3408996743781145 0.02 4.685225884043867 0.2695519555340198 3.6006655480181693 1.7145868841979532
6.251026521572476 0.17404419518660674 -0.3353487314572412 0.02 4.687419071746531 0.27754714604366626 3.6005748287651693 1.7111071833618121
6.254375547122318 0.16745127749207 -0.32964588472683687 0.02 4.689508667443676 0.2851423365202166 3.6004947174850495 1.7077591167198634
6.257595053018485 0.16097529480836315 -0.323799134185343 0.02 4.691490106519268 0.29233752707469307 3.6004242577509062 1.7045403824577672
6.260687432322721 0.15461896521178353 -0.31781647982898065 0.02 4.6933603747011325 0.299132717818118 3.600362535696684 1.7014486196354532
6.263655129258289 0.14838484677843766 -0.3117059216672935 0.02 4.695117866429689 0.3055279080843576 3.600308685282628 1.698481411694116
6.266500636009982 0.14227533758464084 -0.30547545968984124 0.02 4.6967622420333 0.31152309887261254 3.6002618920708747 1.6956362900362656
6.2692264895241125 0.13629267570651749 -0.2991330939061676 0.02 4.698294285451522 0.3171182891836821 3.6002213956694775 1.6929107376214159
6.27183526830852 0.13043893922035643 -0.2926868243080527 0.02 4.69971576416737 0.32231347990574477 3.6001864910039605 1.6903021925732127
6.274329589232568 0.12471604620243326 -0.2861446508961585 0.02 4.701029292905464 0.32710867059471127 3.600156528572586 1.6878080517927687
6.276712104327144 0.11912575472878828 -0.2795145736822491 0.02 4.702238202518664 0.3315038606954701 3.600130913836053 1.6854256745413236
6.278985497584659 0.11366966287575941 -0.2728045926514433 0.02 4.703346415275556 0.3354990515402889 3.6001091058859966 1.6831523860016233
6.281152481759051 0.10834920871958253 -0.26602270780884396 0.02 4.704358327568036 0.33909424212996697 3.6000906155275887 1.6809854808077267
6.283215795165779 0.10316567033639146 -0.2591769191595539 0.02 4.70527870083855 0.3422894324645043 3.6000750029016158 1.6789222265440602
6.285178198481829 0.0981201658025288 -0.25227522669313274 0.02 4.706112561319412 0.34508462332105694 3.600061874760211 1.676959867197275
6.2870424715457105 0.0932136531940575 -0.24532563042356514 0.02 4.7068651089488105 0.34747981347837964 3.6000508814991665 1.6750956265903247
6.288811410157457 0.0884469305873381 -0.2383361303359699 0.02 4.707541635661148 0.3494750043797623 3.6000417140372845 1.6733267117675243
6.290487822878626 0.08382063605845147 -0.2313147264443316 0.02 4.708147453046125 0.351070194581915 3.600034100621848 1.6716503163604954
6.292074527832302 0.07933524768377609 -0.22426941873376904 0.02 4.708687829233794 0.3522653855281277 3.600027803627279 1.6700636239218731
6.29357434950309 0.07499108353941075 -0.21720820721826684 0.02 4.709167934719859 0.3530605757751104 3.6000226164031277 1.668563811235298
6.2949901155371215 0.07078830170157424 -0.21013909189182556 0.02 4.709592796735771 0.3534557663220639 3.6000183602170366 1.6671480516097912
6.296324653542053 0.06672690024656092 -0.20307007275066624 0.02 4.709967261685808 0.3534509570579658 3.600014881328577 1.665813518147103
6.297580787887064 0.06280671725056308 -0.1960091497998917 0.02 4.710295965096144 0.353046147538727 3.6000120482212625 1.6645573870027313
6.298761336502858 0.059027430789715396 -0.1889643230423843 0.02 4.7105833084835975 0.3522413378753697 3.6000097490120124 1.6633768406307354
6.299869107681665 0.05538855894031691 -0.1819435924699242 0.02 4.71083344251803 0.3510365286230055 3.600007889050629 1.6622690710157961
6.300906896877238 0.051889459778653446 -0.1749549580831733 0.02 4.7110502558368506 0.34943171933754513 3.60000638871582 1.661231282906897
6.301877483504853 0.04852933138077553 -0.16800641989389575 0.02 4.711237368878653 0.3474269094638771 3.600005181409331 1.6602606970320304
6.302783627741314 0.045307211823031324 -0.16110597788721037 0.02 4.711398132104786 0.34502210033426906 3.60000421174563 1.65935455331502
6.303628067324945 0.042221979181578106 -0.15426163207266086 0.02 4.7115356280050875 0.34221729072747564 3.6000034339312226 1.658510114090579
6.304413514355598 0.03927235153264874 -0.14748138244646825 0.02 4.711652676312787 0.3390124813096307 3.600002810325111 1.6577246673079518
6.3051426520946485 0.03645688695250726 -0.140773229007074 0.02 4.711751841882961 0.3354076719697119 3.6000023101699687 1.6569955297409842
6.305818131764994 0.03377398351727123 -0.1341451717618014 0.02 4.711835444732728 0.33140286226363 3.600001908482276 1.656320050190126
6.306442569351059 0.03122187930326703 -0.12760521070021014 0.02 4.711905571777958 0.32699805307956353 3.600001585088806 1.6556956126880151
6.307018542398792 0.028798652386630152 -0.1211613458318439 0.02 4.711964089846468 0.3221932434183117 3.6000013237964565 1.6551196396994348
6.307548586815665 0.026502220843660496 -0.11482157714848285 0.02 4.712012659588124 0.3169884341680529 3.6000011116823907 1.654589595325391
6.308035193670674 0.024330342750422673 -0.10859390466189112 0.02 4.712052749946722 0.31138362432958644 3.6000009384916667 1.6541029885011573
6.308480805994341 0.02228061618336774 -0.10248632835274663 0.02 4.712085652897736 0.30537881545722456 3.600000796130034 1.6536573762001578
6.308887815578712 0.020350479218533835 -0.09650684824169531 0.02 4.7121124981978495 0.2989740055525658 3.6000006782402316 1.6532503666331164
6.309258559777355 0.018537209932167897 -0.09066346431829686 0.02 4.712134267928533 0.29216919616992243 3.6000005798508767 1.652879622447534
6.309595318305366 0.016837926400548042 -0.08496417658099276 0.02 4.712151810651879 0.2849643868652052 3.60000049708791 1.6525428639296504
6.309900310039363 0.015249586699850326 -0.07941698503488581 0.02 4.712165855030474 0.2773595773053472 3.6000004269394688 1.6522378722037165
6.3101756898174886 0.013768988906281976 -0.0740298896784175 0.02 4.712177022792979 0.2693547678234154 3.600000367065978 1.651962492432171
6.31042354523941 0.01239277109608139 -0.06881089051002931 0.02 4.712185840955464 0.2609499584194097 3.600000315648142 1.6517146370155629
6.3106458934663205 0.011117411345518136 -0.0637679875281627 0.02 4.712192753233415 0.2521451490933302 3.600000271266447 1.6514922887930776
6.310844678020934 0.009939227730670908 -0.0589091807423614 0.02 4.7121981306022676 0.2429403392900653 3.6000002328065595 1.6512935042422865
6.311021765587492 0.008854378327916024 -0.05424247013774419 0.02 4.71220228098419 0.2333355302308604 3.6000001993858404 1.6511164166788384
6.31117894281176 0.007858861213394519 -0.049775855726075235 0.02 4.712205458056268 0.22333072058344783 3.600000170296879 1.6509592394572643
6.311317913101026 0.006948514463278599 -0.04551733750579601 0.02 4.712207869190625 0.2129259110139614 3.600000144964596 1.6508202691703455
6.311440293424104 0.006119016153904866 -0.041474915468686646 0.02 4.712209682549643 0.20212110185546805 3.6000001229140732 1.650697888849249
6.3115476111114255 0.0053658843660819855 -0.037656589391144024 0.02 4.712211033370112 0.1909163038771311 3.600000103746729 1.6505905711636664
6.311641300839147 0.004684486386086206 -0.03406989899978896 0.02 4.712212029480563 0.17933451956775315 3.6000000871229196 1.6504968814374117
6.311722703806572 0.004070148371226878 -0.030716900742966402 0.02 4.712212756115095 0.16764991284112796 3.6000000727490424 1.6504154784712843
6.311793070188528 0.0035183190977949863 -0.027591463671594596 0.02 4.712213280064588 0.1562718535685903 3.600000060367779 1.6503451120904225
6.311853562325182 0.00302460683272443 -0.024685613253527805 0.02 4.712213653190302 0.14529252090333955 3.6000000497509372 1.6502846199546966
6.311905257922037 0.0025847798427403035 -0.021991349499206336 0.02 4.712213915368292 0.13471318771607343 3.600000040694295 1.6502329243586418
6.311949153249934 0.0021947663948473917 -0.01950067239464559 0.02 4.712214096938133 0.12453385522803728 3.6000000330138824 1.6501890290314245
6.311986166345049 0.0018506547557528563 -0.017205581954726767 0.02 4.71221422072321 0.11475452199594116 3.6000000265432783 1.6501520159368703
6.3120171402089 0.0015486931925323688 -0.015098078161024375 0.02 4.712214303683334 0.10537518968511961 3.60000002113163 1.6501210420734962
6.312042846008335 0.0012852899717863409 -0.013170161037301398 0.02 4.712214358254384 0.09639585618614888 3.600000016642154 1.6500953362744553
6.312063986275548 0.0010570133606169207 -0.011413830558471005 0.02 4.712214393423503 0.08781652394151962 3.600000012950983 1.650074196007567
6.3120811981080625 8.60591625739815E-4 -0.00982108674385529 0.02 4.71221441558302 0.07963719073078579 3.600000009946221 1.6500569841753177
6.312095056368743 6.929130340171952E-4 -0.00838392958613099 0.02 4.712214429200775 0.07185785788621502 3.600000007527155 1.6500431259148491
6.312106076885791 5.510258524132894E-4 -0.007094359080195289 0.02 4.712214437339617 0.064478525296785 3.6000000056035577 1.6500321053979714
6.312114719652746 4.3213834772792836E-4 -0.005944375234268051 0.02 4.712214442054533 0.05749919229636191 3.600000004095045 1.6500234626311483
6.312121392028481 3.3361878677418133E-4 -0.004925978047687352 0.02 4.712214444691472 0.05091985932903498 3.6000000029304684 1.6500167902555147
6.312126451937211 2.5299543651158274E-4 -0.00403116751312993 0.02 4.7122144461083915 0.0447405267278711 3.6000000020473375 1.6500117303468627
6.312130211068485 1.879565636908609E-4 -0.0032519436410360925 0.02 4.712214446835579 0.03896119360469186 3.600000001391242 1.6500079712156464
6.312132938077191 1.3635043529802715E-4 -0.002580306419641687 0.02 4.712214447189446 0.033581861069720276 3.600000000915287 1.650005244206982
6.312134861783552 9.618531806587782E-5 -0.0020082558616074664 0.02 4.712214447351226 0.028602527901711028 3.600000000579537 1.6500033205006501
6.312136174373133 6.562947900690119E-5 -0.0015277919529488315 0.02 4.712214447419903 0.024023195432931743 3.600000000350447 1.6500020079110902
6.312137034596828 4.301118479155264E-5 -0.0011309147107674278 0.02 4.712214447446559 0.019843862109070187 3.60000000020031 1.650001147687408
6.3121375709708785 2.6818702503206282E-5 -8.096241144173177E-4 0.02 4.712214447455822 0.016064529817505502 3.6000000001066947 1.6500006113133658
6.312137884976854 1.5700298794385503E-5 -5.559201854410389E-4 0.02 4.712214447458625 0.01268519644881394 3.60000000005189 1.6500002973073946
6.312138054261667 8.464240641714582E-6 -3.6180290763354606E-4 0.02 4.712214447459329 0.009705863890374644 3.600000000022344 1.650000128022584
6.312138135837565 4.078794901829497E-6 -2.1927228699425427E-4 0.02 4.712214447459472 0.007126531031964589 3.600000000008107 1.6500000464466877
6.312138169282134 1.6722284446046842E-6 -1.2032832286124062E-4 0.02 4.712214447459493 0.0049471982066506826 3.6000000000022694 1.6500000130021193
6.312138179938295 5.328080643351996E-7 -5.697101901347423E-5 0.02 4.712214447459493 0.0031678651923883194 3.600000000000409 1.6500000023459578
6.3121381821143085 1.0880065737239875E-7 -2.120037034814004E-5 0.02 4.712214447459493 0.0017885324332667096 3.6000000000000303 1.6500000001699453
6.312138182283771 8.473133306097225E-9 -5.016376203315076E-6 0.02 4.712214447459493 8.091997072412482E-4 3.6 1.6500000000004824
6.3121381822842535 2.41140440948584E-11 -4.224509631001183E-7 0.02 4.712214447459491 2.296962620107479E-4 3.5999999999999996 1.65
6.3121381822842535 0.0 -1.20570220474292E-9 0.02 4.712214447459491 2.106226304476877E-5 3.5999999999999996 1.65
