2.666666666666667E-11 1.3333333333333335E-9 6.666666666666667E-8 0.02 0.0 3.3333333333333333E-6 2.6666666670790897E-11 0.0
8.533333333333335E-10 4.133333333333334E-8 2.0000000000000003E-6 0.02 0.0 9.666666666666668E-5 8.533333334551442E-10 0.0
6.479999999999999E-9 2.8133333333333326E-7 1.1999999999999995E-5 0.02 6.283185307179586 4.999999999999998E-4 6.480000000903932E-9 -4.1359030627651384E-25
2.730666666666667E-8 1.0413333333333335E-6 3.800000000000001E-5 0.02 6.283185307179585 0.0013000000000000008 2.7306666670473132E-8 -4.963083675318166E-24
8.333333333333335E-8 2.801333333333334E-6 8.800000000000002E-5 0.02 6.283185307179581 0.002500000000000001 8.333333334494748E-8 -1.3234889800848443E-22
2.0735999999999997E-7 6.20133333333333E-6 1.699999999999998E-4 0.02 6.283185307179556 0.004099999999999988 2.0736000002889327E-7 -2.0778776987332055E-21
4.4818666666666683E-7 1.2041333333333343E-5 2.9200000000000065E-4 0.02 6.283185307179446 0.006100000000000042 4.481866667290973E-7 -2.0937595664942237E-20
8.738133333333335E-7 2.1281333333333332E-5 4.6199999999999947E-4 0.02 6.283185307179054 0.008499999999999942 8.738133334549381E-7 -1.5495408978833357E-19
1.5746399999999998E-6 3.504133333333331E-5 6.879999999999989E-4 0.02 6.283185307177859 0.011299999999999973 1.5746400002185082E-6 -9.066428909173217E-19
2.6666666666666673E-6 5.4601333333333376E-5 9.780000000000032E-4 0.02 6.283185307174632 0.01450000000000021 2.6666666670338387E-6 -4.403936051011921E-18
4.294693333333333E-6 8.140133333333328E-5 0.0013399999999999953 0.02 6.283185307166736 0.018099999999999606 4.2946933339133616E-6 -1.8395861548468895E-17
6.635519999999999E-6 1.1704133333333331E-4 0.0017820000000000015 0.02 6.28318530714891 0.02210000000000031 6.635520000856746E-6 -6.784988017391122E-17
9.901146666666668E-6 1.6328133333333344E-4 0.0023120000000000063 0.02 6.283185307111286 0.026500000000000242 9.901146667820882E-6 -2.2541494902215617E-16
1.4341973333333339E-5 2.2204133333333353E-4 0.002938000000000005 0.02 6.28318530703628 0.031299999999999925 1.4341973334646653E-5 -6.850980354311705E-16
2.0249999999999994E-5 2.9540133333333276E-4 0.0036679999999999612 0.02 6.283185306893896 0.03649999999999782 2.025000000103256E-5 -1.9284161940913425E-15
2.7962026666666672E-5 3.8560133333333387E-4 0.004510000000000056 0.02 6.283185306634855 0.04210000000000472 2.796202666992333E-5 -5.0772764221022545E-15
3.786285333333334E-5 4.950413333333335E-4 0.00547199999999998 0.02 6.283185306180804 0.048099999999996236 3.786285333595954E-5 -1.2605612083674278E-14
5.038847999999999E-5 6.262813333333325E-4 0.006561999999999952 0.02 6.2831853054106785 0.054499999999998605 5.038848000582753E-5 -2.971096472689262E-14
6.602930666666667E-5 7.82041333333334E-4 0.007788000000000071 0.02 6.2831853041420995 0.061300000000005926 6.602930667376368E-5 -6.68546842235232E-14
8.533333333333335E-5 9.652013333333341E-4 0.009158000000000006 0.02 6.283185302106455 0.06849999999999677 8.533333334211656E-5 -1.443032162946195E-13
1.0890935999999998E-4 0.0011788013333333314 0.010679999999999863 0.02 6.2831852989160435 0.07609999999999284 1.0890936001260547E-4 -2.999945940534293E-13
1.3743018666666665E-4 0.0014260413333333334 0.012362000000000104 0.02 6.283185294021376 0.08410000000001203 1.374301866771835E-4 -6.027840173620375E-13
1.7163581333333336E-4 0.0017102813333333355 0.0142120000000001 0.02 6.283185286656419 0.09249999999999979 1.71635813352868E-4 -1.1741837157523E-12
2.1233663999999997E-4 0.0020350413333333306 0.016237999999999756 0.02 6.283185275769171 0.10129999999998282 2.1233664002374362E-4 -2.22322578099024E-12
2.6041666666666666E-4 0.0024040013333333347 0.018448000000000204 0.02 6.2831852599346 0.11050000000002239 2.604166666802776E-4 -4.101199143746043E-12
3.168366933333334E-4 0.0028210013333333354 0.020850000000000035 0.02 6.283185237246526 0.12009999999999156 3.168366933596335E-4 -7.385943853049914E-12
3.8263752000000016E-4 0.0032900413333333393 0.023452000000000195 0.02 6.283185205184556 0.130100000000008 3.8263752003013215E-4 -1.300937645370287E-11
4.5894314666666684E-4 0.003815281333333334 0.026261999999999727 0.02 6.2831851604516595 0.1404999999999766 4.589431466942955E-4 -2.244728429284977E-11
5.469639733333331E-4 0.004401041333333315 0.029287999999999037 0.02 6.283185098777443 0.15129999999996552 5.469639733934451E-4 -3.799755058124174E-11
6.479999999237241E-4 0.00505180132951955 0.03253799980931179 0.02 6.283185014681534 0.1624999904656376 6.479999999972269E-4 -6.318232699184523E-11
7.634438505853905E-4 0.005772192533083317 0.036019560178188324 0.02 6.2831849011910865 0.17407801844382675 7.634438506513182E-4 -1.0332176417606267E-10
8.947816399846582E-4 0.006566889469963389 0.03973484684400359 0.02 6.283184749508171 0.18576433329076344 8.947816400740721E-4 -1.6634135366865033E-10
0.0010435905448563944 0.007440445243586809 0.04367778868117102 0.02 6.283184548624295 0.1971470918583712 0.0010435905449477834 -2.6389214413929246E-10
0.0012115356150738674 0.008397253510873648 0.04784041336434192 0.02 6.283184284876057 0.20813123415854526 0.0012115356152122918 -4.1288582459681616E-10
0.0014003665736487458 0.00944154792874392 0.05221472089351362 0.02 6.283183941436257 0.21871537645858502 0.0014003665737205516 -6.375733915429602E-10
0.0016119146167310962 0.010577402154117519 0.05679271126867993 0.02 6.283183497735282 0.22889951875831524 0.001611914616913413 -9.72327758347498E-10
0.0018480892136093917 0.011808729843914775 0.061566384489862826 0.02 6.283182928807733 0.23868366105914487 0.0018480892138181748 -1.465328096708629E-9
0.002110874906710499 0.013139284655055376 0.06652774055703001 0.02 6.28318220455938 0.24806780335835907 0.002110874906952195 -2.1833873782312746E-9
0.0024023281115996904 0.014572660244459561 0.07166877947020929 0.02 6.283181288949753 0.2570519456589641 0.002402328111776304 -3.2182150323540465E-9
0.0027245739169806348 0.016112290269047216 0.07698150122938274 0.02 6.2831801390859106 0.2656360879586726 0.0027245739172338237 -4.694464413338914E-9
0.003079802884695404 0.017761448385738468 0.08245790583456258 0.02 6.2831787042232605 0.27382023025899205 0.0030798028848329027 -6.779980280544398E-9
0.003470267849724467 0.01952324825145314 0.08808999328573357 0.02 6.283176924669577 0.28160437255854914 0.0034702678501022646 -9.698735246779083E-9
0.0038982807201867 0.02140064352311164 0.09386976358292508 0.02 6.2831747305888195 0.28898851485957555 0.0038982807204083385 -1.3747026359704068E-8
0.004366209277339373 0.02339642785763366 0.0997892167261009 0.02 6.283172040701704 0.2959726571587912 0.0043662092777255485 -1.931359413414116E-8
0.004876473975578159 0.025513234911939305 0.10584035271528225 0.02 6.28316876088047 0.3025567994590673 0.004876473975866241 -2.690442629489989E-8
0.005431544742437132 0.027753538342948626 0.11201517155046604 0.02 6.283164782635755 0.30874094175918976 0.005431544742827997 -3.717311778447113E-8
0.006033937778588764 0.030119651807581627 0.11830567323165009 0.02 6.283159981494011 0.31452508405920215 0.006033937778833598 -5.095777658951223E-8
0.006686212357843926 0.03261372896275808 0.12470385775882278 0.02 6.2831542152644015 0.3199092263586348 0.006686212357907381 -6.932559220912057E-8
0.0073909676271519 0.0352377634653987 0.13120172513203068 0.02 6.2831473221947425 0.324893368660395 0.007390967626934615 -9.362631907868652E-8
0.008150839406600358 0.03799358897242288 0.13779127535120914 0.02 6.283139119016547 0.32947751095892264 0.008150839405798286 -1.2555607128029306E-7
0.008968496989415374 0.040882879140750804 0.1444645084163962 0.02 6.283129398879867 0.33366165325935254 0.008968496987636465 -1.6723297634971962E-7
0.009846639941961425 0.043907147627302544 0.151213424327587 0.02 6.283117929179225 0.3374457955595406 0.009846639938559136 -2.2128639440722325E-7
0.010787994903741386 0.047067748088998065 0.15803002308477607 0.02 6.283104449272476 0.3408299378594534 0.010787994897907088 -2.9096157346236023E-7
0.011795312387396535 0.050365874182757474 0.1649063046879704 0.02 6.283088668095104 0.343814080159717 0.011795312377467847 -3.8024178126375846E-7
0.012871363578706546 0.05380255956550055 0.17183426913715374 0.02 6.283070261672918 0.3463982224591669 0.012871363563108558 -4.939901280323622E-7
0.014018937136589502 0.057378677894147787 0.17880591643236188 0.02 6.283048870536893 0.34858236476040666 0.014018937111191699 -6.381134697698923E-7
0.015240835993101878 0.06109494282561878 0.18581324657354972 0.02 6.283024097044032 0.35036650705939226 0.01524083595446841 -8.19750961640088E-7
0.01653987415343854 0.06495190801683307 0.19284825956071422 0.02 6.282995502609302 0.3517506493582248 0.016539874094738165 -1.0474900041298335E-6
0.01791887349593279 0.06894996712471252 0.19990295539397268 0.02 6.282962604853313 0.3527347916629231 0.017918873407812737 -1.331612505860516E-6
0.019380660572056303 0.07308935380617564 0.20696933407315585 0.02 6.282924874671597 0.3533189339591583 0.01938066044185599 -1.684374553371018E-6
0.020928063406419145 0.07737014171814212 0.21403939559832413 0.02 6.282881733231327 0.3535030762584143 0.02092806321565014 -2.1203227474012737E-6
0.022563908296769804 0.08179224451753293 0.22110513996954073 0.02 6.282832548901656 0.3532872185608299 0.022563908017919024 -2.6566506240478793E-6
0.024291016613995162 0.08635541586126792 0.22815856718674948 0.02 6.28277663412405 0.3526713608604376 0.024291016210042187 -3.3135987299974523E-6
0.026112201602120494 0.09105924940626657 0.2351916772499324 0.02 6.282713242229604 0.3516555031591456 0.02611220102138301 -4.114902054819236E-6
0.02803026517830949 0.09590317880944985 0.24219647015916376 0.02 6.282641564209654 0.3502396454615683 0.028030264350554723 -5.088288656768941E-6
0.03004799473286423 0.10088647772773691 0.24916494591435343 0.02 6.28256072544682 0.34842378775948313 0.03004799356124274 -6.2660334204118345E-6
0.032168159929225185 0.10600825981804778 0.25608910451554306 0.02 6.282469782412812 0.34620793005948197 0.0321681582815133 -7.685570985998397E-6
0.03439350950397125 0.11126747873730324 0.262960945962773 0.02 6.2823677193396 0.34359207236149547 0.034393507202252635 -9.390171960433485E-6
0.0367267680668197 0.11666292814242266 0.269772470255971 0.02 6.282253444870282 0.34057621465990173 0.03672676487221768 -1.142968657326035E-5
0.03917063290062623 0.12219324169032639 0.27651567739518657 0.02 6.282125788695144 0.33716035696077784 0.03917062849574447 -1.3861359980344573E-5
0.04172777076138489 0.127856893037933 0.2831825673803301 0.02 6.281983498178784 0.3333444992571766 0.04172776472221155 -1.6750723412881086E-5
0.04440081467822821 0.13365219584216617 0.2897651402116591 0.02 6.281825234982076 0.3291286415664507 0.044400806444751854 -2.0172565380706386E-5
0.04719236075342707 0.13957730375994298 0.2962553958888406 0.02 6.281649571683525 0.3245127838590739 0.0471923495951923 -2.421198707264899E-5
0.05010496496239074 0.14563021044818325 0.30264533441201336 0.02 6.28145498840414 0.31949692615863834 0.05010494992168695 -2.8965546013896143E-5
0.0531411399536669 0.15180874956380805 0.3089269557812399 0.02 6.281239869435833 0.31408106846132766 0.053141119784845495 -3.454249201842105E-5
0.05630335184894165 0.1581105947637374 0.31509225999646756 0.02 6.28100249987615 0.3082652107613826 0.05630332494393034 -4.106609927196844E-5
0.05959401704303947 0.16453325970489097 0.3211332470576783 0.02 6.2807410622697 0.3020493530605378 0.05959398133089245 -4.86750982501942E-5
0.06301549900392325 0.1710740980441893 0.32704191696491663 0.02 6.280453633253317 0.2954334953619159 0.06301545183616641 -5.752521106256597E-5
0.06657010507269427 0.17773030343855092 0.33281026971808125 0.02 6.280138180205657 0.2884176376582309 0.06657004306484307 -6.779079346502098E-5
0.07026008326359222 0.18449890954489734 0.3384303053173207 0.02 6.2797925578921525 0.28100177996197295 0.07026000212558052 -7.966658680518685E-5
0.0740876190639952 0.19137679002014935 0.34389402376260036 0.02 6.279414505106416 0.27318592226398264 0.07408751337470003 -9.336958254896333E-5
0.07805483223441967 0.19836065852122317 0.3491934250536913 0.02 6.279001641296633 0.2649700645545455 0.07805469517023736 -1.0914100209107047E-4
0.08216377360852056 0.2054470687050447 0.35432050919107644 0.02 6.278551463170255 0.25635420686925814 0.08216359661377488 -1.2724839405330035E-4
0.0864164218930911 0.21263241422852658 0.35926727617409393 0.02 6.278061341266626 0.2473383491508746 0.08641619428257491 -1.4798785100663542E-4
0.09081468046806306 0.21991292874859805 0.3640257260035737 0.02 6.27752851648454 0.23792249147398803 0.09081438896096661 -1.7168634725143322E-4
0.09536037418650647 0.22728468592217096 0.36858785867864563 0.02 6.276950096557363 0.22810663375359697 0.09536000232007796 -1.9870419859381594E-4
0.10005524617462988 0.2347435994061703 0.3729456741999662 0.02 6.276323052449277 0.21789077606602925 0.1000547736400503 -2.2943764542866785E-4
0.10490095463178012 0.24228542285751192 0.3770911725670817 0.02 6.275644214672539 0.20727491835577372 0.10490035643987672 -2.6432155877099267E-4
0.10989906963044252 0.24990574993312004 0.38101635378040566 0.02 6.274910269489883 0.19625906066619847 0.10989831515341217 -3.038322700183796E-4
0.11505106993477573 0.25760001521666076 0.3847132641770362 0.02 6.274117754992216 0.18484551983152797 0.11505012176668947 -3.484905235333971E-4
0.12035834074248647 0.2653635403855367 0.3881762584437981 0.02 6.273263056877343 0.17314971333809437 0.12035715334782382 -3.9886456030181067E-4
0.12582217483250882 0.27319170450111757 0.39140820577904245 0.02 6.272342403430762 0.16159736676221725 0.12582069294850012 -4.555733640834586E-4
0.13144377563751344 0.28108004025023114 0.39441678745567865 0.02 6.27135185975567 0.15042908383181008 0.13144193241821128 -5.19290075849041E-4
0.13722426044389427 0.2890242403190413 0.39721000344050683 0.02 6.270287321438865 0.13966079924140895 0.13722197529252417 -5.907455717490268E-4
0.14316466359176835 0.29702015739370424 0.3997958537331481 0.02 6.269144507615649 0.12929251463206226 0.14316183958925927 -6.707322113489178E-4
0.1492659396749759 0.30506380416037704 0.4021823383336398 0.02 6.267918953343999 0.1193242300245867 0.14926246063501292 -7.601077670191386E-4
0.1555289667410806 0.31315135330523547 0.4043774572429215 0.02 6.266606001241538 0.10975594546408507 0.15552469378157194 -8.59799543452805E-4
0.16195454949136898 0.3212791375144186 0.4063892104591571 0.02 6.26520079231019 0.1005876608117795 0.16194931702117407 -9.708086990060649E-4
0.168543422480851 0.329443649474101 0.4082255979841187 0.02 6.263698255838561 0.09181937624808123 0.16853703363481007 -0.0010942147845380834
0.17529625331825974 0.33764154187043705 0.409894619816803 0.02 6.262093098360523 0.08345109163421238 0.17528847457642227 -0.001231180509672039
0.1822136458660514 0.3458696273895834 0.41140427595731666 0.02 6.260379791485409 0.0754828070256841 0.18220420100714338 -0.0013829567607571425
0.18929614344040555 0.35412487871770704 0.4127625664061829 0.02 6.2585525586287 0.06791452244331309 0.1892847064300024 -0.0015508878786496955
0.19654423201122487 0.3624044285409661 0.41397749116295346 0.02 6.256605360409125 0.06074623783852706 0.19653041897173623 -0.0017364172280733559
0.20395834340213517 0.37070556954551526 0.41505705022745754 0.02 6.254531878718514 0.05397795322520382 0.20394170332411776 -0.0019410930712479985
0.21153885849048562 0.3790257544175224 0.41600924360035707 0.02 6.252325499262301 0.04760966864497673 0.21151886267054903 -0.002166574778631275
0.21928611040734844 0.3873625958431409 0.4168420712809262 0.02 6.249979292518254 0.04164138402845685 0.21926214031194335 -0.0024146393976184205
0.22720038773751908 0.3957138665085319 0.4175635332695493 0.02 6.24748599291292 0.03607309943115533 0.22717172121536588 -0.002687188616297659
0.2352819377195163 0.40407749909986135 0.418181629566472 0.02 6.244837976128232 0.030904814846133277 0.2352477332702715 -0.0029862561502509433
0.24353096944558192 0.4124515863032807 0.41870436017096835 0.02 6.242027234381958 0.026136530224818433 0.24349024825889548 -0.0033140155890079986
0.251947657061681 0.42083438080495333 0.41913972508363095 0.02 6.239045349464923 0.02176824563313029 0.2518992826766218 -0.0036727887484582084
0.2605321429675019 0.42922429529104467 0.4194957243045666 0.02 6.235883463465753 0.01779996104678272 0.2604747980644234 -0.0040650545608603705
0.26928454101645594 0.4376199024477029 0.4197803578329107 0.02 6.232532246873754 0.014231676417203465 0.269216701186779 -0.004493458564609615
0.27820493971567795 0.4460199349611005 0.4200016256698802 0.02 6.228981864048717 0.011063391848475934 0.2781248435176418 -0.00496082302255918
0.2872934054260257 0.45442328551738853 0.42016752781440236 0.02 6.225221935625694 0.008295107226108378 0.28719902060742464 -0.0054701577528120104
0.29654998556208034 0.4628290068027313 0.4202860642671391 0.02 6.221241497882235 0.00592682263683697 0.29643897065334923 -0.006024671701122836
0.3059747117921459 0.4712363115032786 0.42036523502736456 0.02 6.217028958672358 0.003958538011272772 0.30584437267680786 -0.006627785341562553
0.3155676032382502 0.4796445723052156 0.4204130400968509 0.02 6.212572049860192 0.002390253474315873 0.3154148438703495 -0.007283143952422633
0.32532866967614377 0.488053321894677 0.4204374794730681 0.02 6.207857775873925 0.001221968810860563 0.3251499364037279 -0.007994631861615836
0.33525791473530037 0.49646225295783 0.42044655315764956 0.02 6.2028723583720495 4.536842290736587E-4 0.33504913314730217 -0.008766387707475565
0.3453553390208111 0.5048712142755374 0.4204480658853704 0.02 6.197601176664997 7.563638604324296E-5 0.34511184256494487 -0.00960282081622818
0.3556209416310428 0.5132801305115842 0.4204458118023391 0.02 6.192028704737411 -1.1270415156694469E-4 0.3553373907912062 -0.010508628611341803
0.3660547181753521 0.5216888272154663 0.4204348351941056 0.02 6.186138445994302 -5.488304116729736E-4 0.36572500904961336 -0.01148881489984982
0.3766566576093722 0.5300969717010051 0.4204072242769419 0.02 6.179912864908659 -0.0013805458581872543 0.3762738184926274 -0.012548709187487295
0.3874267390350135 0.5385040712820643 0.4203549790529615 0.02 6.173333315141945 -0.0026122611990198052 0.38698281349322594 -0.01369398714173159
0.39836492850046273 0.5469094732724611 0.4202700995198372 0.02 6.166379964481721 -0.0042439766562152315 0.3978508430842672 -0.014930692213063673
0.4094711758001836 0.5553123649860436 0.4201445856791275 0.02 6.159031716913448 -0.006275692035484504 0.4088765905447197 -0.016265258443895092
0.42074541127491677 0.5637117737366582 0.4199704375307256 0.02 6.151266132651472 -0.008707407420094349 0.4200585506382426 -0.01770453442441461
0.43218754261167963 0.5721065668381431 0.41973965507424715 0.02 6.143059346980382 -0.011539122823922554 0.4313950044093133 -0.01925580837210006
0.4437974516437661 0.5804954516043237 0.4194442383090302 0.02 6.134385989319766 -0.014770838260846908 0.4428839911060036 -0.020926834240424408
0.45557499115074734 0.5888769753490619 0.41907618723691087 0.02 6.125219104224902 -0.01840255360596732 0.4545232770100842 -0.022725858744999217
0.4675199816584709 0.5972495253861787 0.4186275018558394 0.02 6.115530076819044 -0.02243426905357282 0.4663103206485787 -0.024661649096511112
0.47963220823906155 0.6056113290295317 0.4180901821676519 0.02 6.105288565672221 -0.026865984409374377 0.47824223411466177 -0.02674352119137338
0.4919114173109204 0.6139604535929433 0.41745622817057626 0.02 6.094462447167269 -0.031697699853783234 0.4903157400171789 -0.028981367888983978
0.5043573134387258 0.6222948063902695 0.4167176398663097 0.02 6.083017776419434 -0.036929415213327044 0.5025271236435356 -0.031385686896322984
0.5169695561334327 0.6306121347353422 0.41586641725363527 0.02 6.070918771281913 -0.04256113063372258 0.514872179753852 -0.033967607600310534
0.5297477566522726 0.6389100259419966 0.41489456033272365 0.02 6.0581278270560475 -0.048592846045580895 0.5273461539367443 -0.03673891610868246
0.5426914747987542 0.6471859073240827 0.4137940691043007 0.02 6.044605572355095 -0.05502456142114642 0.5399436774592792 -0.0397120773307989
0.5558002157226629 0.655437046195434 0.4125569435675658 0.02 6.030310977250668 -0.06185627683674699 0.55265869607493 -0.04290025297446265
0.5690734267200609 0.6636605498698989 0.4111751837232447 0.02 6.015201528591314 -0.06908799221605477 0.565484391938077 -0.04631731373179582
0.5825104940332869 0.6718533656613013 0.4096407895701204 0.02 5.999233489077381 -0.07671970765621428 0.578413098830115 -0.04997784375942832
0.5961107396509565 0.6800122808834796 0.4079457611089188 0.02 5.982362259495577 -0.08475142306008099 0.5914362109263834 -0.053897135125157314
0.6098734181079629 0.6881339228503203 0.406082098342031 0.02 5.964542865918873 -0.09318313834438818 0.6045440857373418 -0.05809116948651194
0.6237977132854752 0.6962147588756129 0.40404180126463185 0.02 5.945730596023078 -0.10201485386995834 0.6177259420911743 -0.06257658374874592
0.6378827352109394 0.7042510962732118 0.40181686987994514 0.02 5.925881809214569 -0.11124656923433562 0.6309697550813382 -0.06737061614787537
0.6521275168580785 0.7122390823569524 0.3993993041870314 0.02 5.904954945100771 -0.12087828464568684 0.644262150428788 -0.0724910287615676
0.6665310109468922 0.7201747044406848 0.3967811041866165 0.02 5.882911752017888 -0.13091000002074527 0.6575883016679087 -0.07795600218156223
0.6810920867436572 0.7280537898382511 0.39395426987831605 0.02 5.859718750308981 -0.14134171541502205 0.6709318351647371 -0.0837839982150943
0.6958095268609269 0.735872005863486 0.3909108012617457 0.02 5.835348935364371 -0.1521734308285172 0.6842747485430265 -0.08999358647044342
0.7106820240578079 0.7436248598440498 0.38764269902819004 0.02 5.809783707828923 -0.1634051116777835 0.697597350212414 -0.09660323167205753
0.7257081782769391 0.7513077109565613 0.3841425556255773 0.02 5.783014995465184 -0.1750071701306366 0.7108782289547666 -0.10363103985653016
0.7408864960706382 0.7589158896849524 0.38040893641955176 0.02 5.755047498713762 -0.18668096030127757 0.7240942649584707 -0.11109446440632809
0.7562153931780377 0.7664448553699743 0.37644828425109633 0.02 5.725900957177221 -0.19803260842277126 0.7372206936985164 -0.11900997572274002
0.7716931977188556 0.7738902270408965 0.37226858354610926 0.02 5.695612304767963 -0.20898503524935386 0.7502312300466831 -0.12739269970389672
0.7873181533933943 0.7812477837269349 0.3678778343019218 0.02 5.664237541442287 -0.21953746220937376 0.7630982613151929 -0.13625603528106278
0.8030884226825409 0.78851346445733 0.36328403651975094 0.02 5.631853122264035 -0.22968988910854193 0.7757931154437638 -0.14561126561603993
0.8190020900477678 0.7956833682613462 0.3584951902008138 0.02 5.598556653564392 -0.2394423159468584 0.7882864066622246 -0.15546718183238195
0.8350571651311317 0.802753754168195 0.35351929534244153 0.02 5.5644667009086035 -0.24879474291861214 0.8005484551368395 -0.16582974123483185
0.8512515859552742 0.8097210412071232 0.34836435194640636 0.02 5.52972155842066 -0.2577471698017586 0.81254977056188 -0.17670178368607647
0.867583222123422 0.8165818084073906 0.3430383600133702 0.02 5.494476906876063 -0.2662995966518089 0.8242615823395165 -0.18808282896179696
0.8840498780193863 0.823332794798215 0.33754931954121936 0.02 5.458902391637928 -0.27445202360754095 0.8356563925369236 -0.19996897456367513
0.900649296007563 0.8299708994088384 0.33190523053117094 0.02 5.423177269600079 -0.28220445050242127 0.846708522739428 -0.21235290714944066
0.9173791596329334 0.8364931812685161 0.3261140929838868 0.02 5.387485386491644 -0.28955687736420543 0.8573946237751882 -0.22522403240315447
0.9342370968210628 0.8428968594064723 0.3201839068978085 0.02 5.352009832324188 -0.29650930430391575 0.8676941183915907 -0.2385687185603126
0.9512206830781017 0.8491793128519443 0.3141226722735979 0.02 5.316927665668853 -0.3030617312105299 0.877589551545576 -0.2523706393786741
0.9683274446907854 0.8553380806341826 0.30793838911191695 0.02 5.282405087854897 -0.30921415808404795 0.8870668304655769 -0.2666111944897725
0.9855548619264339 0.8613708617824289 0.30163905741231734 0.02 5.248593387847874 -0.314966584979981 0.8961153460375284 -0.281269980032302
1.002900372232952 0.8672755153258993 0.2952326771735181 0.02 5.215625881125947 -0.3203190119399624 0.9047279766644345 -0.2963252804119681
1.02036137343883 0.8730500602939006 0.2887272484000669 0.02 5.1836159489932125 -0.3252714386725586 0.9129009846279731 -0.3117545535433854
1.0379352269531417 0.8786926757155866 0.28213077108429907 0.02 5.152656170534209 -0.3298238657883923 0.9206338216697434 -0.32753488587536084
1.0556192609655466 0.8842017006202463 0.2754512452329827 0.02 5.1228184439977715 -0.3339762925658185 0.9279288646773305 -0.3436433992894835
1.073410773646289 0.8895756340371208 0.2686966708437266 0.02 5.094154928845767 -0.33772871946280425 0.9347911037493248 -0.3600575981955847
1.0913070363461972 0.8948131349954092 0.2618750479144172 0.02 5.066699605512503 -0.3410811464654717 0.9412278042168479 -0.37675565159524277
1.1093052967966852 0.8999130225244012 0.2549943764496021 0.02 5.040470245802459 -0.344033573240754 0.9472481615305275 -0.3937166098576622
1.1274027823097517 0.9048742756533223 0.24806265644605752 0.02 5.01547060345097 -0.3465860001772292 0.9528629645436505 -0.4109205603225294
1.1455967029779794 0.909696033411389 0.24108788790333513 0.02 4.991692665879452 -0.34873842713611936 0.9580842786635156 -0.4283487280978952
1.1638842548745367 0.9143775948278643 0.2340780708237622 0.02 4.969118844066465 -0.35049085397864665 0.962925156766641 -0.44598353040029287
1.1822626232531765 0.918918418931991 0.2270412052063353 0.02 4.9477240149199995 -0.35184328087134453 0.9673993822758807 -0.46380859272462954
1.2007289857482364 0.923318124752992 0.21998529105005105 0.02 4.927477362649775 -0.352795707814213 0.9715212462391712 -0.48180873530032575
1.2192805155746382 0.9275764913200923 0.21291832835501623 0.02 4.908343992857134 -0.35334813475174087 0.9753053581172494 -0.49996993728741596
1.2379143847278902 0.9316934576625968 0.20584831712522345 0.02 4.890286313352611 -0.35350056148963915 0.9787664885754243 -0.5182792851950166
1.2566277671840844 0.9356691228097125 0.1987832573557835 0.02 4.8732651898059345 -0.35325298847199704 0.9819194417082847 -0.5367249111081633
1.2754178420998967 0.9395037457906152 0.19173114904513788 0.02 4.857240893827029 -0.3526054155322811 0.9847789535695189 -0.5552959248822626
1.2942817970125897 0.9431977456346496 0.18469999220172006 0.02 4.842173865681298 -0.3515578421708909 0.9873596137959947 -0.5739823439222866
1.3132168310400092 0.9467517013709736 0.17769778681619997 0.02 4.828025316329075 -0.35011026927600497 0.9896758070834623 -0.5927750228427642
1.332220158080587 0.9501663520288917 0.17073253289590085 0.02 4.814757692944009 -0.34826269601495596 0.9917416715568269 -0.6116655851823922
1.3512890100133383 0.9534425966375659 0.16381223043371307 0.02 4.802335031370864 -0.34601512310938887 0.9935710712458861 -0.6306463579592825
1.370420639897865 0.9565814942263273 0.15694487943807012 0.02 4.79072321620154 -0.34336754978214756 0.9951775803136965 -0.6497103102714068
1.3896123251743522 0.9595842638243646 0.15013847990186235 0.02 4.779890167146548 -0.34031997681038817 0.9965744769382661 -0.6688509963051221
1.4088613708635702 0.9624522844609018 0.14340103182686192 0.02 4.769805967951927 -0.3368724037500215 0.9977747450663748 -0.6880625026700453
1.4281651127668742 0.9651870951651986 0.13674053521484097 0.02 4.760442951364243 -0.3330248306010475 0.9987910826066215 -0.7073394004205633
1.4475209206662047 0.9677903949665279 0.13016499006646143 0.02 4.751775751826743 -0.32877725741897734 0.9996359148484422 -0.7266767014922265
1.466926201524086 0.9702640428940645 0.12368239637683409 0.02 4.743781335669016 -0.3241296844813668 1.0003214121439952 -0.7460698191656959
1.4863784026836282 0.972610057977108 0.117300754152172 0.02 4.736439016737396 -0.31908211123310437 1.0008595111207619 -0.7655145325774446
1.5058750150685258 0.9748306192448819 0.1110280633886962 0.02 4.729730464351029 -0.3136345381737904 1.0012619388475548 -0.7850069547135066
1.5254135763830579 0.9769280657266011 0.10487232408595837 0.02 4.723639709212222 -0.3077869651368914 1.0015402395556225 -0.8045435037173752
1.5449916743120877 0.9789048964514935 0.09884153624462044 0.02 4.718153152200932 -0.3015393920668963 1.0017058036452562 -0.8241208770176921
1.5646069497210655 0.9807637704488892 0.09294369986978523 0.02 4.713259580252189 -0.2948918187417604 1.0017698988388704 -0.8437360281344922
1.5842570998560237 0.9825075067479094 0.08718681495101244 0.02 4.708950193239838 -0.2878442459386399 1.0017437034450698 -0.8633861456007672
1.6039398815435815 0.9841390843778886 0.08157888149895598 0.02 4.705218645430787 -0.28039667260282286 1.0016383418049764 -0.8830686338660244
1.6236531143909418 0.9856616423680187 0.07612789950650622 0.02 4.70206110511283 -0.27254909962248774 1.0014649220842982 -0.9027810957103366
1.6433946839858928 0.9870784797475496 0.07084186897654554 0.02 4.699476336045895 -0.2643015264980342 1.0012345766693311 -0.9225213159227599
1.6631625450968064 0.9883930555456777 0.06572878990640518 0.02 4.697465804692557 -0.2556539535070179 1.0009585055194226 -0.9422872458490562
1.6829547248726422 0.9896089887917903 0.06079666230562886 0.02 4.696033817612783 -0.2466063800388163 1.0006480229272465 -0.9620769884902717
1.7027693260429404 0.9907300585149104 0.056053486156004695 0.02 4.695187694056277 -0.2371588074812081 1.0003146082464243 -0.9818887837311545
1.722604530117829 0.9917602037444295 0.05150726147595819 0.02 4.6949335539885215 -0.22731123400232534 0.9999699587260714 -1.0017209932708528
1.742458600588021 0.9927035235095971 0.0471659882583797 0.02 4.694602071397025 -0.21706366087892448 0.999621056652119 -1.0215719977260267
1.7623298861248118 0.9935642768395425 0.04303766649726981 0.02 4.693709571099619 -0.20641608805549438 0.9992596844952035 -1.0414399964336658
1.7822168237800848 0.9943468827636526 0.0391302962055029 0.02 4.692259400851111 -0.19536851458834548 0.9988747335977852 -1.0613232062553255
1.8021179421567308 0.9950559188322994 0.035451803432340334 0.02 4.690252310299029 -0.18392463865812836 0.9984551140277826 -1.081219896908878
1.8220318634745571 0.9956960658913161 0.03200735295083579 0.02 4.687686506025665 -0.1722225240752273 0.9979897084121205 -1.1011283735479216
1.841957302155551 0.9962719340496973 0.028793407919058822 0.02 4.684557682288366 -0.1606972515888483 0.9974673261704969 -1.1210469553089133
1.8618930617142557 0.9967879779352318 0.025802194276725032 0.02 4.680859029412103 -0.1495606821166895 0.9968766578046347 -1.1409739512444736
1.8818380315577645 0.9972484921754399 0.02302571201040493 0.02 4.676581221232144 -0.13882411331600508 0.9962062289288119 -1.1609076348072311
1.9017911837857269 0.9976576113981173 0.020455961133869494 0.02 4.671712382878352 -0.12848754382677186 0.9954443537823614 -1.1808462165912605
1.9217515699903438 0.9980193102308466 0.01808494163646479 0.02 4.6662380401990795 -0.11855097487023514 0.9945790880064438 -1.200787814767671
1.9417183180563722 0.9983374033014192 0.01590465352863113 0.02 4.660141052170301 -0.10901440539168306 0.9935981805049813 -1.2207304227660303
1.9616906289611205 0.9986155452374135 0.01390709679971458 0.02 4.653401527822813 -0.09987783644582748 0.9924890242592385 -1.2406718736958484
1.9816677735744523 0.9988572306665944 0.012084271459045226 0.02 4.64599672960597 -0.0911412670334677 0.9912386060356095 -1.2606098008183164
2.0016490894587835 0.9990657942165582 0.010428177498189584 0.02 4.6379009656390915 -0.08280469804278212 0.9898334550083823 -1.2805415933733975
2.021633977669085 0.9992444105150655 0.008930814925367514 0.02 4.629085473982569 -0.07486812864110348 0.9882595904096143 -1.3004643472091235
2.0416218995528785 0.9993960941896862 0.00758418373103531 0.02 4.619518303261837 -0.0673315597166102 0.9865024684773182 -1.3203748091991976
2.0616123735502443 0.9995236998682877 0.006380283930074171 0.02 4.609164195321793 -0.06019499004805695 0.9845469291350359 -1.3402693146240725
2.0816049719938112 0.9996299221783467 0.0053111155029483825 0.02 4.59798447739924 -0.05345842135628942 0.9823771430460669 -1.3601437167094925
2.1015993179087644 0.9997172957476597 0.004368678465649367 0.02 4.585936973974403 -0.04712185186495077 0.9799765600164791 -1.3799933069902073
2.121595081812842 0.9997881952038767 0.0035449728108538636 0.02 4.572975951159104 -0.041185282739775175 0.9773278600054334 -1.3998127258908108
2.1415919785163355 0.9998448351746791 0.002831998540120395 0.02 4.559052110843998 -0.035648713536673426 0.9744129085454717 -1.4195958620291753
2.1615897639220902 0.9998892702877349 0.0022217556527870386 0.02 4.5441126561026355 -0.030512144366667826 0.9712127188355338 -1.4393357396740247
2.181588231825506 0.9999233951707875 0.0017062441526327632 0.02 4.528101455505594 -0.02577557500771377 0.9677074235311355 -1.4590243932543205
2.201587210714533 0.9999489444513454 0.0012774640278934157 0.02 4.510959340380092 -0.021439006236967373 0.9638762600006316 -1.4786527286173974
2.22158656056968 0.9999674927573476 9.274153001115337E-4 0.02 4.492624576795825 -0.0175024363890941 0.9596975738025727 -1.4982103709202288
2.2415861696640045 0.9999804547162316 6.480979442002877E-4 0.02 4.47303356203771 -0.013965867795562303 0.9551488461958091 -1.51768549988847
2.261585951363122 0.9999890849558657 4.3151198170221505E-4 0.02 4.452121803061556 -0.01082929812490363 0.9502067526221053 -1.5370646743611869
2.2815858409251977 0.9999944781037939 2.696573964122706E-4 0.02 4.4298252412330665 -0.008092729264497223 0.9448472603437178 -1.5563326492159564
2.301585792300953 0.9999975687877694 1.5453419877076158E-4 0.02 4.4060819906389055 -0.005756159882075451 0.9390457744084202 -1.5754721901033284
2.321585774933663 0.9999991316354873 7.814238589531897E-5 0.02 4.380834554775083 -0.0038195906437721305 0.9327773418801166 -1.5944638938647737
2.341585770559152 0.9999997812744521 3.24819482422356E-5 0.02 4.354032574716342 -0.002283021882654168 0.9260169244974806 -1.6132860254498467
2.3615857700058056 0.999999972332688 9.55291179494111E-6 0.02 4.325636135947496 -0.0011464518223647246 0.9187397490611968 -1.6319143860015766
2.3815857699945577 0.9999999994376063 1.3552459154908547E-6 0.02 4.295619617140165 -4.098832939725128E-4 0.9109217426486643 -1.6503222305627527
2.401585769994558 1.000000000000023 2.812083899073059E-8 0.02 4.263975998000352 -6.63562538250062E-5 0.9025400556140367 -1.6684802575534141
2.4215857699945578 0.9999999999999787 -2.220446049250313E-12 0.02 4.23072145244269 -1.406152971838992E-6 0.8935736684974356 -1.686356695635278
2.4415857699945582 1.000000000000023 2.220446049250313E-12 0.02 4.195899943448062 2.220446049250313E-10 0.8840040697004161 -1.7039175144792948
2.461585769994558 0.9999999999999787 -2.220446049250313E-12 0.02 4.15958742228328 -2.220446049250313E-10 0.873815980389753 -1.7211267817251756
2.4815857699945583 1.000000000000023 2.220446049250313E-12 0.02 4.121895129967138 2.220446049250313E-10 0.8629980902723644 -1.7379471827726884
2.501585769994558 0.9999999999999787 -2.220446049250313E-12 0.02 4.082971437219989 -2.220446049250313E-10 0.8515437553920804 -1.7543407090612528
2.5215857699945583 1.000000000000023 2.220446049250313E-12 0.02 4.0430016756211575 2.220446049250313E-10 0.8394515996504501 -1.7702695040321728
2.5415857699945574 0.9999999999999565 -3.3306690738754696E-12 0.02 4.002205535388768 -2.7755575615628914E-10 0.8267259581779278 -1.7856968357231766
2.561585769994558 1.000000000000023 3.3306690738754696E-12 0.02 3.9608318428536187 3.3306690738754696E-10 0.8133771054297787 -1.8005881439741405
2.5815857699945575 0.9999999999999787 -2.220446049250313E-12 0.02 3.9191508621092694 -2.7755575615628914E-10 0.7994212254839568 -1.8149120922733113
2.6015857699945584 1.0000000000000453 3.3306690738754696E-12 0.02 3.877444633444108 2.7755575615628914E-10 0.7848801055943191 -1.8286415439066699
2.621585769994558 0.9999999999999787 -3.3306690738754696E-12 0.02 3.8359961844340478 -3.3306690738754696E-10 0.7697805632184668 -1.8417543828294207
2.6415857699945584 1.000000000000023 2.220446049250313E-12 0.02 3.7950786465675534 2.7755575615628914E-10 0.7541536464202129 -1.854234112578611
2.661585769994558 0.9999999999999787 -2.220446049250313E-12 0.02 3.75494532731491 -2.220446049250313E-10 0.7380336719529705 -1.8660701898785534
2.6815857699945584 1.000000000000023 2.220446049250313E-12 0.02 3.7158216190452245 2.220446049250313E-10 0.7214571794534819 -1.8772580792195241
2.701585769994558 0.9999999999999787 -2.220446049250313E-12 0.02 3.677899320217202 -2.220446049250313E-10 0.7044618826192375 -1.887799044234371
2.7215857699945585 1.000000000000023 2.220446049250313E-12 0.02 3.6413335769502924 2.220446049250313E-10 0.6870856887324455 -1.8976997166032832
2.741585769994558 0.9999999999999787 -2.220446049250313E-12 0.02 3.6062423111762794 -2.220446049250313E-10 0.6693658409833245 -1.906971498865251
2.7615857699945576 0.9999999999999787 0.0 0.02 3.572707744214194 1.1102230246251565E-10 0.6513382168696159 -1.9156298636775695
2.781585769994558 1.000000000000023 2.220446049250313E-12 0.02 3.5407794818752265 1.1102230246251565E-10 0.6330367954512257 -1.9236936092593424
2.8015857699945577 0.9999999999999787 -2.220446049250313E-12 0.02 3.5104785940919134 -2.220446049250313E-10 0.6144932893548442 -1.9311841216602117
2.821585769994558 1.000000000000023 2.220446049250313E-12 0.02 3.481802171198996 2.220446049250313E-10 0.5957369249528324 -1.9381246823851965
2.8415857699945577 0.9999999999999787 -2.220446049250313E-12 0.02 3.454727938824523 -2.220446049250313E-10 0.5767943477069428 -1.9445398467552653
2.861585769994558 1.000000000000023 2.220446049250313E-12 0.02 3.429218628979928 2.220446049250313E-10 0.5576896264971694 -1.9504549069559751
2.8815857699945577 0.9999999999999787 -2.220446049250313E-12 0.02 3.4052259171948474 -2.220446049250313E-10 0.5384443318151879 -1.9558954441247334
2.901585769994558 1.000000000000023 2.220446049250313E-12 0.02 3.3826938285834736 2.220446049250313E-10 0.519077665186735 -1.9608869670570042
2.9215857699945578 0.9999999999999787 -2.220446049250313E-12 0.02 3.3615615860620753 -2.220446049250313E-10 0.49960662093432906 -1.9654546306488427
2.9415857699945582 1.000000000000023 2.220446049250313E-12 0.02 3.341765921438968 2.220446049250313E-10 0.4800461651867024 -1.9696230247869646
2.961585769994558 0.9999999999999787 -2.220446049250313E-12 0.02 3.32324289890856 -2.220446049250313E-10 0.4604094209311085 -1.9734160234096967
2.9815857699945583 1.000000000000023 2.220446049250313E-12 0.02 3.305929314216161 2.220446049250313E-10 0.44070785079810704 -1.9768566836249195
3.001585769994558 0.9999999999999787 -2.220446049250313E-12 0.02 3.2897637372073714 -2.220446049250313E-10 0.42095143238283006 -1.9799671853978642
3.0215857699945583 1.000000000000023 2.220446049250313E-12 0.02 3.2746872625152763 2.220446049250313E-10 0.4011488224454285 -1.9827688034965765
3.041585769994558 0.9999999999999787 -2.220446049250313E-12 0.02 3.2606440274634645 -2.220446049250313E-10 0.3813075082448212 -1.9852819045021977
3.0615857699945583 1.000000000000023 2.220446049250313E-12 0.02 3.247581548325672 2.220446049250313E-10 0.3614339450442501 -1.9875259629327395
3.081585769994558 0.9999999999999787 -2.220446049250313E-12 0.02 3.235450918501841 -2.220446049250313E-10 0.3415336802178274 -1.9895195915552637
3.1015857699945584 1.000000000000023 2.220446049250313E-12 0.02 3.2242069039209342 2.220446049250313E-10 0.32161146402015406 -1.9912805820574966
3.121585769994558 0.9999999999999787 -2.220446049250313E-12 0.02 3.2138079646738857 -2.220446049250313E-10 0.30167134806441287 -1.9928259530005872
3.1415857699945584 1.000000000000023 2.220446049250313E-12 0.02 3.2042162258727935 2.220446049250313E-10 0.28171677255973815 -1.9941720027156984
3.161585769994558 0.9999999999999787 -2.220446049250313E-12 0.02 3.1953974157604397 -2.220446049250313E-10 0.2617506432223278 -1.9953343654065283
3.1815857699945584 1.000000000000023 2.220446049250313E-12 0.02 3.1873207853085823 2.220446049250313E-10 0.2417753990879551 -1.9963280691706684
3.201585769994558 0.9999999999999787 -2.220446049250313E-12 0.02 3.1799590202648123 -2.220446049250313E-10 0.2217930721504563 -1.997167595058223
3.2215857699945585 1.000000000000023 2.220446049250313E-12 0.02 3.173288154288939 2.220446049250313E-10 0.20180533995461047 -1.9978669365788742
3.241585769994558 0.9999999999999787 -2.220446049250313E-12 0.02 3.167287489863109 -2.220446049250313E-10 0.18181357194824477 -1.9984396593306515
3.2615857699945576 0.9999999999999787 0.0 0.02 3.161939532362374 1.1102230246251565E-10 0.16181887041788523 -1.9988989606150214
3.281585769994558 1.000000000000023 2.220446049250313E-12 0.02 3.1572299417963587 1.1102230246251565E-10 0.1418221070433383 -1.999257729061041
3.3015857699945577 0.9999999999999787 -2.220446049250313E-12 0.02 3.1531475059382803 -2.220446049250313E-10 0.12182395535694801 -1.9995286044342102
3.321585769994558 1.000000000000023 2.220446049250313E-12 0.02 3.14968413849711 2.220446049250313E-10 0.10182492023070988 -1.9997240378994445
3.3415857699945577 0.9999999999999787 -2.220446049250313E-12 0.02 3.146834905718495 -2.220446049250313E-10 0.08182536469277002 -1.9998563531305713
3.361585769994558 1.000000000000023 2.220446049250313E-12 0.02 3.1445980850913147 2.220446049250313E-10 0.06182553474109298 -1.9999378087462047
3.3815857699945577 0.9999999999999787 -2.220446049250313E-12 0.02 3.14297526021283 -2.220446049250313E-10 0.041825582849613796 -1.9999806626521932
3.401585769994558 1.000000000000023 2.220446049250313E-12 0.02 3.1419714564379837 2.220446049250313E-10 0.021825590562512542 -1.9999972389744514
3.4215857699945578 0.9999999999999787 -2.220446049250313E-12 0.02 3.141595322829723 -2.220446049250313E-10 0.0018255908738513682 -1.999999998375403
3.4415857699945582 1.000000000000023 2.220446049250313E-12 0.02 3.141329666124296 2.220446049250313E-10 -0.018174409002281046 -1.9999984042494123
3.461585769994558 0.9999999999999787 -2.220446049250313E-12 0.02 3.140439693867047 -2.220446049250313E-10 -0.038174404036986784 -1.99998528527714
3.4815857699945583 1.000000000000023 2.220446049250313E-12 0.02 3.1389293980846413 2.220446049250313E-10 -0.058174367659022695 -1.9999481512090769
3.501585769994558 0.9999999999999787 -2.220446049250313E-12 0.02 3.1368044506366153 -2.220446049250313E-10 -0.07817422885798908 -1.9998746583535645
3.5215857699945583 1.000000000000023 2.220446049250313E-12 0.02 3.134067052038194 2.220446049250313E-10 -0.09817384979574136 -1.999752541798051
3.541585769994558 0.9999999999999787 -2.220446049250313E-12 0.02 3.1307160751290475 -2.220446049250313E-10 -0.11817300325058805 -1.9995695479215416
3.5615857699945583 1.000000000000023 2.220446049250313E-12 0.02 3.1267471670092535 2.220446049250313E-10 -0.13817134936747746 -1.9993133696330683
3.581585769994558 0.9999999999999787 -2.220446049250313E-12 0.02 3.1221528140298385 -2.220446049250313E-10 -0.15816841111895713 -1.998971583633835
3.6015857699945584 1.000000000000023 2.220446049250313E-12 0.02 3.116922373984555 2.220446049250313E-10 -0.17816354785327373 -1.9985315891052502
3.621585769994558 0.9999999999999787 -2.220446049250313E-12 0.02 3.1110420791953173 -2.220446049250313E-10 -0.19815592640528884 -1.9979805473218664
3.6415857699945584 1.000000000000023 2.220446049250313E-12 0.02 3.1044950139711984 2.220446049250313E-10 -0.21814448916753781 -1.9973053217852546
3.661585769994558 0.9999999999999787 -2.220446049250313E-12 0.02 3.097261069955543 -2.220446049250313E-10 -0.23812791841139924 -1.9964924185793855
3.6815857699945584 1.000000000000023 2.220446049250313E-12 0.02 3.0893168831472053 2.220446049250313E-10 -0.25810459610753866 -1.9955279267639552
3.701585769994558 0.9999999999999787 -2.220446049250313E-12 0.02 3.0806357568183977 -2.220446049250313E-10 -0.27807255870124703 -1.9943974587406212
3.7215857699945585 1.000000000000023 2.220446049250313E-12 0.02 3.0711875756270484 2.220446049250313E-10 -0.2980294456881831 -1.9930860907068293
3.741585769994558 0.9999999999999787 -2.220446049250313E-12 0.02 3.060938717268624 -2.220446049250313E-10 -0.31797244136794267 -1.9915783034779462
3.7615857699945585 1.000000000000023 2.220446049250313E-12 0.02 3.049851969981864 2.220446049250313E-10 -0.33789820854396135 -1.9898579242241237
3.781585769994558 0.9999999999999787 -2.220446049250313E-12 0.02 3.037886466271483 -2.220446049250313E-10 -0.3578028134523751 -1.9879080699266192
3.8015857699945577 0.9999999999999787 0.0 0.02 3.024997646642782 1.1102230246251565E-10 -0.3776816403524836 -1.9857110937927294
3.821585769994558 1.000000000000023 2.220446049250313E-12 0.02 3.0111372703505883 1.1102230246251565E-10 -0.3975292952816357 -1.9832485362363577
3.8415857699945577 0.9999999999999787 -2.220446049250313E-12 0.02 2.9962534953745266 -2.220446049250313E-10 -0.41733949758224076 -1.980501082673086
3.861585769994558 1.000000000000023 2.220446049250313E-12 0.02 2.9802910553933066 2.220446049250313E-10 -0.43710495826502327 -1.9774485310542527
3.8815857699945577 0.9999999999999787 -2.220446049250313E-12 0.02 2.9631915678401235 -2.220446049250313E-10 -0.4568172449716874 -1.974069772820217
3.901585769994558 1.000000000000023 2.220446049250313E-12 0.02 2.944894015078895 2.220446049250313E-10 -0.476466633109378 -1.9703427919934486
3.9215857699945578 0.9999999999999787 -2.220446049250313E-12 0.02 2.9253354483728637 -2.220446049250313E-10 -0.4960419439405316 -1.9662446881512357
3.9415857699945582 1.000000000000023 2.220446049250313E-12 0.02 2.904451972444078 2.220446049250313E-10 -0.5155303710837212 -1.9617517302585725
3.961585769994558 0.9999999999999787 -2.220446049250313E-12 0.02 2.882180074525582 -2.220446049250313E-10 -0.5349172987330013 -1.9568394494721837
3.9815857699945583 1.000000000000023 2.220446049250313E-12 0.02 2.858458365438175 2.220446049250313E-10 -0.5541861164907393 -1.9514827802008563
4.001585769994558 1.0000000000000009 -1.1102230246251565E-12 0.02 2.833229797400942 -1.6653345369377348E-10 -0.5733180385150611 -1.9456562594584137
4.021585769994559 1.000000000000023 1.1102230246251565E-12 0.02 2.806444411511623 1.1102230246251565E-10 -0.5922919376438682 -1.9393342948078263
4.041585769994558 0.9999999999999787 -2.220446049250313E-12 0.02 2.7780626423369035 -1.6653345369377348E-10 -0.6110842087296741 -1.9324915105013534
4.061585769994559 1.000000000000023 2.220446049250313E-12 0.02 2.748059162973589 2.220446049250313E-10 -0.6296686794985711 -1.9251031792427409
4.081585769994558 0.9999999999999787 -2.220446049250313E-12 0.02 2.716427188039954 -2.220446049250313E-10 -0.6480165909418758 -1.9171457429661976
4.10158576999456 1.0000000000000675 4.440892098500626E-12 0.02 2.6831830631617444 3.3306690738754696E-10 -0.6660966719344201 -1.908597419742471
4.121585769994559 0.9999999999999787 -4.440892098500626E-12 0.02 2.648370859758579 -4.440892098500626E-10 -0.683875334375925 -1.899438884757175
4.14158576999456 1.000000000000023 2.220446049250313E-12 0.02 2.6120665780088665 3.3306690738754696E-10 -0.7013170125589419 -1.88965400228615
4.161585769994559 0.9999999999999787 -2.220446049250313E-12 0.02 2.5743814551407445 -2.220446049250313E-10 -0.7183846651773609 -1.8792305724150624
4.18158576999456 1.000000000000023 2.220446049250313E-12 0.02 2.5354638163595875 2.220446049250313E-10 -0.7350404464403474 -1.8681610440669654
4.201585769994559 0.9999999999999787 -2.220446049250313E-12 0.02 2.4954989203249216 -2.220446049250313E-10 -0.7512465371840935 -1.8564431357351927
4.22158576999456 1.000000000000023 2.220446049250313E-12 0.02 2.454706373865754 2.220446049250313E-10 -0.7669661062949 -1.8440803014857776
4.2415857699945585 0.9999999999999343 -4.440892098500626E-12 0.02 2.4133349266486963 -3.3306690738754696E-10 -0.7821643520439785 -1.831081983770491
4.261585769994559 1.000000000000023 4.440892098500626E-12 0.02 2.371654788147956 4.440892098500626E-10 -0.7968095543008513 -1.817463608933562
4.2815857699945585 0.9999999999999787 -2.220446049250313E-12 0.02 2.329947976815073 -3.3306690738754696E-10 -0.8108740578604013 -1.8032463044164357
4.301585769994558 0.9999999999999787 0.0 0.02 2.2884975354025503 1.1102230246251565E-10 -0.8243351070466087 -1.7884563458624902
4.321585769994559 1.000000000000023 2.220446049250313E-12 0.02 2.247576644699628 1.1102230246251565E-10 -0.8371754638422122 -1.7731243723717645
4.341585769994558 0.9999999999999787 -2.220446049250313E-12 0.02 2.207438685782639 -2.220446049250313E-10 -0.8493837646864628 -1.757284432942715
4.361585769994559 1.000000000000023 2.220446049250313E-12 0.02 2.1683091345308156 2.220446049250313E-10 -0.8609546000523427 -1.7409729423615619
4.381585769994558 0.9999999999999787 -2.220446049250313E-12 0.02 2.130379865466452 -2.220446049250313E-10 -0.8718883308591308 -1.7242276274592947
4.401585769994559 1.000000000000023 2.220446049250313E-12 0.02 2.0938060764427022 2.220446049250313E-10 -0.8821906804184452 -1.7070865364424381
4.421585769994558 0.9999999999999787 -2.220446049250313E-12 0.02 2.058705701700021 -2.220446049250313E-10 -0.8918721572019153 -1.6895871668397344
4.441585769994559 1.000000000000023 2.220446049250313E-12 0.02 2.0251609239175346 2.220446049250313E-10 -0.9009473700538824 -1.6717657470961742
4.461585769994558 0.9999999999999787 -2.220446049250313E-12 0.02 1.9932212516838694 -2.220446049250313E-10 -0.909434295371151 -1.6536566860286261
4.481585769991248 0.9999999998344666 -8.275602425555917E-9 0.02 1.9629075948382195 -4.1366909897533333E-7 -0.9173535471275687 -1.635292187109358
4.501585769659576 0.9999999834163997 -8.209033452999392E-7 0.02 1.9342168202317414 -4.0631387143719166E-5 -0.9247276884346989 -1.6167020126180511
4.5215857664509205 0.9999998395672449 -7.192457740501368E-6 0.02 1.9071263695378609 -3.1857771976007143E-4 -0.9315806104967763 -1.5979133759455952
4.541585752508174 0.9999993028626974 -2.683522737356725E-5 0.02 1.8815986353382046 -9.82138481653294E-4 -0.9379369937199862 -1.5789509364126615
4.561585711465861 0.9999979478843457 -6.7748917587096E-5 0.02 1.8575849022099926 -0.0020456845106764376 -0.9438218565372519 -1.55983687021161
4.581585615250144 0.9999951892141201 -1.379335112794422E-4 0.02 1.8350287553701436 -0.00350922968461731 -0.9492601899725557 -1.5405909947537086
4.601585420878819 0.9999902814337602 -2.45389017994313E-4 0.02 1.8138689297655421 -0.00537277533574354 -0.9542766714575377 -1.5212309272123252
4.621585067261319 0.9999823191249924 -3.981154383936314E-4 0.02 1.7940416204766236 -0.007636321019965919 -0.9588954488332314 -1.5017722620920688
4.641584471998712 0.9999702368696628 -6.041127664779822E-4 0.02 1.77548230369532 -0.01029986640421754 -0.9631399845126569 -1.482228756111343
4.661583528183701 0.999952809249427 -8.713810117910725E-4 0.02 1.7581271318093168 -0.013363412265654517 -0.9670329497584169 -1.4626125120247104
4.681582101200625 0.9999286508462379 -0.001207920159451703 0.02 1.7419139703221973 -0.016826957383031527 -0.9705961596510855 -1.4429341559640174
4.701580025525459 0.9998962162416802 -0.0016217302278853651 0.02 1.726783141127355 -0.020690503421683104 -0.9738505405158333 -1.4232030041321453
4.721577101525813 0.9998538000176804 -0.0021208111999904133 0.02 1.7126779315875291 -0.02495404860525241 -0.9768161225098082 -1.4034272173624995
4.74157309226093 0.9997995367558854 -0.002713163089751447 0.02 1.6995449203681334 -0.02961759448805168 -0.9795120514188443 -1.383613942350496
4.761567720281694 0.9997314010381952 -0.0034067858845077126 0.02 1.6873341632476628 -0.03468113973781328 -0.9819566147211966 -1.3637694395266595
4.78156066443062 0.9996472074462748 -0.0042096795960233635 0.02 1.675999274308397 -0.040144685575782546 -0.9841672779763739 -1.3438991978512207
4.801551556641859 0.9995446105619532 -0.0051298442160785385 0.02 1.6654974313484834 -0.04600823100275875 -0.9861607283701843 -1.324008037649722
4.8215399787412 0.9994211049670465 -0.0061752797453351604 0.02 1.6557893279721951 -0.0522717764628311 -0.9879529230430775 -1.3041002020454058
4.841525459246063 0.9992740252431798 -0.007353986193336937 0.02 1.6468390902613232 -0.05893532240008881 -0.989559140327795 -1.2841794382215217
4.86150747016551 0.9991005459723201 -0.008673963542982221 0.02 1.638614171766812 -0.06599886748226425 -0.9909940325190073 -1.264249069598125
4.881485423800231 0.9988976817360662 -0.010143211812696507 0.02 1.6310852372053397 -0.07346241348571425 -0.9922716791939151 -1.2443120596550383
4.901458669542557 0.9986622871163142 -0.011769730987598592 0.02 1.6242260430441506 -0.08132595874510429 -0.9934056403402194 -1.2243710688798137
4.921426490676453 0.9983910566947696 -0.013561521077232186 0.02 1.6180133207067406 -0.08958950448167968 -0.9944090088660305 -1.2044285050955028
4.941388101177519 0.998080525053302 -0.015526582073377426 0.02 1.6124266671415968 -0.09825304980726202 -0.9952944621608689 -1.1844865686439405
4.961342642512989 0.9977270667735016 -0.017672913990018913 0.02 1.6074484459100162 -0.10731659583207431 -0.9960743125976033 -1.1645472925578517
4.981289180441736 0.997326896437345 -0.020008516807834553 0.02 1.6030637015234497 -0.11678014089078204 -0.9967605569107898 -1.1446125789516128
5.001226701814264 0.99687606862644 -0.02254139054524984 0.02 1.5992600888827635 -0.12664368687076433 -0.9973649245220808 -1.1246842318244403
5.021154111372719 0.9963704779227367 -0.025279535185163127 0.02 1.596027819496916 -0.13690723199566435 -0.9978989249176876 -1.1047639871151542
5.0410702285508755 0.9958058589078167 -0.028230950745999905 0.02 1.5933596258119032 -0.14757077804183893 -0.9983738942560663 -1.0848535403015442
5.060973784274148 0.9951777861636035 -0.03140363721065853 0.02 1.5912507449801616 -0.15863432323293125 -0.9988010414119689 -1.0649545722717662
5.080863417796423 0.9944816761137787 -0.034805502491241924 0.02 1.5896989233185528 -0.1700932640291697 -0.9991914937149772 -1.0450687735899113
5.100737674739198 0.9937128471387613 -0.038441448750869966 0.02 1.588704442856769 -0.18179731298140211 -0.9995563426779047 -1.0251978666754131
5.120595008634448 0.992866694762462 -0.04230761881496292 0.02 1.5882701717536354 -0.19330850320464776 -0.9999066900671761 -1.0053436238087818
5.140433784049379 0.9919387707465699 -0.04639620079460727 0.02 1.5880880666674875 -0.20442909898221728 -1.0002521796531152 -0.9855078569720471
5.160252279786424 0.9909247868522542 -0.05069919471578643 0.02 1.587349937359187 -0.21514969605895828 -1.000588525304751 -0.9656922160057014
5.180048692083241 0.9898206148408306 -0.05520860057117716 0.02 1.5860242670791478 -0.22547029276953623 -1.0009040566114158 -0.9458983199180268
5.1998211378127115 0.9886222864735394 -0.05991641836455841 0.02 1.58411894682164 -0.23539088966906263 -1.0011872582578176 -0.9261279054400062
5.219567657682949 0.9873259935118561 -0.06481464808416604 0.02 1.5816388191389348 -0.24491148598038137 -1.0014267897297533 -0.9063828434808989
5.239286219437286 0.9859280877168697 -0.06989528974932213 0.02 1.57858585776447 -0.2540320832578047 -1.0016114337928648 -0.8866651539103014
5.258974721054289 0.9844250808501709 -0.07515034333493986 0.02 1.574959311032858 -0.2627526792808865 -1.0017300490532586 -0.866977020389139
5.278630993947744 0.982813644672742 -0.08057180887144355 0.02 1.5707558142788884 -0.27107327682518445 -1.0017715260193194 -0.8473208057289114
5.2982528061666665 0.9810906109461115 -0.08615168633152592 0.02 1.5659694756876148 -0.2789938730041186 -1.0017247461954082 -0.8276990680085954
5.3178378655952985 0.979252971431599 -0.09188197572562729 0.02 1.5605919396200632 -0.2865144697050681 -1.001578543836173 -0.8081145778836711
5.337383823153105 0.9772978778903152 -0.09775467706418794 0.02 1.5546124311344527 -0.293635066928033 -1.0013216700873993 -0.7885703374424198
5.35688827599478 0.9752226420837395 -0.10376179032878241 0.02 1.5480177852436827 -0.3003556632297233 -1.0009427593309994 -0.7690696008259532
5.3763487707102415 0.9730247357730981 -0.10989531553207144 0.02 1.5407924645399698 -0.30667626016445126 -1.000430297647872 -0.7496158970655914
5.395762806524636 0.9707017907197191 -0.1161472526689522 0.02 1.532918568967097 -0.3125968568440385 -0.9997725934115038 -0.7302130554061526
5.415127838498333 0.968251598684855 -0.12250960174320369 0.02 1.5243758419257127 -0.31811745371257416 -0.9989577501345129 -0.7108652334869341
5.434441280726934 0.9656721114300382 -0.1289743627408413 0.02 1.5151416774332571 -0.3232380498818799 -0.9979736418078466 -0.6915769486631841
5.453700509541258 0.9629614407161924 -0.13553353569228932 0.02 1.5051911339472184 -0.3279586475724017 -0.9968078911187858 -0.6723531129676529
5.472902866707359 0.960117858305054 -0.14217912055691784 0.02 1.4944969612240475 -0.3322792432314259 -0.9954478510618818 -0.6531990716620096
5.492045662626508 0.9571397959574846 -0.14890311737847384 0.02 1.4830296483616547 -0.3361998410778 -0.9938805906917167 -0.6341206462937532
5.5111261795352116 0.954025845435158 -0.15569752611632737 0.02 1.4707575019686023 -0.3397204368926765 -0.9920928858818188 -0.6151241816683587
5.530141674705196 0.9507747584992288 -0.16255434679646186 0.02 1.4576467661473747 -0.3428410340067245 -0.9900712163000208 -0.5962165977450271
5.549089383643415 0.9473854469109533 -0.1694655794137745 0.02 1.4436617972430414 -0.34556163086563174 -0.9878017699670563 -0.5774054458319644
5.567966523292051 0.9438569824317788 -0.17642322395872156 0.02 1.4287653091597956 -0.3478822272473536 -0.985270457121953 -0.5586989692151235
5.586770295228507 0.9401885968228108 -0.18341928044840472 0.02 1.4129187074127962 -0.3498028244841578 -0.9824629354234129 -0.5401061678606922
5.605497888865419 0.9363796818456116 -0.19044574885995758 0.02 1.396082532400976 -0.35132342057764276 -0.9793646488211234 -0.5216368663366917
5.624146484650644 0.9324297892612243 -0.19749462921936356 0.02 1.3782170346293863 -0.35244401797029923 -0.9759608827611947 -0.503301783789606
5.642713257267268 0.9283386308311936 -0.20455792150153584 0.02 1.3592829063670178 -0.3531646141086142 -0.9722368387260503 -0.48511260448724614
5.6611953788336 0.9241060783166333 -0.21162762572801697 0.02 1.3392421940748758 -0.3534852113240561 -0.9681777312373461 -0.4670820462334254
5.679590022103177 0.919732163478848 -0.21869574188926322 0.02 1.3180594145345155 -0.3534058080623126 -0.9637689105623595 -0.44922392342372053
5.697894363664766 0.9152170780794222 -0.22575426997129 0.02 1.2957028938804747 -0.35292640410133913 -0.9589960143904204 -0.4315532010992602
5.716105587142353 0.9105611738793762 -0.2327952100023012 0.02 1.2721463388149328 -0.35204700155055946 -0.9538451509933339 -0.414086033873611
5.734220886395155 0.9057649626400988 -0.2398105619638713 0.02 1.247370637917219 -0.3507675980785052 -0.9483031159534451 -0.39683978419553056
5.752237468717611 0.9008291161228144 -0.24679232586422017 0.02 1.221365870275526 -0.34908819501744404 -0.9423576429112714 -0.3798330121019755
5.770152558039392 0.8957544660890271 -0.25373250168936323 0.02 1.1941334740427745 -0.3470087912571529 -0.9359976870768207 -0.36308542863656124
5.78796339812539 0.890542004299899 -0.2606230894564021 0.02 1.1656884946430863 -0.344529388351944 -0.929213737418636 -0.3466178039701229
5.805667255775726 0.8851928825167832 -0.2674560891557931 0.02 1.1360617976412952 -0.3416499849695498 -0.9219981505684394 -0.3304518225330231
5.823261424025745 0.8797084125009569 -0.2742235007913152 0.02 1.1053020925604156 -0.338370581776104 -0.9143454953972883 -0.31460987768181026
5.840743225346019 0.8740900660137108 -0.28091732436230643 0.02 1.0734775828813305 -0.3346911785495621 -0.9062528936332241 -0.29911480172207616
5.858110014842348 0.8683394748164375 -0.287529559863664 0.02 1.0406770364827023 -0.3306117750678794 -0.8977203381021577 -0.283989530458328
5.875359183455757 0.8624584306704541 -0.2940522072991669 0.02 1.0070100708451881 -0.3261323717751452 -0.8887509673988541 -0.26925670652705036
5.892488161162493 0.8564488853368246 -0.3004772666814759 0.02 0.9726064757181108 -0.32125296911544865 -0.8793512747055958 -0.2549382320129232
5.909494420174035 0.8503129505770701 -0.30679673798772455 0.02 0.9376144556299641 -0.3159735653124329 -0.869531229410638 -0.24105478710740913
5.926375478137084 0.8440528981524587 -0.31300262123057365 0.02 0.9021977651563629 -0.31029416214245487 -0.8593042938322313 -0.22762533753717396
5.943128901333573 0.8376711598244491 -0.3190869164004795 0.02 0.8665318220114274 -0.30421475849529145 -0.8486873236834371 -0.2146666579409604
5.9597523078806525 0.8311703273539806 -0.32504162352342547 0.02 0.8307990003961693 -0.2977353561472995 -0.837700349310214 -0.20219290018306357
5.976243370930707 0.8245531525027161 -0.33085874256322256 0.02 0.7951834101485611 -0.2908559519898546 -0.8263662444591622 -0.19021523442927357
5.992599821871341 0.8178225470317102 -0.3365302735502951 0.02 0.7598655351681436 -0.28357654935362575 -0.8147102987639065 -0.17874158614777313
6.0088194535253905 0.8109815827024747 -0.34204821646177663 0.02 0.725017124092359 -0.27589714557407774 -0.8027597181195593 -0.16777648484600616
6.024900123350914 0.8040334912761793 -0.3474045713147689 0.02 0.6907966924604552 -0.267817742649612 -0.7905430822707613 -0.15732103109738538
6.040839756641196 0.7969816645140959 -0.352591338104169 0.02 0.6573459160960536 -0.2593383394700055 -0.7780897907202233 -0.14737297875726463
6.05663634972475 0.7898296541776872 -0.35760051682043326 0.02 0.6247870862765214 -0.25045893581321366 -0.7654295264275393 -0.13792692056381672
6.072287973165313 0.7825811720281628 -0.36242410747622245 0.02 0.5932216788751027 -0.24117953278945947 -0.7525917622199858 -0.1289745586249238
6.087792774961848 0.7752400898267453 -0.36705411007087463 0.02 0.5627299820329698 -0.23150012973260914 -0.7396053284938924 -0.12050503734733709
6.103148983748548 0.767810439335026 -0.3714825245859643 0.02 0.5333716439091758 -0.22142072575448424 -0.7264980536245229 -0.1125053151379578
6.118354911994827 0.7602964123139433 -0.37570135105413627 0.02 0.5051869508652316 -0.21094132340859773 -0.713296481655022 -0.10496055243115521
6.13340895920533 0.7527023605251149 -0.3797025894414219 0.02 0.47819862651664136 -0.20006191936428053 -0.7000256658922418 -0.09785449652309164
6.148309615118719 0.7450327956694647 -0.38347824278250897 0.02 0.4524139489568939 -0.18878266705435465 -0.6867090328159149 -0.09116984781338
6.163055462549684 0.7372923715482482 -0.38702120606082246 0.02 0.4278270080804053 -0.17714816391567467 -0.6733683078528185 -0.084888596371411
6.177645177510286 0.7294857480300898 -0.3903311759079209 0.02 0.40442096321943943 -0.16549849235492076 -0.6600234952850619 -0.07899232278954171
6.192077526448237 0.7216174468975822 -0.3934150566253791 0.02 0.3821701939173498 -0.15419403587291214 -0.6466929021073587 -0.07346245953987407
6.206351363049158 0.7136918300460149 -0.39628084257836704 0.02 0.36104226860511485 -0.14328929764939602 -0.6333931937483653 -0.06828051108875854
6.220465625036581 0.7057130993711525 -0.39893653374312166 0.02 0.3409996904792801 -0.13278455823773072 -0.6201394723067223 -0.06342823423583832
6.234419330971955 0.697685296768702 -0.40139013012252533 0.02 0.322001404784361 -0.12267981897018387 -0.6069453696702414 -0.058887781760956215
6.248211577054638 0.6896123041341795 -0.4036496317261218 0.02 0.30400406923861484 -0.11297508017982238 -0.593823149239944 -0.05464181325530326
6.261841533921903 0.6814978433632213 -0.4057230385479116 0.02 0.28696310120375335 -0.10367034108949014 -0.5807838113451083 -0.05067357737298672
6.27530844344893 0.6733454763513613 -0.40761835059299756 0.02 0.2708335222890277 -0.09476560225429864 -0.5678371986513585 -0.04696696975524861
6.288611615548816 0.6651586049942981 -0.40934356785315984 0.02 0.25557062440762723 -0.08626086300811409 -0.5549920987853407 -0.04350657063742658
6.301750424972569 0.6569404711876725 -0.4109066903312808 0.02 0.2411304825444528 -0.07815612390604798 -0.5422563425370689 -0.04027766588418058
6.314724308109112 0.6486941568271121 -0.41231571802802236 0.02 0.22747033795322835 -0.07045138483707802 -0.5296368960877957 -0.037266254621170725
6.327532759785272 0.6404225838080091 -0.4135786509551487 0.02 0.21454887466047434 -0.06314664635631573 -0.5171399470954752 -0.034459046427684936
6.340175330065797 0.6321285140262756 -0.4147034890866763 0.02 0.20232640863043916 -0.05624190657638195 -0.5047709839009827 -0.031843450376703775
6.352651621053344 0.6238145493773217 -0.4156982324476921 0.02 0.1907650071102387 -0.04973716805078965 -0.4925348680354682 -0.029407557986390054
6.364961283688483 0.6154831317569442 -0.41657088101887396 0.02 0.17982855307266532 -0.04363242855909277 -0.48043590044111406 -0.027140121777873283
6.377104014549692 0.6071365430604825 -0.41732943482308826 0.02 0.16948276662743045 -0.03792769021071507 -0.4684778812537925 -0.025030530685925534
6.389079552653368 0.5987769051837954 -0.4179818938343516 0.02 0.1596951939934237 -0.03262295056316589 -0.45666416397290654 -0.023068783488630618
6.400887676253817 0.5904061800224625 -0.4185362580666485 0.02 0.1504351721256565 -0.027718211614846666 -0.44499770426162577 -0.02124546106543912
6.412528199643258 0.5820261694720497 -0.419000527520641 0.02 0.14167377569613815 -0.023213472699623594 -0.433481103850888 -0.019551698152921237
6.42400096995182 0.5736385154280654 -0.41938270219921137 0.02 0.13338375169027605 -0.019108733928518973 -0.42211664991662556 -0.017979155097936683
6.435305863947545 0.5652446997862715 -0.4196907820896989 0.02 0.12553944600448896 -0.015403994524376685 -0.41090635062747727 -0.016519990030687826
6.446442784836391 0.5568460444422829 -0.41993276719942685 0.02 0.11811672500432757 -0.012099255486397453 -0.3998519668721112 -0.01516683168302091
6.457411659062225 0.5484437112917018 -0.42011665752905714 0.02 0.11109289486880858 -0.00919451648151437 -0.3889550409857958 -0.013912753115027265
6.468212433106825 0.5400387022300279 -0.4202504530836926 0.02 0.10444662026182705 -0.00668977773177204 -0.3782169223073155 -0.012751246422380458
6.478845070289885 0.5316318591529701 -0.42034215385289286 0.02 0.09815784413663198 -0.004585038460014346 -0.36763879047185133 -0.011676198584392505
6.4893095475690075 0.5232238639561348 -0.4203997598417608 0.02 0.0922077093660052 -0.002880299443397405 -0.3572216762218787 -0.010681868441590248
6.4996058523397116 0.5148152385352045 -0.42043127104651745 0.02 0.08657848309954608 -0.0015755602378320077 -0.3469664802589505 -0.009762864854558684
6.509733979235424 0.506406344785626 -0.42044468747892694 0.02 0.0812534842691437 -6.708216204742712E-4 -0.33687399025608156 -0.008914126029427094
6.5196939269391745 0.4979973851875208 -0.4204479799052585 0.02 0.07621701461575203 -1.6462131657846157E-4 -0.32694489635576895 -0.008130900001421804
6.529485695771285 0.4895884416055374 -0.4204471790991704 0.02 0.07145429295744943 4.004030440540873E-5 -0.31717980442125415 -0.0074087261768586155
6.539109288584525 0.4811796406619884 -0.42044004717745054 0.02 0.06695139171763353 3.5659608599303283E-4 -0.3075792446960186 -0.0067434177524895444
6.548564713793817 0.4727712604645884 -0.4204190098699989 0.02 0.06269517670110936 0.0010518653725810623 -0.2981436773775822 -0.006131045148225267
6.557851988576168 0.464363739117557 -0.42037606735156885 0.02 0.058673250900295515 0.0021471259215033456 -0.28887349682622154 -0.005567920533715687
6.566971142070677 0.4559576747254379 -0.4203032196059553 0.02 0.05487390243635004 0.0036423872806778945 -0.27976903512922047 -0.005050583415045828
6.575922218578529 0.44755382539261035 -0.4201924666413781 0.02 0.05128605625024796 0.005537648228859382 -0.27083056473358347 -0.004575787180078006
6.584705280762997 0.43915310922342243 -0.4200358084593958 0.02 0.047899229419208655 0.007832909099114715 -0.2620583004226691 -0.004140486544038868
6.593320412849441 0.4307566043221911 -0.41982524506156693 0.02 0.044703489934664664 0.010528169891443895 -0.2534524008654727 -0.003741825833588175
6.6017677238253105 0.42236554879346855 -0.4195527764361273 0.02 0.041689418553846336 0.013623431271980735 -0.24501296935769656 -0.00337712802315171
6.61004735064014 0.413981340741465 -0.4192104026001786 0.02 0.03884807372097354 0.017118691797435304 -0.2367400543382009 -0.003043884490361859
6.618159461405555 0.40560553827075907 -0.4187901235352953 0.02 0.036170959223482235 0.02101395324416444 -0.22863364939252184 -0.0027397454176837366
6.626104258595265 0.39723985948549867 -0.41828393926302 0.02 0.033649994418167406 0.0253092136137667 -0.22069369284427998 -0.0024625107926761203
6.63388198224507 0.38888618249024454 -0.41768384976270667 0.02 0.031277486897950846 0.030004475015665832 -0.21292006713898015 -0.002210121965141476
6.641492913152857 0.3805465453893486 -0.4169818550447957 0.02 0.02904610734623292 0.0350997358955496 -0.205312597809574 -0.0019806537081493714
6.648937376078601 0.37222314628722053 -0.41616995510640464 0.02 0.026948866495425605 0.04059499691955182 -0.19787105230101043 -0.0017723067513106816
6.656215742944364 0.36391834328814987 -0.415240149953533 0.02 0.0249790939791118 0.04649025764358328 -0.19059513849713194 -0.001583400742938057
6.663328436034296 0.3556346544965727 -0.4141844395788574 0.02 0.02313041896434509 0.05278551873377779 -0.18348450306747022 -0.001412367610468257
6.670275931194634 0.347374758016894 -0.4129948239839365 0.02 0.02139675241873562 0.05948077974604615 -0.1765387296153168 -0.0012577452870881078
6.677058761033705 0.33914149195357624 -0.41166330316588784 0.02 0.01977227090348488 0.06657604090243296 -0.16975733671022786 -0.001118171777955257
6.683677518121921 0.3309378544107844 -0.41018187713959264 0.02 0.01825140175301232 0.07407130131475981 -0.16313977573716365 -9.923795384543244E-4
6.690132858191784 0.3227670034931407 -0.4085425458821845 0.02 0.016828809545519907 0.08196656287040582 -0.1566854286292173 -8.791901427225302E-4
6.696425503337881 0.314632257304881 -0.4067373094129856 0.02 0.015499383765224195 0.09026182345994727 -0.15039360551779368 -7.775092217712221E-4
6.70255624521689 0.30653709395043194 -0.4047581677224521 0.02 0.014258227540451807 0.09895708452667407 -0.14426354222327975 -6.86321650868571E-4
6.7085259482475745 0.2984851515342335 -0.40259712080992216 0.02 0.013100647393102571 0.10805234562649702 -0.13829439771423213 -6.046869713499659E-4
6.714335552810787 0.2904802281606056 -0.4002461686813952 0.02 0.01202214390056311 0.1175476064263492 -0.13248525148667734 -5.317350305299451E-4
6.719986078449465 0.2825262819339258 -0.3976973113339888 0.02 0.011018403177386116 0.12744286737031985 -0.12683510079726534 -4.666618254046684E-4
6.725478627068639 0.2746274309586738 -0.39494254876260015 0.02 0.010085289137869324 0.13773812856943124 -0.12134285795137167 -4.087255405667012E-4
6.730814386135421 0.2667879533391204 -0.3919738809776696 0.02 0.009218836426000854 0.14843338924652727 -0.11600734742386332 -3.572427667093425E-4
6.735994631879015 0.25901228717968294 -0.3887833079718739 0.02 0.008415243983993737 0.15952865028978636 -0.11082730303015753 -3.1158489270777245E-4
6.741020732435217 0.25130502781012254 -0.3853629684780202 0.02 0.00767086917623494 0.17101697469268373 -0.1058013650481111 -2.7117466147208447E-4
6.745894149582924 0.24367085738532523 -0.3817085212398652 0.02 0.006982222602822108 0.18272236190775004 -0.10092807869471421 -2.3548289199581962E-4
6.7506164369608435 0.2361143688959899 -0.3778244244667661 0.02 0.00634596377525154 0.19420483865495441 -0.09620589617706488 -2.0402536891306333E-4
6.755189236918731 0.2286399978943976 -0.37371855007961585 0.02 0.0057588971562025915 0.20529371935751328 -0.09163317997344689 -1.7635986689312766E-4
6.759614277317397 0.22125201993326016 -0.36939889805687187 0.02 0.005217968347841273 0.21598260113719903 -0.0872082062160815 -1.520832987681464E-4
6.763893368328698 0.2139545505650542 -0.36487346841029833 0.02 0.004720260386834152 0.2262714823286771 -0.08292916803400985 -1.3082898675742527E-4
6.768028399235545 0.20675154534237628 -0.3601502611338958 0.02 0.004262990126861599 0.23616036382012595 -0.07879417884306206 -1.1226405693276487E-4
6.772021335231898 0.19964679981763211 -0.355237276237208 0.02 0.0038435046991684985 0.24564924483438944 -0.07480127564382277 -9.608695692986391E-5
6.775874214222768 0.19264394954352504 -0.35014251370535376 0.02 0.003459278035935376 0.2547381265927129 -0.07094842233984688 -8.202509615307108E-5
6.779589143624216 0.18574647007238987 -0.34487397355675853 0.02 0.003107907431089907 0.2634270074297618 -0.06723351296318003 -6.983260687720705E-5
6.783168297163355 0.17895767695694786 -0.3394396557721002 0.02 0.0027871101437862977 0.27171588923291523 -0.0636543749726276 -5.928822542888845E-5
6.786613911678348 0.1722807257496406 -0.33384756036536345 0.02 0.0024947200184282092 0.2796047703368387 -0.06020877247019785 -5.0193290970002025E-5
6.789928283918407 0.1657186120029408 -0.3281056873349897 0.02 0.002228684125721303 0.2870936515186884 -0.05689440947449731 -4.236986017436273E-5
6.793113767343798 0.15927417126957444 -0.32222203666831817 0.02 0.0019870594062114666 0.2941825333335757 -0.05370893312624392 -3.565893489576588E-5
6.796172768925835 0.15295007910185454 -0.31620460838599485 0.02 0.0017680093200624913 0.30087141411616614 -0.05064993693330977 -2.991880033154093E-5
6.799107745946885 0.1467488510524806 -0.3100614024686976 0.02 0.0015698004938039523 0.30716029586486115 -0.04771496399937636 -2.5023470462626207E-5
6.801921202800362 0.14067284267387237 -0.3038004189304111 0.02 0.001390799361277728 0.3130491769143262 -0.044901510229615416 -2.0861237475133798E-5
6.804615687790736 0.13472424951865847 -0.29742965776069497 0.02 0.0012294688001062148 0.31853805848580663 -0.04220702755229744 -1.7333321742696306E-5
6.807193789933521 0.1289051071392766 -0.29095711896909293 0.02 0.0010843647617702068 0.3236269395801017 -0.039628927134265024 -1.4352618619373203E-5
6.8096581357552886 0.12321729108837332 -0.2843908025451647 0.02 9.541328964947082E-4 0.3283158211964121 -0.03716458259246769 -1.1842538214956733E-5
6.812011386093657 0.11766251691840424 -0.27773870849845395 0.02 8.375051748054085E-4 0.3326047023355372 -0.03481133319721952 -9.735934182408812E-6
6.814256232897295 0.1122423401819006 -0.27100883682518173 0.02 7.332965097721633E-4 0.3364935836636107 -0.032566487087164475 -7.97411746344956E-6
6.816395396025923 0.10695815643142481 -0.2642091875237895 0.02 6.404013821142973E-4 0.3399824650696104 -0.030427324463023542 -6.505950823965101E-6
6.818431620050314 0.10181120121952603 -0.25734776059493925 0.02 5.577904748291784E-4 0.3430713464425139 -0.028391100803331737 -5.287020027555656E-6
6.820367671052287 0.09680255009865135 -0.2504325560437337 0.02 4.8450732066540603E-4 0.3457602275602767 -0.026455050063263874 -4.278877409502613E-6
6.822206333424717 0.09193311862150111 -0.24347157385751217 0.02 4.196649692088661E-4 0.34804910931107713 -0.024616387878463764 -3.4483536638374446E-6
6.823950406671525 0.0872036623404071 -0.2364728140547001 0.02 3.624426793459312E-4 0.349937990140603 -0.02287231476604623 -2.7669336744029494E-6
6.825602702207686 0.08261477680804319 -0.22944427661819589 0.02 3.120826435952795E-4 0.35142687182521115 -0.02122001932319273 -2.2101922526607254E-6
6.827166040159224 0.07816689757689232 -0.2223939615575432 0.02 2.6788675132327633E-4 0.35251575303263394 -0.0196566814371264 -1.7572857493597382E-6
6.828643246163215 0.07386030019955747 -0.21532986886674266 0.02 2.29213396704675E-4 0.3532046345400275 -0.018179475478512286 -1.390495564246308E-6
6.830037148167784 0.06969510022845071 -0.20825999855533794 0.02 1.9547433906041967E-4 0.3534935155702357 -0.016785573506130413 -1.0948197031179774E-6
6.831350573232107 0.06567125321614853 -0.2011923506151092 0.02 1.6613162166045914E-4 0.3533823970114369 -0.015472148463155588 -8.576086626410628E-7
6.832586344326412 0.06178855471525857 -0.19413492504449792 0.02 1.4069455594156732E-4 0.3528712785305643 -0.0142363773828591 -6.682420305992309E-7
6.833747277131977 0.05804664027824202 -0.18709572185082735 0.02 1.1871677702091077E-4 0.3519601596835287 -0.013075444587095642 -5.178423736484916E-7
6.83483617684113 0.05444498545768006 -0.18008274102809807 0.02 9.979337666932153E-5 0.3506490411364638 -0.011986544884561079 -3.9902311255168854E-7
6.835855834957251 0.050982905806051804 -0.1731039825814129 0.02 8.355811942117874E-5 0.34893792233425813 -0.010966886772625473 -3.0566725983671716E-7
6.836809026094769 0.04765955687586754 -0.16616744650921333 0.02 6.968074690316683E-5 0.34682680360997864 -0.010013695637748343 -2.3273408011892371E-7
6.837698504779165 0.04447393421980195 -0.1592811328032795 0.02 5.786437515853393E-5 0.3443156852966922 -0.009124216954966902 -1.7609088021064423E-7
6.838527002246971 0.04142487339029444 -0.15245304147537553 0.02 4.7842989208679576E-5 0.3414045663951981 -0.008295719488224829 -1.323673415321025E-7
6.839297223245767 0.03851104993981558 -0.14569117252394292 0.02 3.9379038547449063E-5 0.3380934475716302 -0.007525498490168592 -9.882996265808686E-8
6.840011842834187 0.03573097942100034 -0.13900352594076182 0.02 3.226113671617181E-5 0.3343823291590553 -0.006810878902221984 -7.327437145931981E-8
6.840673503181915 0.03308301738638164 -0.13239810173093502 0.02 2.6301867533828904E-5 0.3302712104913397 -0.00614921855470385 -5.3933432164754436E-8
6.841284810369683 0.030565359388434743 -0.1258828998973449 0.02 2.1335699942115482E-5 0.3257600916795056 -0.0055379113667962665 -3.939924542173401E-8
6.8418483311892775 0.028176040979710493 -0.11946592043621251 0.02 1.7217012873493864E-5 0.32084897305661997 -0.004974390547418217 -2.8557311515520212E-8
6.842366589943532 0.025912937712746498 -0.11315516334819975 0.02 1.3818230895856765E-5 0.3155378544006382 -0.004456131793115992 -2.0531272681978407E-8
6.842842065246335 0.023773765140111536 -0.1069586286317481 0.02 1.1028070901919484E-5 0.3098267358225826 -0.003980656490171874 -1.4636812206703098E-8
6.843277186822621 0.021756078814316737 -0.10088431628973993 0.02 8.749899396032212E-6 0.3037156171004085 -0.0035455349140480763 -1.0343438883175793E-8
6.843674332308378 0.019857274287859994 -0.09494022632283716 0.02 6.900199486681302E-6 0.2972044983451383 -0.0031483894283000913 -7.243010524682347E-9
6.8440358240506445 0.018074587113314777 -0.08913435872726083 0.02 5.407146102864857E-6 0.29029337977881653 -0.0027868976859867223 -5.0239807869445485E-9
6.844363925907509 0.01640509284324132 -0.08347471350367286 0.02 4.209287429057795E-6 0.2829822611793986 -0.002458795828973126 -3.45048900562972E-9
6.844660840048111 0.014845707030097799 -0.07796929065717606 0.02 3.2543300784171336E-6 0.27527114232483996 -0.002161881688371725 -2.3454962416735725E-9
6.8449287037526405 0.013393185226462379 -0.07262609018177102 0.02 2.4980250746819976E-6 0.26716002377025205 -0.0018940179838909943 -1.577300845490015E-9
6.845169586212338 0.012044122984855576 -0.0674531120803401 0.02 1.903151265580938E-6 0.2586489050715457 -0.0016531355241766743 -1.0488381274598169E-9
6.845385485329495 0.01079495585787349 -0.06245835634910435 0.02 1.4385924258508709E-6 0.2497377865617878 -0.0014372364069527022 -6.892656445600664E-10
6.845578324517454 0.00964195939796575 -0.05764982299538701 0.02 1.0785039596949986E-6 0.24042666768586685 -0.001244397218997717 -4.473996728648899E-10
6.845749949500608 0.008581249157657567 -0.053035512015409125 0.02 8.015647936510106E-7 0.23071554899889435 -0.0010727722358453429 -2.8665325668697506E-10
6.845902125114399 0.007608780689594141 -0.04862342340317127 0.02 5.903098218018599E-7 0.2206044306118926 -9.205966219856254E-4 -1.8115697830722866E-10
6.846036532105323 0.006720349546185389 -0.04442155717043761 0.02 4.3053801568326833E-7 0.2100933116366832 -7.861896310946692E-4 -1.1283429746100637E-10
6.846154763930924 0.0059115912800500325 -0.040437913306767825 0.02 3.1079119089394425E-7 0.19918219318348918 -6.67957805486008E-4 -6.920186645942294E-11
6.846258323562424 0.005177981574977508 -0.036680485253626216 0.02 2.2189826465179863E-7 0.18787140265708047 -5.643981739634762E-4 -4.174860457339946E-11
6.846348620745089 0.004514859133264437 -0.03315612208565355 0.02 1.5657952068259817E-7 0.1762181583986333 -4.7410099129441274E-4 -2.4745872018172577E-11
6.846426972180621 0.003917571776579365 -0.029864367834253613 0.02 1.0910464620650373E-7 0.16458771256999682 -3.9574955574983584E-4 -1.4393597425055304E-11
6.846494604387543 0.003381610346142594 -0.02679807152183855 0.02 7.500127574555648E-8 0.1533148156207531 -3.2811734882853827E-4 -8.203437928955282E-12
6.846552656900192 0.0029026256324282684 -0.023949235685716275 0.02 5.0810460283656766E-8 0.14244179180611383 -2.700648361730895E-4 -4.5744519283630325E-12
6.846602185468714 0.002476428426101407 -0.021309860316343077 0.02 3.388307934226731E-8 0.1319687684686599 -2.2053626763207657E-4 -2.4912294449563888E-12
6.8466441652590655 0.0020989895175738127 -0.01887194542637971 0.02 2.2211554484563578E-8 0.12189574449816831 -1.7855647728026725E-4 -1.322164600026099E-12
6.846679494053014 0.0017664396974037544 -0.016627491008502915 0.02 1.4291762329143864E-8 0.11222272089383978 -1.432276833328583E-4 -6.823430709346212E-13
6.846708995448138 0.001475069756207148 -0.014568497059830321 0.02 9.01066876668466E-9 0.1029496974336297 -1.1372628820838226E-4 -3.4161562467716067E-13
6.846733422057828 0.00122133048452433 -0.012686963584140898 0.02 5.555689353009541E-9 0.09407667378447115 -8.929967851611931E-5 -1.6553425297161084E-13
6.8467534587112855 0.0010018326728644666 -0.010974890582993169 0.02 3.3422838940921906E-9 0.08560365005738646 -6.92630250559434E-5 -7.760458942129844E-14
6.84676972565352 8.133471117055535E-4 -0.009424278057945656 0.02 1.9567255593599953E-9 0.07753062625237561 -5.299608282005597E-5 -3.4638958368304884E-14
6.846782781745356 6.528045918052783E-4 -0.008027125995013762 0.02 1.111372438522551E-9 0.06985760314659473 -3.9939990979731554E-5 -1.5210055437364645E-14
6.846793127663425 5.172959034460689E-4 -0.006775434417960469 0.02 6.101746885533998E-10 0.06258457885266466 -2.9594072912253466E-5 -6.661338147750939E-15
6.846801209100172 4.0407183736768104E-4 -0.005661203303919393 0.02 3.224279732094715E-10 0.05571155570205377 -2.151263616279042E-5 -2.886579864025407E-15
6.846807419963853 3.1054318405665526E-4 -0.004676432665551289 0.02 1.6312784456573581E-10 0.049238531918405215 -1.530177248187936E-5 -1.1102230246251565E-15
6.846812105578533 2.342807340127706E-4 -0.0038131225021942328 0.02 7.852041239431173E-11 0.043165508167852806 -1.0616157801512927E-5 -5.551115123125783E-16
6.846815565884091 1.7301527788227133E-4 -0.0030632728065249637 0.02 3.567512951718754E-11 0.03749248478346345 -7.155852243534433E-6 -2.220446049250313E-16
6.846818058636213 1.2463760610259556E-4 -0.002418883588983789 0.02 1.51488821487078E-11 0.032219460877058737 -4.663100121038433E-6 -3.3306690738754696E-16
6.846819802606398 8.71985092576466E-5 -0.0018719548422474475 0.02 5.9366955795780996E-12 0.027346437336817075 -2.919129935996523E-6 0.0
6.846820980781958 5.89087779889752E-5 -0.0014144865634335702 0.02 2.11131112592966E-12 0.022873413940693865 -1.7409543757729296E-6 -3.3306690738754696E-16
6.846821743566011 3.8139202640508074E-5 -0.0010384787674233564 0.02 6.662448370775564E-13 0.018800389800510686 -9.78170322962768E-7 -3.3306690738754696E-16
6.84682221197749 2.3420573969090697E-5 -7.359314335708689E-4 0.02 1.8041124150158794E-13 0.015127366692624378 -5.097588434699318E-7 -1.1102230246251565E-16
6.846822480851139 1.344368243394456E-5 -4.988445767573069E-4 0.02 4.007905118896815E-14 0.0118543428406781 -2.4088519501308525E-7 -2.220446049250313E-16
6.846822622037509 7.0593185075296105E-6 -3.1921819632074744E-4 0.02 6.772360450213455E-15 0.008981319021827971 -9.969882475147074E-8 -1.1102230246251565E-16
6.846822687602965 3.278272808771021E-6 -1.8905228493792947E-4 0.02 5.551115123125783E-16 0.006508295569140898 -3.413336835400571E-8 -3.3306690738754696E-16
6.846822713029685 1.2713359698324211E-6 -1.0034684194693E-4 0.02 6.283185307179586 0.004435272149549974 -8.706648957357288E-9 -3.3306690738754696E-16
6.846822720415651 3.692983252534532E-7 -4.51018822289484E-5 0.02 6.283185307179585 0.00276224798589908 -1.3206826743328293E-9 -1.1102230246251565E-16
6.8468227216746635 6.295062249250805E-8 -1.5317385138047257E-5 0.02 6.283185307179586 0.001489224854545057 -6.167044652727327E-11 2.220446049250313E-16
6.846822721736329 3.0832669750679997E-9 -2.9933677758720023E-6 0.02 6.283185307179586 6.162008681087627E-4 -4.551914400963142E-15 -3.3306690738754696E-16
6.846822721736334 2.6645352591003757E-13 -1.5415002607710449E-7 0.02 6.283185307179586 1.419608874897449E-4 4.440892098500626E-16 -3.3306690738754696E-16
6.846822721736334 0.0 -1.3322676295501878E-11 0.02 6.283185307179586 7.70683517004045E-6 4.440892098500626E-16 -3.3306690738754696E-16
