2.666666666666667E-11 1.3333333333333335E-9 6.666666666666667E-8 0.02 0.0 3.3333333333333333E-6 2.6666666675873095E-11 0.0
8.533333333333335E-10 4.133333333333334E-8 2.0000000000000003E-6 0.02 0.0 9.666666666666668E-5 8.533333333399478E-10 0.0
6.479999999999999E-9 2.8133333333333326E-7 1.1999999999999995E-5 0.02 0.0 4.999999999999998E-4 6.480000000000995E-9 0.0
2.730666666666667E-8 1.0413333333333335E-6 3.800000000000001E-5 0.02 0.0 0.0013000000000000008 2.7306666666666572E-8 0.0
8.333333333333335E-8 2.801333333333334E-6 8.800000000000002E-5 0.02 0.0 0.002500000000000001 8.333333333333818E-8 0.0
2.0735999999999997E-7 6.20133333333333E-6 1.699999999999998E-4 0.02 0.0 0.004099999999999988 2.0736000000000643E-7 0.0
4.4818666666666683E-7 1.2041333333333343E-5 2.9200000000000065E-4 0.02 0.0 0.006100000000000042 4.481866666666716E-7 0.0
8.738133333333335E-7 2.1281333333333332E-5 4.6199999999999947E-4 0.02 0.0 0.008499999999999942 8.738133333333388E-7 0.0
1.5746399999999998E-6 3.504133333333331E-5 6.879999999999989E-4 0.02 0.0 0.011299999999999973 1.5746400000000046E-6 0.0
2.6666666666666673E-6 5.4601333333333376E-5 9.780000000000032E-4 0.02 0.0 0.01450000000000021 2.6666666666666694E-6 0.0
4.294693333333333E-6 8.140133333333328E-5 0.0013399999999999953 0.02 0.0 0.018099999999999606 4.2946933333333405E-6 0.0
6.635519999999999E-6 1.1704133333333331E-4 0.0017820000000000015 0.02 0.0 0.02210000000000031 6.6355200000000025E-6 0.0
9.901146666666668E-6 1.6328133333333344E-4 0.0023120000000000063 0.02 0.0 0.026500000000000242 9.901146666666671E-6 0.0
1.4341973333333339E-5 2.2204133333333353E-4 0.002938000000000005 0.02 0.0 0.031299999999999925 1.4341973333333339E-5 0.0
2.0249999999999994E-5 2.9540133333333276E-4 0.0036679999999999612 0.02 0.0 0.03649999999999782 2.024999999999999E-5 0.0
2.7962026666666672E-5 3.8560133333333387E-4 0.004510000000000056 0.02 0.0 0.04210000000000472 2.7962026666666672E-5 0.0
3.786285333333334E-5 4.950413333333335E-4 0.00547199999999998 0.02 0.0 0.048099999999996236 3.786285333333334E-5 0.0
5.038847999999999E-5 6.262813333333325E-4 0.006561999999999952 0.02 0.0 0.054499999999998605 5.038848E-5 0.0
6.602930666666667E-5 7.82041333333334E-4 0.007788000000000071 0.02 0.0 0.061300000000005926 6.602930666666667E-5 0.0
8.533333333333335E-5 9.652013333333341E-4 0.009158000000000006 0.02 0.0 0.06849999999999677 8.533333333333335E-5 0.0
1.0890935999999998E-4 0.0011788013333333314 0.010679999999999863 0.02 0.0 0.07609999999999284 1.0890935999999997E-4 0.0
1.3743018666666665E-4 0.0014260413333333334 0.012362000000000104 0.02 0.0 0.08410000000001203 1.3743018666666665E-4 0.0
1.7163581333333336E-4 0.0017102813333333355 0.0142120000000001 0.02 0.0 0.09249999999999979 1.7163581333333336E-4 0.0
2.1233663999999997E-4 0.0020350413333333306 0.016237999999999756 0.02 0.0 0.10129999999998282 2.1233663999999997E-4 0.0
2.6041666666666666E-4 0.0024040013333333347 0.018448000000000204 0.02 0.0 0.11050000000002239 2.6041666666666666E-4 0.0
3.168366933333334E-4 0.0028210013333333354 0.020850000000000035 0.02 0.0 0.12009999999999156 3.1683669333333326E-4 0.0
3.8263752000000016E-4 0.0032900413333333393 0.023452000000000195 0.02 0.0 0.130100000000008 3.826375200000001E-4 0.0
4.5894314666666684E-4 0.003815281333333334 0.026261999999999727 0.02 0.0 0.1404999999999766 4.5894314666666684E-4 0.0
5.469639733333331E-4 0.004401041333333315 0.029287999999999037 0.02 0.0 0.15129999999996552 5.469639733333331E-4 0.0
6.479999999237241E-4 0.00505180132951955 0.03253799980931179 0.02 0.0 0.1624999904656376 6.479999999237239E-4 0.0
7.634438505853905E-4 0.005772192533083317 0.036019560178188324 0.02 0.0 0.17407801844382675 7.634438505853905E-4 0.0
8.947816399846582E-4 0.006566889469963389 0.03973484684400359 0.02 0.0 0.18576433329076344 8.947816399846582E-4 0.0
0.0010435905448563944 0.007440445243586809 0.04367778868117102 0.02 0.0 0.1971470918583712 0.0010435905448563944 0.0
0.0012115356150738674 0.008397253510873648 0.04784041336434192 0.02 0.0 0.20813123415854526 0.0012115356150738674 0.0
0.0014003665736487458 0.00944154792874392 0.05221472089351362 0.02 0.0 0.21871537645858502 0.0014003665736487452 0.0
0.0016119146167310962 0.010577402154117519 0.05679271126867993 0.02 0.0 0.22889951875831524 0.001611914616731095 0.0
0.0018480892136093917 0.011808729843914775 0.061566384489862826 0.02 0.0 0.23868366105914487 0.00184808921360939 0.0
0.002110874906710499 0.013139284655055376 0.06652774055703001 0.02 0.0 0.24806780335835907 0.002110874906710497 0.0
0.0024023281115996904 0.014572660244459561 0.07166877947020929 0.02 0.0 0.2570519456589641 0.0024023281115996874 0.0
0.0027245739169806348 0.016112290269047216 0.07698150122938274 0.02 0.0 0.2656360879586726 0.002724573916980631 0.0
0.003079802884695404 0.017761448385738468 0.08245790583456258 0.02 0.0 0.27382023025899205 0.0030798028846953994 0.0
0.003470267849724467 0.01952324825145314 0.08808999328573357 0.02 0.0 0.28160437255854914 0.003470267849724461 0.0
0.0038982807201867 0.02140064352311164 0.09386976358292508 0.02 0.0 0.28898851485957555 0.003898280720186693 0.0
0.004366209277339373 0.02339642785763366 0.0997892167261009 0.02 0.0 0.2959726571587912 0.004366209277339364 0.0
0.004876473975578159 0.025513234911939305 0.10584035271528225 0.02 0.0 0.3025567994590673 0.004876473975578149 0.0
0.005431544742437132 0.027753538342948626 0.11201517155046604 0.02 0.0 0.30874094175918976 0.005431544742437121 0.0
0.006033937778588764 0.030119651807581627 0.11830567323165009 0.02 0.0 0.31452508405920215 0.006033937778588751 0.0
0.006686212357843926 0.03261372896275808 0.12470385775882278 0.02 0.0 0.3199092263586348 0.006686212357843911 0.0
0.0073909676271519 0.0352377634653987 0.13120172513203068 0.02 0.0 0.324893368660395 0.007390967627151884 0.0
0.008150839406600358 0.03799358897242288 0.13779127535120914 0.02 0.0 0.32947751095892264 0.008150839406600338 0.0
0.008968496989415374 0.040882879140750804 0.1444645084163962 0.02 0.0 0.33366165325935254 0.008968496989415353 0.0
0.009846639941961425 0.043907147627302544 0.151213424327587 0.02 0.0 0.3374457955595406 0.009846639941961404 0.0
0.010787994903741386 0.047067748088998065 0.15803002308477607 0.02 0.0 0.3408299378594534 0.010787994903741362 0.0
0.011795312387396535 0.050365874182757474 0.1649063046879704 0.02 0.0 0.343814080159717 0.01179531238739651 0.0
0.012871363578706546 0.05380255956550055 0.17183426913715374 0.02 0.0 0.3463982224591669 0.012871363578706517 0.0
0.014018937136589502 0.057378677894147787 0.17880591643236188 0.02 0.0 0.34858236476040666 0.014018937136589471 0.0
0.015240835993101878 0.06109494282561878 0.18581324657354972 0.02 0.0 0.35036650705939226 0.015240835993101842 0.0
0.01653987415343854 0.06495190801683307 0.19284825956071422 0.02 0.0 0.3517506493582248 0.0165398741534385 0.0
0.01791887349593279 0.06894996712471252 0.19990295539397268 0.02 0.0 0.3527347916629231 0.017918873495932748 0.0
0.019380660572056303 0.07308935380617564 0.20696933407315585 0.02 0.0 0.3533189339591583 0.019380660572056257 0.0
0.020928063406419145 0.07737014171814212 0.21403939559832413 0.02 0.0 0.3535030762584143 0.02092806340641916 0.0
0.022563908296769804 0.08179224451753293 0.22110513996954073 0.02 0.0 0.3532872185608299 0.02256390829676988 0.0
0.024291016613995162 0.08635541586126792 0.22815856718674948 0.02 0.0 0.3526713608604376 0.02429101661399531 0.0
0.026112201602120494 0.09105924940626657 0.2351916772499324 0.02 0.0 0.3516555031591456 0.02611220160212072 0.0
0.02803026517830949 0.09590317880944985 0.24219647015916376 0.02 0.0 0.3502396454615683 0.028030265178309796 0.0
0.03004799473286423 0.10088647772773691 0.24916494591435343 0.02 0.0 0.34842378775948313 0.03004799473286461 0.0
0.032168159929225185 0.10600825981804778 0.25608910451554306 0.02 0.0 0.34620793005948197 0.032168159929225656 0.0
0.03439350950397125 0.11126747873730324 0.262960945962773 0.02 0.0 0.34359207236149547 0.03439350950397181 0.0
0.0367267680668197 0.11666292814242266 0.269772470255971 0.02 0.0 0.34057621465990173 0.036726768066820355 0.0
0.03917063290062623 0.12219324169032639 0.27651567739518657 0.02 0.0 0.33716035696077784 0.03917063290062699 0.0
0.04172777076138489 0.127856893037933 0.2831825673803301 0.02 0.0 0.3333444992571766 0.041727770761385743 0.0
0.04440081467822821 0.13365219584216617 0.2897651402116591 0.02 0.0 0.3291286415664507 0.044400814678229185 0.0
0.04719236075342707 0.13957730375994298 0.2962553958888406 0.02 0.0 0.3245127838590739 0.04719236075342816 0.0
0.05010496496239074 0.14563021044818325 0.30264533441201336 0.02 0.0 0.31949692615863834 0.050104964962391946 0.0
0.0531411399536669 0.15180874956380805 0.3089269557812399 0.02 0.0 0.31408106846132766 0.053141139953668225 0.0
0.05630335184894165 0.1581105947637374 0.31509225999646756 0.02 0.0 0.3082652107613826 0.0563033518489431 0.0
0.05959401704303947 0.16453325970489097 0.3211332470576783 0.02 0.0 0.3020493530605378 0.05959401704304105 0.0
0.06301549900392325 0.1710740980441893 0.32704191696491663 0.02 0.0 0.2954334953619159 0.06301549900392497 0.0
0.06657010507269427 0.17773030343855092 0.33281026971808125 0.02 0.0 0.2884176376582309 0.06657010507269615 0.0
0.07026008326359222 0.18449890954489734 0.3384303053173207 0.02 0.0 0.28100177996197295 0.07026008326359424 0.0
0.0740876190639952 0.19137679002014935 0.34389402376260036 0.02 0.0 0.27318592226398264 0.07408761906399738 0.0
0.07805483223441967 0.19836065852122317 0.3491934250536913 0.02 0.0 0.2649700645545455 0.078054832234422 0.0
0.08216377360852056 0.2054470687050447 0.35432050919107644 0.02 0.0 0.25635420686925814 0.08216377360852306 0.0
0.0864164218930911 0.21263241422852658 0.35926727617409393 0.02 0.0 0.2473383491508746 0.08641642189309377 0.0
0.09081468046806306 0.21991292874859805 0.3640257260035737 0.02 0.0 0.23792249147398803 0.0908146804680659 0.0
0.09536037418650647 0.22728468592217096 0.36858785867864563 0.02 0.0 0.22810663375359697 0.09536037418650951 0.0
0.10005524617462988 0.2347435994061703 0.3729456741999662 0.02 0.0 0.21789077606602925 0.10005524617463311 0.0
0.10490095463178012 0.24228542285751192 0.3770911725670817 0.02 0.0 0.20727491835577372 0.10490095463178355 0.0
0.10989906963044252 0.24990574993312004 0.38101635378040566 0.02 0.0 0.19625906066619847 0.10989906963044616 0.0
0.11505106993477573 0.25760001521666076 0.3847132641770362 0.02 0.0 0.18484551983152797 0.11505106993477957 0.0
0.12035834074248647 0.2653635403855367 0.3881762584437981 0.02 0.0 0.17314971333809437 0.12035834074249054 0.0
0.12582217483250882 0.27319170450111757 0.39140820577904245 0.02 0.0 0.16159736676221725 0.1258221748325131 0.0
0.13144377563751344 0.28108004025023114 0.39441678745567865 0.02 0.0 0.15042908383181008 0.13144377563751797 0.0
0.13722426044389427 0.2890242403190413 0.39721000344050683 0.02 0.0 0.13966079924140895 0.13722426044389902 0.0
0.14316466359176835 0.29702015739370424 0.3997958537331481 0.02 0.0 0.12929251463206226 0.14316466359177332 0.0
0.1492659396749759 0.30506380416037704 0.4021823383336398 0.02 0.0 0.1193242300245867 0.14926593967498114 0.0
0.1555289667410806 0.31315135330523547 0.4043774572429215 0.02 0.0 0.10975594546408507 0.1555289667410861 0.0
0.16195454949136898 0.3212791375144186 0.4063892104591571 0.02 0.0 0.1005876608117795 0.16195454949137272 0.0
0.168543422480851 0.329443649474101 0.4082255979841187 0.02 0.0 0.09181937624808123 0.16854342248085272 0.0
0.17529625331825974 0.33764154187043705 0.409894619816803 0.02 0.0 0.08345109163421238 0.17529625331825943 0.0
0.1822136458660514 0.3458696273895834 0.41140427595731666 0.02 0.0 0.0754828070256841 0.18221364586604896 0.0
0.18929614344040555 0.35412487871770704 0.4127625664061829 0.02 0.0 0.06791452244331309 0.1892961434404009 0.0
0.19654423201122487 0.3624044285409661 0.41397749116295346 0.02 0.0 0.06074623783852706 0.19654423201121804 0.0
0.20395834340213517 0.37070556954551526 0.41505705022745754 0.02 0.0 0.05397795322520382 0.2039583434021261 0.0
0.21153885849048562 0.3790257544175224 0.41600924360035707 0.02 0.0 0.04760966864497673 0.2115388584904742 0.0
0.21928611040734844 0.3873625958431409 0.4168420712809262 0.02 0.0 0.04164138402845685 0.21928611040733464 0.0
0.22720038773751908 0.3957138665085319 0.4175635332695493 0.02 0.0 0.03607309943115533 0.22720038773750284 0.0
0.2352819377195163 0.40407749909986135 0.418181629566472 0.02 0.0 0.030904814846133277 0.2352819377194976 0.0
0.24353096944558192 0.4124515863032807 0.41870436017096835 0.02 0.0 0.026136530224818433 0.24353096944556074 0.0
0.251947657061681 0.42083438080495333 0.41913972508363095 0.02 0.0 0.02176824563313029 0.25194765706165717 0.0
0.2605321429675019 0.42922429529104467 0.4194957243045666 0.02 0.0 0.01779996104678272 0.26053214296747546 0.0
0.26928454101645594 0.4376199024477029 0.4197803578329107 0.02 0.0 0.014231676417203465 0.2692845410164268 0.0
0.27820493971567795 0.4460199349611005 0.4200016256698802 0.02 0.0 0.011063391848475934 0.2782049397156461 0.0
0.2872934054260257 0.45442328551738853 0.42016752781440236 0.02 0.0 0.008295107226108378 0.28729340542599113 0.0
0.29654998556208034 0.4628290068027313 0.4202860642671391 0.02 0.0 0.00592682263683697 0.2965499855620429 0.0
0.3059747117921459 0.4712363115032786 0.42036523502736456 0.02 0.0 0.003958538011272772 0.30597471179210556 0.0
0.3155676032382502 0.4796445723052156 0.4204130400968509 0.02 0.0 0.002390253474315873 0.3155676032382091 0.0
0.32532866967614377 0.488053321894677 0.4204374794730681 0.02 0.0 0.001221968810860563 0.32532866967610646 0.0
0.33525791473530037 0.49646225295783 0.42044655315764956 0.02 0.0 4.536842290736587E-4 0.33525791473526684 0.0
0.3453553390208111 0.5048712142755374 0.4204480658853704 0.02 0.0 7.563638604324296E-5 0.3453553390207815 0.0
0.3556209416310428 0.5132801305115842 0.4204458118023391 0.02 0.0 -1.1270415156694469E-4 0.3556209416310172 0.0
0.3660547181753521 0.5216888272154663 0.4204348351941056 0.02 0.0 -5.488304116729736E-4 0.36605471817533053 0.0
0.3766566576093722 0.5300969717010051 0.4204072242769419 0.02 0.0 -0.0013805458581872543 0.37665665760935485 0.0
0.3874267390350135 0.5385040712820643 0.4203549790529615 0.02 0.0 -0.0026122611990198052 0.38742673903500024 0.0
0.39836492850046273 0.5469094732724611 0.4202700995198372 0.02 0.0 -0.0042439766562152315 0.3983649285004537 0.0
0.4094711758001836 0.5553123649860436 0.4201445856791275 0.02 0.0 -0.006275692035484504 0.4094711758001789 0.0
0.42074541127491677 0.5637117737366582 0.4199704375307256 0.02 0.0 -0.008707407420094349 0.42074541127491644 0.0
0.43218754261167963 0.5721065668381431 0.41973965507424715 0.02 0.0 -0.011539122823922554 0.4321875426116837 0.0
0.4437974516437661 0.5804954516043237 0.4194442383090302 0.02 0.0 -0.014770838260846908 0.4437974516437747 0.0
0.45557499115074734 0.5888769753490619 0.41907618723691087 0.02 0.0 -0.01840255360596732 0.45557499115076056 0.0
0.4675199816584709 0.5972495253861787 0.4186275018558394 0.02 0.0 -0.02243426905357282 0.4675199816584886 0.0
0.47963220823906155 0.6056113290295317 0.4180901821676519 0.02 0.0 -0.026865984409374377 0.47963220823908403 0.0
0.4919114173109204 0.6139604535929433 0.41745622817057626 0.02 0.0 -0.031697699853783234 0.4919114173109477 0.0
0.5043573134387258 0.6222948063902695 0.4167176398663097 0.02 0.0 -0.036929415213327044 0.5043573134387579 0.0
0.5169695561334327 0.6306121347353422 0.41586641725363527 0.02 0.0 -0.04256113063372258 0.5169695561334696 0.0
0.5297477566522726 0.6389100259419966 0.41489456033272365 0.02 0.0 -0.048592846045580895 0.5297477566523144 0.0
0.5426914747987542 0.6471859073240827 0.4137940691043007 0.02 0.0 -0.05502456142114642 0.5426914747988011 0.0
0.5558002157226629 0.655437046195434 0.4125569435675658 0.02 0.0 -0.06185627683674699 0.555800215722715 0.0
0.5690734267200609 0.6636605498698989 0.4111751837232447 0.02 0.0 -0.06908799221605477 0.5690734267201181 0.0
0.5825104940332869 0.6718533656613013 0.4096407895701204 0.02 0.0 -0.07671970765621428 0.5825104940333493 0.0
0.5961107396509565 0.6800122808834796 0.4079457611089188 0.02 0.0 -0.08475142306008099 0.5961107396510241 0.0
0.6098734181079629 0.6881339228503203 0.406082098342031 0.02 0.0 -0.09318313834438818 0.6098734181080359 0.0
0.6237977132854752 0.6962147588756129 0.40404180126463185 0.02 0.0 -0.10201485386995834 0.6237977132855534 0.0
0.6378827352109394 0.7042510962732118 0.40181686987994514 0.02 0.0 -0.11124656923433562 0.6378827352110052 0.0
0.6521275168580785 0.7122390823569524 0.3993993041870314 0.02 0.0 -0.12087828464568684 0.65212751685813 0.0
0.6665310109468922 0.7201747044406848 0.3967811041866165 0.02 0.0 -0.13091000002074527 0.6665310109469296 0.0
0.6810920867436572 0.7280537898382511 0.39395426987831605 0.02 0.0 -0.14134171541502205 0.6810920867436799 0.0
0.6958095268609269 0.735872005863486 0.3909108012617457 0.02 0.0 -0.1521734308285172 0.6958095268609348 0.0
0.7106820240578079 0.7436248598440498 0.38764269902819004 0.02 0.0 -0.1634051116777835 0.710682024057801 0.0
0.7257081782769391 0.7513077109565613 0.3841425556255773 0.02 0.0 -0.1750071701306366 0.7257081782769171 0.0
0.7408864960706382 0.7589158896849524 0.38040893641955176 0.02 0.0 -0.18668096030127757 0.7408864960706012 0.0
0.7562153931780377 0.7664448553699743 0.37644828425109633 0.02 0.0 -0.19803260842277126 0.7562153931779853 0.0
0.7716931977188556 0.7738902270408965 0.37226858354610926 0.02 0.0 -0.20898503524935386 0.7716931977187877 0.0
0.7873181533933943 0.7812477837269349 0.3678778343019218 0.02 0.0 -0.21953746220937376 0.7873181533933107 0.0
0.8030884226825409 0.78851346445733 0.36328403651975094 0.02 0.0 -0.22968988910854193 0.8030884226824417 0.0
0.8190020900477678 0.7956833682613462 0.3584951902008138 0.02 0.0 -0.2394423159468584 0.8190020900476526 0.0
0.8350571651311317 0.802753754168195 0.35351929534244153 0.02 0.0 -0.24879474291861214 0.8350571651310004 0.0
0.8512515859552742 0.8097210412071232 0.34836435194640636 0.02 0.0 -0.2577471698017586 0.8512515859551266 0.0
0.867583222123422 0.8165818084073906 0.3430383600133702 0.02 0.0 -0.2662995966518089 0.8675832221232582 0.0
0.8840498780193863 0.823332794798215 0.33754931954121936 0.02 0.0 -0.27445202360754095 0.8840498780192061 0.0
0.900649296007563 0.8299708994088384 0.33190523053117094 0.02 0.0 -0.28220445050242127 0.9006492960073663 0.0
0.9173791596329334 0.8364931812685161 0.3261140929838868 0.02 0.0 -0.28955687736420543 0.9173791596327198 0.0
0.9342370968210628 0.8428968594064723 0.3201839068978085 0.02 0.0 -0.29650930430391575 0.9342370968208323 0.0
0.9512206830781017 0.8491793128519443 0.3141226722735979 0.02 0.0 -0.3030617312105299 0.9512206830778542 0.0
0.9683274446907854 0.8553380806341826 0.30793838911191695 0.02 0.0 -0.30921415808404795 0.9683274446905209 0.0
0.9855548619264339 0.8613708617824289 0.30163905741231734 0.02 0.0 -0.314966584979981 0.9855548619261522 0.0
1.002900372232952 0.8672755153258993 0.2952326771735181 0.02 0.0 -0.3203190119399624 1.0029003722326526 0.0
1.02036137343883 0.8730500602939006 0.2887272484000669 0.02 0.0 -0.3252714386725586 1.0203613734385133 0.0
1.0379352269531417 0.8786926757155866 0.28213077108429907 0.02 0.0 -0.3298238657883923 1.0379352269528075 0.0
1.0556192609655466 0.8842017006202463 0.2754512452329827 0.02 0.0 -0.3339762925658185 1.0556192609651947 0.0
1.073410773646289 0.8895756340371208 0.2686966708437266 0.02 0.0 -0.33772871946280425 1.0734107736459193 0.0
1.0913070363461972 0.8948131349954092 0.2618750479144172 0.02 0.0 -0.3410811464654717 1.0913070363458095 0.0
1.1093052967966852 0.8999130225244012 0.2549943764496021 0.02 0.0 -0.344033573240754 1.1093052967962795 0.0
1.1274027823097517 0.9048742756533223 0.24806265644605752 0.02 0.0 -0.3465860001772292 1.127402782309328 0.0
1.1455967029779794 0.909696033411389 0.24108788790333513 0.02 0.0 -0.34873842713611936 1.1455967029775376 0.0
1.1638842548745367 0.9143775948278643 0.2340780708237622 0.02 0.0 -0.35049085397864665 1.1638842548740767 0.0
1.1822626232531765 0.918918418931991 0.2270412052063353 0.02 0.0 -0.35184328087134453 1.182262623252698 0.0
1.2007289857482364 0.923318124752992 0.21998529105005105 0.02 0.0 -0.352795707814213 1.2007289857477395 0.0
1.2192805155746382 0.9275764913200923 0.21291832835501623 0.02 0.0 -0.35334813475174087 1.2192805155741226 0.0
1.2379143847278902 0.9316934576625968 0.20584831712522345 0.02 0.0 -0.35350056148963915 1.2379143847273562 0.0
1.2566277671840844 0.9356691228097125 0.1987832573557835 0.02 0.0 -0.35325298847199704 1.2566277671835315 0.0
1.2754178420998967 0.9395037457906152 0.19173114904513788 0.02 0.0 -0.3526054155322811 1.275417842099325 0.0
1.2942817970125897 0.9431977456346496 0.18469999220172006 0.02 0.0 -0.3515578421708909 1.294281797011999 0.0
1.3132168310400092 0.9467517013709736 0.17769778681619997 0.02 0.0 -0.35011026927600497 1.3132168310393997 0.0
1.332220158080587 0.9501663520288917 0.17073253289590085 0.02 0.0 -0.34826269601495596 1.3322201580799586 0.0
1.3512890100133383 0.9534425966375659 0.16381223043371307 0.02 0.0 -0.34601512310938887 1.3512890100126909 0.0
1.370420639897865 0.9565814942263273 0.15694487943807012 0.02 0.0 -0.34336754978214756 1.3704206398971983 0.0
1.3896123251743522 0.9595842638243646 0.15013847990186235 0.02 0.0 -0.34031997681038817 1.3896123251736663 0.0
1.4088613708635702 0.9624522844609018 0.14340103182686192 0.02 0.0 -0.3368724037500215 1.408861370862865 0.0
1.4281651127668742 0.9651870951651986 0.13674053521484097 0.02 0.0 -0.3330248306010475 1.4281651127661499 0.0
1.4475209206662047 0.9677903949665279 0.13016499006646143 0.02 0.0 -0.32877725741897734 1.4475209206654611 0.0
1.466926201524086 0.9702640428940645 0.12368239637683409 0.02 0.0 -0.3241296844813668 1.4669262015233229 0.0
1.4863784026836282 0.972610057977108 0.117300754152172 0.02 0.0 -0.31908211123310437 1.4863784026828455 0.0
1.5058750150685258 0.9748306192448819 0.1110280633886962 0.02 0.0 -0.3136345381737904 1.5058750150677236 0.0
1.5254135763830579 0.9769280657266011 0.10487232408595837 0.02 0.0 -0.3077869651368914 1.525413576382236 0.0
1.5449916743120877 0.9789048964514935 0.09884153624462044 0.02 0.0 -0.3015393920668963 1.5449916743112466 0.0
1.5646069497210655 0.9807637704488892 0.09294369986978523 0.02 0.0 -0.2948918187417604 1.5646069497202044 0.0
1.5842570998560237 0.9825075067479094 0.08718681495101244 0.02 0.0 -0.2878442459386399 1.584257099855143 0.0
1.6039398815435815 0.9841390843778886 0.08157888149895598 0.02 0.0 -0.28039667260282286 1.6039398815426815 0.0
1.6236531143909418 0.9856616423680187 0.07612789950650622 0.02 0.0 -0.27254909962248774 1.623653114390022 0.0
1.6433946839858928 0.9870784797475496 0.07084186897654554 0.02 0.0 -0.2643015264980342 1.6433946839849534 0.0
1.6631625450968064 0.9883930555456777 0.06572878990640518 0.02 0.0 -0.2556539535070179 1.6631625450958467 0.0
1.6829547248726422 0.9896089887917903 0.06079666230562886 0.02 0.0 -0.2466063800388163 1.6829547248716632 0.0
1.7027693260429404 0.9907300585149104 0.056053486156004695 0.02 0.0 -0.2371588074812081 1.7027693260419414 0.0
1.722604530117829 0.9917602037444295 0.05150726147595819 0.02 0.0 -0.22731123400232534 1.72260453011681 0.0
1.742458600588021 0.9927035235095971 0.0471659882583797 0.02 0.0 -0.21706366087892448 1.7424586005869822 0.0
1.7623298861248118 0.9935642768395425 0.04303766649726981 0.02 0.0 -0.20641608805549438 1.7623298861237533 0.0
1.7822168237800848 0.9943468827636526 0.0391302962055029 0.02 0.0 -0.19536851458834548 1.7822168237790061 0.0
1.8021179421567308 0.9950559188322994 0.035451803432340334 0.02 0.0 -0.18392463865812836 1.8021179421556321 0.0
1.8220318634745571 0.9956960658913161 0.03200735295083579 0.02 0.0 -0.1722225240752273 1.822031863473439 0.0
1.841957302155551 0.9962719340496973 0.028793407919058822 0.02 0.0 -0.1606972515888483 1.841957302154413 0.0
1.8618930617142557 0.9967879779352318 0.025802194276725032 0.02 0.0 -0.1495606821166895 1.8618930617130975 0.0
1.8818380315577645 0.9972484921754399 0.02302571201040493 0.02 0.0 -0.13882411331600508 1.8818380315565864 0.0
1.9017911837857269 0.9976576113981173 0.020455961133869494 0.02 0.0 -0.12848754382677186 1.9017911837845287 0.0
1.9217515699903438 0.9980193102308466 0.01808494163646479 0.02 0.0 -0.11855097487023514 1.9217515699891254 0.0
1.9417183180563722 0.9983374033014192 0.01590465352863113 0.02 0.0 -0.10901440539168306 1.941718318055134 0.0
1.9616906289611205 0.9986155452374135 0.01390709679971458 0.02 0.0 -0.09987783644582748 1.9616906289598626 0.0
1.9816677735744523 0.9988572306665944 0.012084271459045226 0.02 0.0 -0.0911412670334677 1.9816677735731745 0.0
2.0016490894587835 0.9990657942165582 0.010428177498189584 0.02 0.0 -0.08280469804278212 2.0016490894574854 0.0
2.021633977669085 0.9992444105150655 0.008930814925367514 0.02 0.0 -0.07486812864110348 2.0216339776677668 0.0
2.0416218995528785 0.9993960941896862 0.00758418373103531 0.02 0.0 -0.0673315597166102 2.0416218995515405 0.0
2.0616123735502443 0.9995236998682877 0.006380283930074171 0.02 0.0 -0.06019499004805695 2.0616123735488863 0.0
2.0816049719938112 0.9996299221783467 0.0053111155029483825 0.02 0.0 -0.05345842135628942 2.081604971992433 0.0
2.1015993179087644 0.9997172957476597 0.004368678465649367 0.02 0.0 -0.04712185186495077 2.1015993179073664 0.0
2.121595081812842 0.9997881952038767 0.0035449728108538636 0.02 0.0 -0.041185282739775175 2.121595081811424 0.0
2.1415919785163355 0.9998448351746791 0.002831998540120395 0.02 0.0 -0.035648713536673426 2.1415919785148976 0.0
2.1615897639220902 0.9998892702877349 0.0022217556527870386 0.02 0.0 -0.030512144366667826 2.1615897639206323 0.0
2.181588231825506 0.9999233951707875 0.0017062441526327632 0.02 0.0 -0.02577557500771377 2.181588231824028 0.0
2.201587210714533 0.9999489444513454 0.0012774640278934157 0.02 0.0 -0.021439006236967373 2.201587210713035 0.0
2.22158656056968 0.9999674927573476 9.274153001115337E-4 0.02 0.0 -0.0175024363890941 2.221586560568162 0.0
2.2415861696640045 0.9999804547162316 6.480979442002877E-4 0.02 0.0 -0.013965867795562303 2.2415861696624666 0.0
2.261585951363122 0.9999890849558657 4.3151198170221505E-4 0.02 0.0 -0.01082929812490363 2.261585951361564 0.0
2.2815858409251977 0.9999944781037939 2.696573964122706E-4 0.02 0.0 -0.008092729264497223 2.28158584092362 0.0
2.301585792300953 0.9999975687877694 1.5453419877076158E-4 0.02 0.0 -0.005756159882075451 2.3015857922993552 0.0
2.321585774933663 0.9999991316354873 7.814238589531897E-5 0.02 0.0 -0.0038195906437721305 2.321585774932045 0.0
2.341585770559152 0.9999997812744521 3.24819482422356E-5 0.02 0.0 -0.002283021882654168 2.341585770557514 0.0
2.3615857700058056 0.999999972332688 9.55291179494111E-6 0.02 0.0 -0.0011464518223647246 2.361585770004148 0.0
2.3815857699945577 0.9999999994376063 1.3552459154908547E-6 0.02 0.0 -4.098832939725128E-4 2.38158576999288 0.0
2.401585769994558 1.000000000000023 2.812083899073059E-8 0.02 0.0 -6.63562538250062E-5 2.4015857699928604 0.0
2.4215857699945578 0.9999999999999787 -2.220446049250313E-12 0.02 0.0 -1.406152971838992E-6 2.4215857699928396 0.0
2.4415857699945582 1.000000000000023 2.220446049250313E-12 0.02 0.0 2.220446049250313E-10 2.44158576999282 0.0
2.461585769994558 0.9999999999999787 -2.220446049250313E-12 0.02 0.0 -2.220446049250313E-10 2.4615857699927997 0.0
2.4815857699945583 1.000000000000023 2.220446049250313E-12 0.02 0.0 2.220446049250313E-10 2.48158576999278 0.0
2.501585769994558 0.9999999999999787 -2.220446049250313E-12 0.02 0.0 -2.220446049250313E-10 2.5015857699927686 0.0
2.5215857699945583 1.000000000000023 2.220446049250313E-12 0.02 0.0 2.220446049250313E-10 2.52158576999286 0.0
2.5415857699945574 0.9999999999999565 -3.3306690738754696E-12 0.02 0.0 -2.7755575615628914E-10 2.5415857699929507 0.0
2.561585769994558 1.000000000000023 3.3306690738754696E-12 0.02 0.0 3.3306690738754696E-10 2.5615857699930418 0.0
2.5815857699945575 0.9999999999999787 -2.220446049250313E-12 0.02 0.0 -2.7755575615628914E-10 2.581585769993133 0.0
2.6015857699945584 1.0000000000000453 3.3306690738754696E-12 0.02 0.0 2.7755575615628914E-10 2.6015857699932243 0.0
2.621585769994558 0.9999999999999787 -3.3306690738754696E-12 0.02 0.0 -3.3306690738754696E-10 2.621585769993315 0.0
2.6415857699678917 0.9999999986666896 -6.666445173664215E-8 0.02 0.0 -3.3330560533784137E-6 2.64158576996674 0.0
2.6615857691412246 0.9999999586666419 -2.0000023859267912E-6 0.02 0.0 -9.666689670950745E-5 2.661585769140164 0.0
2.6815857635145584 0.9999997186666887 -1.1999997662215378E-5 0.02 0.0 -4.999997638144293E-4 2.6815857635135885 0.0
2.7015857426878913 0.999998958666648 -3.800000203391107E-5 0.02 0.0 -0.0013000002185847848 2.701585742687013 0.0
2.721585686661225 0.99999719866668 -8.799999839936845E-5 0.02 0.0 -0.002499999818272869 2.721585686660437 0.0
2.7415855626345578 0.999993798666643 -1.700000018534098E-4 0.02 0.0 -0.004100000172702067 2.741585562633861 0.0
2.7615853218078907 0.9999879586666482 -2.919999997352818E-4 0.02 0.0 -0.0060999998940935996 2.761585321807285 0.0
2.7815848961812244 0.9999787186666831 -4.619999982580225E-4 0.02 0.0 -0.008499999926137036 2.7815848961807097 0.0
2.801584195354557 0.9999649586666326 -6.88000002524447E-4 0.02 0.0 -0.011300000213321226 2.801584195354134 0.0
2.8215831033278906 0.9999453986666795 -9.77999997653356E-4 0.02 0.0 -0.014499999756445447 2.821583103327558 0.0
2.8415814753012234 0.9999185986666381 -0.0013400000020702407 0.02 0.0 -0.018100000220844237 2.8415814753009823 0.0
2.861579134474557 0.9998829586666869 -0.0017819999975632328 0.02 0.0 -0.022099999774649604 2.8615791344744066 0.0
2.881575868847889 0.9998367186665913 -0.0023120000047782696 0.02 0.0 -0.02650000036075184 2.8815758688478295 0.0
2.901571428021222 0.9997779586666589 -0.0029379999966216985 0.02 0.0 -0.031299999592171446 2.9015714280212537 0.0
2.9215655199945547 0.9997045986666286 -0.003668000001511018 0.02 0.0 -0.03650000024446598 2.921565519994677 0.0
2.9415578079678872 0.9996143986666262 -0.004510000000124137 0.02 0.0 -0.04209999993065594 2.9415578079681004 0.0
2.961547907141219 0.9995049586665861 -0.005472000002004762 0.02 0.0 -0.04810000009403126 2.961547907141523 0.0
2.981535381514552 0.9993737186666518 -0.006561999996712586 0.02 0.0 -0.054499999735391214 2.981535381514947 0.0
3.001519740687883 0.9992179586665539 -0.007788000004893547 0.02 0.0 -0.06130000040904804 3.0015197406883694 0.0
3.021500436661215 0.9990347986665871 -0.009157999998343769 0.02 0.0 -0.06849999967251108 3.021500436661792 0.0
3.0414768606345457 0.9988211986665441 -0.01068000000215008 0.02 0.0 -0.0761000001903156 3.041476860635213 0.0
3.061448339807877 0.9985739586665598 -0.012361999999210838 0.02 0.0 -0.08409999985303784 3.061448339808636 0.0
3.0814141341812067 0.9982897186664896 -0.014212000003510639 0.02 0.0 -0.09250000021499005 3.0814141341820567 0.0
3.1013734333545373 0.9979649586665307 -0.01623799999794784 0.02 0.0 -0.10129999972185999 3.1013734333554783 0.0
3.1213253533278666 0.9975959986664673 -0.018448000003168374 0.02 0.0 -0.1105000002610268 3.1213253533288983 0.0
3.141268933301196 0.9971789986664703 -0.020849999999850155 0.02 0.0 -0.12009999983408903 3.1412689333023187 0.0
3.161203132474524 0.9967099586663863 -0.023452000004198226 0.02 0.0 -0.13010000021740353 3.1612031324757366 0.0
3.1811268268478528 0.9961847186664485 -0.026261999996890495 0.02 0.0 -0.14049999963461346 3.181126826849156 0.0
3.2010388060211796 0.9955989586663438 -0.029288000005234238 0.02 0.0 -0.15130000041718716 3.2010388060225736 0.0
3.220937769994583 0.9949481986701647 -0.032537999808957 0.02 0.0 -0.16249999018613792 3.220937769996068 0.0
3.2408223261439133 0.994227807466519 -0.03601956018228769 0.02 0.0 -0.17407801866653472 3.240822326145489 0.0
3.2606909883545057 0.9934331105296179 -0.03973484684505202 0.02 0.0 -0.1857643331382164 3.2606909883561714 0.0
3.2805421794496255 0.9925595547559896 -0.043677788681417695 0.02 0.0 -0.19714709181828383 3.2805421794513814 0.0
3.3003742343793983 0.9916027464886401 -0.04784041336747258 0.02 0.0 -0.20813123430274416 3.3003742343812448 0.0
3.320185403420813 0.9905584520707444 -0.052214720894783184 0.02 0.0 -0.2187153763655303 3.32018540342275 0.0
3.3399738553777194 0.9894225978453131 -0.056792711271569374 0.02 0.0 -0.22889951883930948 3.339973855379746 0.0
3.359737680780829 0.9881912701554807 -0.06156638449161811 0.02 0.0 -0.23868366100243676 3.3597376807829455 0.0
3.3794748950877143 0.9868607153442621 -0.0665277405609288 0.02 0.0 -0.2480678034655348 3.37947489508992 0.0
3.399183441882811 0.9854273397548408 -0.07166877947106798 0.02 0.0 -0.25705194550695865 3.399183441885107 0.0
3.4188611960774145 0.983887709730169 -0.07698150123358616 0.02 0.0 -0.265636088125909 3.4188611960798005 0.0
3.438505967109684 0.9822385516134791 -0.08245790583449875 0.02 0.0 -0.2738202300456294 3.4385059671121594 0.0
3.4581155021446373 0.9804767517476609 -0.08808999329090739 0.02 0.0 -0.28160437282043205 3.4581155021472014 0.0
3.4776874892741567 0.9785993564759732 -0.09386976358438659 0.02 0.0 -0.28898851467396014 3.47768748927681 0.0
3.4972195607169843 0.9766035721413768 -0.09978921672981755 0.02 0.0 -0.2959726572715482 3.4972195607197265 0.0
3.5167092960187256 0.9744867650870681 -0.10584035271543613 0.02 0.0 -0.3025567992809286 3.5167092960215567 0.0
3.5361542252518436 0.9722464616559012 -0.11201517155834395 0.02 0.0 -0.3087409421453913 3.536154225254763 0.0
3.555551832215669 0.9698803481912766 -0.11830567323123375 0.02 0.0 -0.31452508364449017 3.555551832218677 0.0
3.574899557636389 0.967386271035986 -0.12470385776452986 0.02 0.0 -0.31990922666480515 3.574899557639484 0.0
3.5941948023670562 0.9647622365333675 -0.13120172513092498 0.02 0.0 -0.32489336831975635 3.5941948023702395 0.0
3.61343493058758 0.962006411026195 -0.137791275358623 0.02 0.0 -0.32947751138490133 3.6134349305908513 0.0
3.632617273004737 0.9591171208578331 -0.14446450841809622 0.02 0.0 -0.33366165297366024 3.632617273008095 0.0
3.651739130052161 0.9560928523712153 -0.15121342433088714 0.02 0.0 -0.337445795639546 3.651739130055607 0.0
3.6707977750903504 0.9529322519094663 -0.15803002308745207 0.02 0.0 -0.34082993782824644 3.6707977750938827 0.0
3.6897904576066622 0.9496341258155905 -0.16490630469379042 0.02 0.0 -0.3438140803169176 3.6897904576102802 0.0
3.7087144064153197 0.9461974404328721 -0.1718342691359176 0.02 0.0 -0.34639822210635884 3.7087144064190247 0.0
3.727566832857401 0.9426213221040758 -0.17880591643981703 0.02 0.0 -0.34858236519497154 3.7275668328611915 0.0
3.746344934000853 0.938905057172601 -0.18581324657374054 0.02 0.0 -0.35036650669617586 3.746344934004729 0.0
3.765045895840478 0.9350480919812387 -0.19284825956811247 0.02 0.0 -0.35175064971859626 3.765045895844439 0.0
3.7836668964979445 0.9310500328733262 -0.19990295539562553 0.02 0.0 -0.3527347913756529 3.78366689650199 0.0
3.8022051094217812 0.9269106461918364 -0.20696933407449158 0.02 0.0 -0.35331893394330294 3.8022051094259113 0.0
3.8206577065873764 0.9226298582797554 -0.21403939560404872 0.02 0.0 -0.35350307647785684 3.8206577065915908 0.0
3.8390218616969833 0.9182077554803492 -0.22110513997031234 0.02 0.0 -0.3532872183131808 3.8390218617012812 0.0
3.8572947533797133 0.9136445841364971 -0.22815856719260452 0.02 0.0 -0.3526713611146093 3.857294753384094 0.0
3.8754735683915427 0.9089407505914693 -0.23519167725138956 0.02 0.0 -0.3516555029392521 3.875473568396006 0.0
3.8935555048153057 0.9040968211881495 -0.24219647016598955 0.02 0.0 -0.35023964572999944 3.893555504819852 0.0
3.9115377752607032 0.8991135222698787 -0.2491649459135381 0.02 0.0 -0.34842378737742763 3.9115377752653306 0.0
3.929417610064292 0.893991740179434 -0.2560891045222391 0.02 0.0 -0.3462079304350496 3.929417610069001 0.0
3.9471922604894956 0.8887325212601827 -0.2629609459625648 0.02 0.0 -0.3435920720162855 3.9471922604942855 0.0
3.964859001926594 0.8833370718549283 -0.2697724702627191 0.02 0.0 -0.3405762150077152 3.9648590019314645 0.0
3.9824151370927345 0.8778067583070204 -0.27651567739539473 0.02 0.0 -0.3371603566337811 3.9824151370976852 0.0
3.9998579992319203 0.8721431069592889 -0.2831825673865751 0.02 0.0 -0.33334449955901846 3.9998579992369505 0.0
4.017184955315022 0.8663478041550876 -0.28976514021006317 0.02 0.0 -0.3291286411744032 4.017184955320131 0.0
4.034393409239765 0.8604226962371619 -0.29625539589628325 0.02 0.0 -0.32451278431100405 4.034393409244952 0.0
4.051480805030744 0.8543697895489366 -0.30264533441126673 0.02 0.0 -0.3194969257491742 4.051480805036008 0.0
4.068444630039407 0.848191250433139 -0.30892695578987883 0.02 0.0 -0.31408106893060506 4.068444630044748 0.0
4.085282418144072 0.8418894052332426 -0.31509225999482027 0.02 0.0 -0.30826521024707176 4.0852824181494904 0.0
4.101991752949912 0.8354667402920235 -0.32113324706095625 0.02 0.0 -0.30204935330679916 4.101991752955406 0.0
4.118570270988965 0.8289259019526263 -0.3270419169698613 0.02 0.0 -0.295433495445252 4.118570270994535 0.0
4.135015664920129 0.8222696965582088 -0.33281026972087346 0.02 0.0 -0.2884176375506087 4.135015664925773 0.0
4.151325686729166 0.8155010904518534 -0.33843030531777174 0.02 0.0 -0.2810017798449138 4.151325686734885 0.0
4.167498150928697 0.8086232099765667 -0.3438940237643351 0.02 0.0 -0.2731859223281674 4.16749815093449 0.0
4.183530937758205 0.8016393414753686 -0.3491934250599016 0.02 0.0 -0.26497006477832485 4.18353093776407 0.0
4.199421996384036 0.7945529312915589 -0.35432050919048663 0.02 0.0 -0.25635420652925234 4.199421996389974 0.0
4.215169348099396 0.7873675857680063 -0.35926727617763277 0.02 0.0 -0.2473383493573067 4.215169348105405 0.0
4.230771089524353 0.7800870712478591 -0.3640257260073554 0.02 0.0 -0.2379224914861311 4.230771089530434 0.0
4.246225395805839 0.7727153140742793 -0.3685878586789926 0.02 0.0 -0.22810663358185934 4.246225395811989 0.0
4.261530523817644 0.765256400590264 -0.3729456742007642 0.02 0.0 -0.21789077608858065 4.261530523823865 0.0
4.2766848153604204 0.7577145771388238 -0.3770911725720083 0.02 0.0 -0.2072749185622058 4.27668481536671 0.0
4.291686700361685 0.750094250063249 -0.3810163537787403 0.02 0.0 -0.196259060336601 4.291686700368043 0.0
4.306534700057277 0.7423999847795848 -0.38471326418321183 0.02 0.0 -0.18484552022357548 4.306534700063703 0.0
4.321227429249491 0.7346364596107158 -0.38817625844345116 0.02 0.0 -0.17314971301196636 4.321227429255983 0.0
4.335763595159394 0.7268082954951183 -0.3914082057798751 0.02 0.0 -0.16159736682119785 4.335763595165952 0.0
4.350141994354313 0.7189199597459783 -0.39441678745699704 0.02 0.0 -0.1504290838560962 4.350141994360937 0.0
4.364361509547856 0.7109757596771349 -0.39721000344217217 0.02 0.0 -0.13966079925875619 4.364361509554545 0.0
4.378421106399905 0.702979842602458 -0.39979585373384197 0.02 0.0 -0.12929251458349 4.378421106406657 0.0
4.39231983031662 0.6949361958357603 -0.4021823383348888 0.02 0.0 -0.11932423005234227 4.392319830323436 0.0
4.406056803250438 0.6868486466908852 -0.4043774572437542 0.02 0.0 -0.10975594544326839 4.406056803257316 0.0
4.419631220500071 0.6787208624816632 -0.4063892104611 0.02 0.0 -0.10058766086729065 4.419631220507012 0.0
4.433042347510511 0.6705563505220002 -0.4082255979831473 0.02 0.0 -0.09181937610236446 4.433042347517512 0.0
4.446289516673024 0.6623584581256114 -0.40989461981943975 0.02 0.0 -0.08345109181462362 4.4462895166800855 0.0
4.459372124125154 0.6541303726065095 -0.4114042759550962 0.02 0.0 -0.07548280678282282 4.459372124132274 0.0
4.47228962655072 0.6458751212782943 -0.4127625664107626 0.02 0.0 -0.06791452278331889 4.472289626557899 0.0
4.485041537979821 0.6375955714550852 -0.41397749116045546 0.02 0.0 -0.06074623748464347 4.485041537987059 0.0
4.497627426588831 0.6292944304504999 -0.41505705022926165 0.02 0.0 -0.053977953440309534 4.497627426596127 0.0
4.510046911500401 0.6209742455784983 -0.4160092436000795 0.02 0.0 -0.047609668540893324 4.510046911507753 0.0
4.522299659583458 0.6126374041528493 -0.41684207128245276 0.02 0.0 -0.04164138411866247 4.522299659590866 0.0
4.534385382253208 0.604286133487486 -0.41756353326816154 0.02 0.0 -0.03607309928543856 4.534385382260671 0.0
4.54630383227113 0.5959225008961067 -0.41818162956897 0.02 0.0 -0.030904815040422307 4.546303832278647 0.0
4.558054800544984 0.5875484136927067 -0.4187043601699969 0.02 0.0 -0.026136530051346085 4.558054800552554 0.0
4.569638112928805 0.5791656191910466 -0.41913972508300645 0.02 0.0 -0.021768245650477525 4.5696381129364285 0.0
4.581053627022904 0.5707757047049178 -0.4194957243064401 0.02 0.0 -0.01779996117168281 4.581053627030578 0.0
4.592301228973869 0.5623800975482762 -0.419780357832078 0.02 0.0 -0.014231676281895034 4.592301228981595 0.0
4.603380830274567 0.553980065034887 -0.42000162566946386 0.02 0.0 -0.011063391869292616 4.603380830282344 0.0
4.614292364564139 0.5455767144785906 -0.4201675278148187 0.02 0.0 -0.008295107267741741 4.6142923645719645 0.0
4.625035784428003 0.5371709931932145 -0.42028606426880444 0.02 0.0 -0.0059268226992870154 4.6250357844358785 0.0
4.635611058197857 0.528763688492706 -0.42036523502542167 0.02 0.0 -0.0039585378308615304 4.635611058205781 0.0
4.646018166751673 0.5203554276907774 -0.42041304009643454 0.02 0.0 -0.002390253550643706 4.646018166759643 0.0
4.656257100313698 0.5119466781012605 -0.42043747947584365 0.02 0.0 -0.0012219689704551229 4.656257100321715 0.0
4.666327855254461 0.5035377470381519 -0.4204465531554291 0.02 0.0 -4.5368397927347814E-4 4.666327855262524 0.0
4.67623043096887 0.4951287857204445 -0.4204480658853704 0.02 0.0 -7.563649706554543E-5 4.676230430976977 0.0
4.685964828358557 0.4867198694843644 -0.4204458118040044 0.02 0.0 1.1270406830021784E-4 4.68596482836671 0.0
4.695531051814168 0.47831117278054336 -0.4204348351910525 0.02 0.0 5.488306475953664E-4 4.695531051822364 0.0
4.704929112380067 0.469903028294949 -0.42040722427971744 0.02 0.0 0.0013805455667537103 4.704929112388305 0.0
4.714159030954345 0.46149592871391754 -0.4203549790515737 0.02 0.0 0.0026122614071866224 4.714159030962626 0.0
4.723220841488815 0.4530905267234875 -0.4202700995215025 0.02 0.0 0.004243976503559566 4.723220841497136 0.0
4.732114594189015 0.4446876350099771 -0.42014458567551927 0.02 0.0 0.006275692299162472 4.732114594197377 0.0
4.7408403587142 0.43628822625927377 -0.4199704375351665 0.02 0.0 0.008707407017638502 4.740840358722601 0.0
4.749398227377357 0.42789343315785544 -0.4197396550709165 0.02 0.0 0.011539123212500613 4.7493982273857975 0.0
4.75778831834519 0.419504548391636 -0.4194442383109731 0.02 0.0 0.01477083799716894 4.7577883183536684 0.0
4.766010778838129 0.41112302464694217 -0.4190761872346904 0.02 0.0 0.018402553814134137 4.7660107788466455 0.0
4.774065788330325 0.4027504746098032 -0.41862750185694964 0.02 0.0 0.022434268887039366 4.774065788338878 0.0
4.7819535617496545 0.39438867096648345 -0.4180901821659866 0.02 0.0 0.026865984548152255 4.781953561758244 0.0
4.789674352677715 0.3860395464030386 -0.4174562281722416 0.02 0.0 0.03169769968724978 4.7896743526863395 0.0
4.79722845654983 0.3777051936057596 -0.4167176398639505 0.02 0.0 0.03692941541455497 4.797228456558489 0.0
4.804616213855044 0.3693878652606841 -0.41586641725377405 0.02 0.0 0.04256113050882249 4.804616213863736 0.0
4.811838013336125 0.36108997405404075 -0.41489456033216854 0.02 0.0 0.048592846080275365 4.8118380133448495 0.0
4.818894295189564 0.3528140926719381 -0.4137940691051334 0.02 0.0 0.055024561351757484 4.81889429519832 0.0
4.825785554265576 0.3445629538006312 -0.41255694356534534 0.02 0.0 0.06185627698940266 4.825785554274365 0.0
4.8325123432681 0.3363394501261663 -0.4111751837232447 0.02 0.0 0.06908799210503247 4.832512343276918 0.0
4.839075275954795 0.32814663433478053 -0.40964078956928773 0.02 0.0 0.07671970769784764 4.839075275963644 0.0
4.845475030337048 0.31998771911263546 -0.40794576110725345 0.02 0.0 0.08475142310171435 4.845475030345926 0.0
4.851712351879963 0.31186607714577264 -0.40608209834314124 0.02 0.0 0.0931831382056103 4.85171235188887 0.0
4.857788056702374 0.3037852411205133 -0.4040418012629665 0.02 0.0 0.10201485400873622 4.857788056711307 0.0
4.863703034776833 0.2957489037229699 -0.4018168698771696 0.02 0.0 0.11124656928984678 4.863703034785794 0.0
4.8694582531296176 0.28776091763922373 -0.39939930418730896 0.02 0.0 0.12087828449303117 4.869458253138605 0.0
4.8750547590407285 0.2798252955555469 -0.39678110418384094 0.02 0.0 0.13091000017340093 4.875054759049741 0.0
4.880493683243888 0.2719462101579584 -0.3939542698794263 0.02 0.0 0.14134171522073302 4.880493683252925 0.0
4.885776243126544 0.2641279941328012 -0.39091080125785993 0.02 0.0 0.15217343107831738 4.885776243135606 0.0
4.890903745929589 0.25637514015226515 -0.38764269902680226 0.02 0.0 0.1634051115528834 4.890903745938674 0.0
4.895877591710384 0.2486922890397647 -0.3841425556250222 0.02 0.0 0.17500717008900324 4.895877591719492 0.0
4.900699273916612 0.24108411031140697 -0.3804089364178864 0.02 0.0 0.18668096035678872 4.900699273925742 0.0
4.905370376809142 0.23355514462646276 -0.37644828424721055 0.02 0.0 0.19803260853379356 4.905370376818292 0.0
4.9098925722682525 0.22610977295554058 -0.37226858354610926 0.02 0.0 0.20898503505506483 4.909892572277423 0.0
4.914267616593643 0.21875221626954655 -0.36787783429970133 0.02 0.0 0.21953746232039606 4.914267616602834 0.0
4.918497347304428 0.21148653553924035 -0.36328403651531005 0.02 0.0 0.22968988921956424 4.918497347313639 0.0
4.922583679939133 0.20431663173523518 -0.35849519020025866 0.02 0.0 0.23944231575256936 4.922583679948362 0.0
4.926528604855702 0.19724624582844186 -0.353519295339666 0.02 0.0 0.24879474302963445 4.926528604864949 0.0
4.930334184031493 0.19027895878958034 -0.3483643519430757 0.02 0.0 0.2577471698295142 4.930334184040758 0.0
4.93400254786328 0.18341819158931294 -0.3430383600133702 0.02 0.0 0.26629959648527546 4.934002547872561 0.0
4.937535891967252 0.17666720519859958 -0.33754931953566825 0.02 0.0 0.2744520238850967 4.937535891976549 0.0
4.940936473979011 0.17002910058798726 -0.3319052305306158 0.02 0.0 0.2822044502526211 4.940936473988324 0.0
4.94420661035358 0.16350681872840944 -0.3261140929788908 0.02 0.0 0.28955687758625004 4.944206610362907 0.0
4.947348673165389 0.15710314059047548 -0.3201839068966983 0.02 0.0 0.2965093041096267 4.947348673174731 0.0
4.950365086908291 0.15082068714509234 -0.314122672269157 0.02 0.0 0.3030617313770634 4.950365086917646 0.0
4.953258325295549 0.1446619193628873 -0.3079383891102516 0.02 0.0 0.3092141579452701 4.953258325304917 0.0
4.956030908059843 0.13862913821469647 -0.3016390574095418 0.02 0.0 0.31496658503549213 4.9560309080692235 0.0
4.9586853977532686 0.13272448467129827 -0.29523267716990986 0.02 0.0 0.32031901198159574 4.958685397762662 0.0
4.961224396547336 0.1269499397033691 -0.2887272483964587 0.02 0.0 0.3252714386725586 4.961224396556741 0.0
4.963650543032971 0.12130732428174973 -0.2821307710809684 0.02 0.0 0.3298238657745145 4.9636505430423865 0.0
4.965966509020514 0.11579829937713448 -0.27545124523076225 0.02 0.0 0.33397629251030736 4.96596650902994 0.0
4.96817499633972 0.11042436596033767 -0.26869667083984083 0.02 0.0 0.337728719546071 4.968174996349156 0.0
4.970278733639763 0.10518686500211594 -0.2618750479110865 0.02 0.0 0.34108114643771614 4.9702787336492085 0.0
4.972280473189227 0.10008697747321271 -0.2549943764451612 0.02 0.0 0.34403357329626516 4.972280473198682 0.0
4.974182987676113 0.09512572434431377 -0.2480626564449473 0.02 0.0 0.3465860000106957 4.974182987685577 0.0
4.97598906700784 0.09030396658635809 -0.24108788789778401 0.02 0.0 0.34873842735816396 4.975989067017313 0.0
4.977701515111239 0.08562240516991615 -0.23407807082209686 0.02 0.0 0.3504908537843576 4.977701515120719 0.0
4.979323146732556 0.08108158106585606 -0.22704120520300464 0.02 0.0 0.35184328095461126 4.979323146742043 0.0
4.980856784237455 0.07668187524494385 -0.21998529104561015 0.02 0.0 0.35279570786972414 4.980856784246948 0.0
4.9823052544110125 0.07242350867788794 -0.21291832835279578 0.02 0.0 0.35334813464071857 4.982305254420513 0.0
4.983671385257722 0.06830654233547229 -0.20584831712078255 0.02 0.0 0.35350056160066146 4.983671385267229 0.0
4.98495800280149 0.06433087718842323 -0.19878325735245284 0.02 0.0 0.3532529884164859 4.984958002811004 0.0
4.986167927885642 0.060496254207587086 -0.19173114904180721 0.02 0.0 0.3526054155322811 4.986167927895161 0.0
4.9873039729729145 0.0568022543636193 -0.1846999921983894 0.02 0.0 0.3515578421708909 4.987303972982438 0.0
4.988368938945461 0.05324829862733971 -0.17769778681397952 0.02 0.0 0.3501102692204938 4.98836893895499 0.0
4.9893656119048515 0.04983364796951051 -0.17073253289145995 0.02 0.0 0.34826269612597827 4.989365611914384 0.0
4.990296759972069 0.046557403360880656 -0.16381223043149262 0.02 0.0 0.34601512299836656 4.990296759981606 0.0
4.991165130087514 0.043418505772230276 -0.156944879432519 0.02 0.0 0.343367549948681 4.991165130097055 0.0
4.9919734448109985 0.04041573617423744 -0.1501384798996419 0.02 0.0 0.3403199766438547 4.991973444820543 0.0
4.992724399121753 0.03754771553774461 -0.14340103182464148 0.02 0.0 0.3368724037500215 4.992724399131302 0.0
4.993420657218424 0.034812904833536606 -0.13674053521040008 0.02 0.0 0.3330248307120698 4.993420657227976 0.0
4.994064849319069 0.03220960503225179 -0.13016499006424098 0.02 0.0 0.32877725730795504 4.994064849328624 0.0
4.994659568461164 0.02973595710473731 -0.12368239637572387 0.02 0.0 0.32412968442585566 4.994659568470722 0.0
4.9952073673016 0.027389942021827096 -0.11730075414551067 0.02 0.0 0.3190821115106601 4.99520736731116 0.0
4.995710754916682 0.025169380754075377 -0.11102806338758597 0.02 0.0 0.31363453789623463 4.995710754926243 0.0
4.99617219360213 0.023071934272422823 -0.1048723240826277 0.02 0.0 0.3077869652479137 4.996172193611694 0.0
4.996594095673082 0.021095103547574823 -0.0988415362424 0.02 0.0 0.30153939201138513 4.996594095682648 0.0
4.996978820264087 0.019236229550267936 -0.09294369986534434 0.02 0.0 0.2948918188527827 4.996978820273655 0.0
4.997328670129113 0.01749249325126989 -0.08718681494990221 0.02 0.0 0.28784424577210643 4.997328670138682 0.0
4.99764588844154 0.01586091562137959 -0.08157888149451509 0.02 0.0 0.2803966727693563 4.997645888451111 0.0
4.997932655594166 0.014338357631293874 -0.07612789950428578 0.02 0.0 0.27254909951146544 4.997932655603738 0.0
4.998191085999202 0.012921520251785168 -0.07084186897543532 0.02 0.0 0.264301526442523 4.998191086008775 0.0
4.998423224888276 0.011606944453701473 -0.06572878990418474 0.02 0.0 0.25565395356252907 4.99842322489785 0.0
4.99863104511243 0.010391011207699918 -0.06079666230007774 0.02 0.0 0.24660638020534975 4.998631045122005 0.0
4.998816443942121 0.00926994148455762 -0.05605348615711492 0.02 0.0 0.2371588071481412 4.998816443951697 0.0
4.998981239867222 0.008239796255038456 -0.05150726147595819 0.02 0.0 0.2273112340578365 4.998981239876798 0.0
4.999127169397021 0.007296476489981885 -0.04716598825282858 0.02 0.0 0.21706366115648024 4.999127169406599 0.0
4.999255883860222 0.006435723160036488 -0.04303766649726981 0.02 0.0 0.20641608777793863 4.9992558838698 0.0
4.999368946204943 0.005653117236059657 -0.03913029619884156 0.02 0.0 0.19536851492141238 4.999368946214522 0.0
4.99946782782829 0.00494408116731293 -0.03545180343733634 0.02 0.0 0.18392463807526127 4.999467827837869 0.0
4.999553906510458 0.004303934108440544 -0.03200735294361934 0.02 0.0 0.17222252468584998 4.999553906520038 0.0
4.999628467829458 0.0037280659499927538 -0.02879340792238949 0.02 0.0 0.16069725106149235 4.999628467839038 0.0
4.99969270827075 0.00321202206459148 -0.025802194270063694 0.02 0.0 0.14956068261628985 4.99969270828033 0.0
4.999747738427237 0.0027515078243389723 -0.023025712012625377 0.02 0.0 0.13882411287191587 4.999747738436817 0.0
4.999794586199271 0.0023423886017059914 -0.020455961131649048 0.02 0.0 0.12848754404881646 4.999794586208851 0.0
4.999834199994651 0.0019806897689989 -0.018084941635354568 0.02 0.0 0.11855097481472399 4.999834200004232 0.0
4.99986745192862 0.001662596698448482 -0.015904653527520907 0.02 0.0 0.10901440539168306 4.999867451938201 0.0
4.999895141023869 0.0013844547624319858 -0.013907096800824803 0.02 0.0 0.09987783633480518 4.999895141033449 0.0
4.9999179964105345 0.0011427693332954902 -0.01208427145682478 0.02 0.0 0.09114126720000115 4.999917996420116 0.0
4.9999366805262015 9.34205783353903E-4 -0.01042817749707936 0.02 0.0 0.08280469798727097 4.999936680535782 0.0
4.999951792315899 7.555894848909617E-4 -0.008930814923147068 0.02 0.0 0.07486812869661463 4.99995179232548 0.0
4.999963870432103 6.039058102036421E-4 -0.007584183734365979 0.02 0.0 0.06733155943905444 4.999963870441685 0.0
4.999973396434736 4.763001316465676E-4 -0.006380283927853725 0.02 0.0 0.06019499032561271 4.999973396444318 0.0
4.999980797991169 3.7007782163200886E-4 -0.0053111155007279365 0.02 0.0 0.05345842135628942 4.999980798000751 0.0
4.9999864520762145 2.827042522746126E-4 -0.004368678467869813 0.02 0.0 0.047121851642906165 4.999986452085795 0.0
4.9999906881721365 2.1180479610194425E-4 -0.0035449728086334176 0.02 0.0 0.04118528296181978 4.999990688181718 0.0
4.9999937914686425 1.5516482529953635E-4 -0.002831998540120395 0.02 0.0 0.035648713425651124 4.999993791478224 0.0
4.999996006062887 1.1072971224379557E-4 -0.0022217556527870386 0.02 0.0 0.030512144366667826 4.999996006072468 0.0
4.999997538159472 7.660482923554923E-5 -0.0017062441504123171 0.02 0.0 0.02577557511873607 4.999997538169053 0.0
4.999998559270445 5.1055548633271997E-5 -0.0012774640301138618 0.02 0.0 0.021439006014922768 4.9999985592800265 0.0
4.999999209415297 3.250724263104132E-5 -9.274153001115337E-4 0.02 0.0 0.017502436500116403 4.999999209424878 0.0
4.999999600320972 1.954528374703557E-5 -6.480979442002877E-4 0.02 0.0 0.013965867795562303 4.999999600330554 0.0
4.999999818621855 1.0915044112991268E-5 -4.3151198170221505E-4 0.02 0.0 0.01082929812490363 4.999999818631436 0.0
4.999999929059779 5.521896229154777E-6 -2.6965739419182455E-4 0.02 0.0 0.008092729375519525 4.99999992906936 0.0
4.999999977684023 2.4312122093306243E-6 -1.5453420099120763E-4 0.02 0.0 0.005756159660030846 4.999999977693604 0.0
4.999999995051314 8.68364535833166E-7 -7.814238367487292E-5 0.02 0.0 0.0038195908658167355 4.999999995060895 0.0
4.999999999425825 2.1872552657953293E-7 -3.248195046268165E-5 0.02 0.0 0.0022830216606095632 4.999999999435406 0.0
4.999999999979171 2.7667335089631706E-8 -9.552909574495061E-6 0.02 0.0 0.0011464520444093296 4.999999999988752 0.0
4.999999999990418 5.623501664331343E-10 -1.3552492461599286E-6 0.02 0.0 4.098830164167566E-4 4.999999999999999 0.0
4.999999999990418 0.0 -2.8117508321656715E-8 0.02 0.0 6.63565868919136E-5 4.999999999999999 0.0
