2.666666666666667E-11 1.3333333333333335E-9 6.666666666666667E-8 0.02 0.0 3.3333333333333333E-6 2.6666666676791857E-11 -2.0194839173657902E-28
8.533333333333335E-10 4.133333333333334E-8 2.0000000000000003E-6 0.02 0.0 9.666666666666668E-5 8.533333333507052E-10 -6.462348535570529E-27
6.479999999999999E-9 2.8133333333333326E-7 1.1999999999999995E-5 0.02 0.0 4.999999999999998E-4 6.480000000035222E-9 0.0
2.730666666666667E-8 1.0413333333333335E-6 3.800000000000001E-5 0.02 2.0816681711721685E-17 0.0013000000000000008 2.7306666666832303E-8 2.0679515313825692E-25
8.333333333333335E-8 2.801333333333334E-6 8.800000000000002E-5 0.02 1.8735013540549517E-16 0.002500000000000001 8.333333333379543E-8 4.963083675318166E-24
2.0735999999999997E-7 6.20133333333333E-6 1.699999999999998E-4 0.02 1.1587952819525071E-15 0.004099999999999988 2.0736000000115498E-7 7.940933880509066E-23
4.4818666666666683E-7 1.2041333333333343E-5 2.9200000000000065E-4 0.02 5.412337245047638E-15 0.006100000000000042 4.4818666666916754E-7 8.07328277851755E-22
8.738133333333335E-7 2.1281333333333332E-5 4.6199999999999947E-4 0.02 2.0566881531181025E-14 0.008499999999999942 8.738133333381873E-7 5.98878763488392E-21
1.5746399999999998E-6 3.504133333333331E-5 6.879999999999989E-4 0.02 6.677991493120317E-14 0.011299999999999973 1.5746400000087661E-6 3.5045988192646677E-20
2.6666666666666673E-6 5.4601333333333376E-5 9.780000000000032E-4 0.02 1.915204106417434E-13 0.01450000000000021 2.666666666681485E-6 1.7025362239811437E-19
4.294693333333333E-6 8.140133333333328E-5 0.0013399999999999953 0.02 4.967623534746224E-13 0.018099999999999606 4.2946933333571845E-6 7.111370987791885E-19
6.635519999999999E-6 1.1704133333333331E-4 0.0017820000000000015 0.02 1.1858708459655531E-12 0.02210000000000031 6.635520000036744E-6 2.6229434002913478E-18
9.901146666666668E-6 1.6328133333333344E-4 0.0023120000000000063 0.02 2.6403254582696434E-12 0.026500000000000242 9.901146666721195E-6 8.714063203115428E-18
1.4341973333333339E-5 2.2204133333333353E-4 0.002938000000000005 0.02 5.53992268725878E-12 0.031299999999999925 1.434197333341148E-5 2.648449679915543E-17
2.0249999999999994E-5 2.9540133333333276E-4 0.0036679999999999612 0.02 1.1044234971002709E-11 0.03649999999999782 2.025000000010806E-5 7.454864023727185E-17
2.7962026666666672E-5 3.8560133333333387E-4 0.004510000000000056 0.02 2.1058238486304504E-11 0.04210000000000472 2.7962026666810193E-5 1.9627722739484505E-16
3.786285333333334E-5 4.950413333333335E-4 0.00547199999999998 0.02 3.861094083346117E-11 0.048099999999996236 3.786285333351415E-5 4.873077954342924E-16
5.038847999999999E-5 6.262813333333325E-4 0.006561999999999952 0.02 6.838249411167396E-11 0.054499999999998605 5.038848000021012E-5 1.1485665120814642E-15
6.602930666666667E-5 7.82041333333334E-4 0.007788000000000071 0.02 1.174232863720981E-10 0.061300000000005926 6.602930666687619E-5 2.584469469761163E-15
8.533333333333335E-5 9.652013333333341E-4 0.009158000000000006 0.02 1.9611741397529414E-10 0.06849999999999677 8.533333333353561E-5 5.578478522486833E-15
1.0890935999999998E-4 0.0011788013333333314 0.010679999999999863 0.02 3.1945276979250536E-10 0.07609999999999284 1.0890936000049053E-4 1.1597208348539719E-14
1.3743018666666665E-4 0.0014260413333333334 0.012362000000000104 0.02 5.086716256541557E-10 0.08410000000001203 1.3743018666723613E-4 2.3302474384226564E-14
1.7163581333333336E-4 0.0017102813333333355 0.0142120000000001 0.02 7.933876819410379E-10 0.09249999999999979 1.7163581333382155E-4 4.539171976117827E-14
2.1233663999999997E-4 0.0020350413333333306 0.016237999999999756 0.02 1.2142698582739975E-9 0.10129999999998282 2.123366400009564E-4 8.594577008630769E-14
2.6041666666666666E-4 0.0024040013333333347 0.018448000000000204 0.02 1.8264080317575981E-9 0.11050000000002239 2.6041666666757685E-4 1.5854487251591547E-13
3.168366933333334E-4 0.0028210013333333354 0.020850000000000035 0.02 2.7034929711566846E-9 0.12009999999999156 3.168366933343403E-4 2.855274203921246E-13
3.8263752000000016E-4 0.0032900413333333393 0.023452000000000195 0.02 3.942960805081164E-9 0.130100000000008 3.8263752000165547E-4 5.029199407998505E-13
4.5894314666666684E-4 0.003815281333333334 0.026261999999999727 0.02 5.6722723601465574E-9 0.1404999999999766 4.5894314666875035E-4 8.67774378558988E-13
5.469639733333331E-4 0.004401041333333315 0.029287999999999037 0.02 8.056519243404558E-9 0.15129999999996552 5.469639733357134E-4 1.468924083118748E-12
6.479999999237241E-4 0.00505180132951955 0.03253799980931179 0.02 1.1307571677610095E-8 0.1624999904656376 6.479999999256824E-4 2.4425316708987822E-12
7.634438505853905E-4 0.005772192533083317 0.036019560178188324 0.02 1.569500115289335E-8 0.17407801844382675 7.634438505885402E-4 3.994269365671481E-12
8.947816399846582E-4 0.006566889469963389 0.03973484684400359 0.02 2.1558940369037494E-8 0.18576433329076344 8.947816399873754E-4 6.430531034420407E-12
0.0010435905448563944 0.007440445243586809 0.04367778868117102 0.02 2.9324987965706484E-8 0.1971470918583712 0.0010435905448608102 1.0201740439832324E-11
0.0012115356150738674 0.008397253510873648 0.04784041336434192 0.02 3.952138993845722E-8 0.20813123415854526 0.0012115356150787667 1.5961699125518862E-11
0.0014003665736487458 0.00944154792874392 0.05221472089351362 0.02 5.2798717418978125E-8 0.21871537645858502 0.0014003665736516593 2.4647950794634034E-11
0.0016119146167310962 0.010577402154117519 0.05679271126867993 0.02 6.995224089562102E-8 0.22889951875831524 0.0016119146167383957 3.75893624630615E-11
0.0018480892136093917 0.011808729843914775 0.061566384489862826 0.02 9.194719641225646E-8 0.23868366105914487 0.001848089213617925 5.664857038317761E-11
0.002110874906710499 0.013139284655055376 0.06652774055703001 0.02 1.1994713341317853E-7 0.24806780335835907 0.002110874906719675 8.440862762980166E-11
0.0024023281115996904 0.014572660244459561 0.07166877947020929 0.02 1.553455258943015E-7 0.2570519456589641 0.002402328111608414 1.244151413837269E-10
0.0027245739169806348 0.016112290269047216 0.07698150122938274 0.02 1.9980081883419487E-7 0.2656360879586726 0.002724573916988785 1.814874222043003E-10
0.003079802884695404 0.017761448385738468 0.08245790583456258 0.02 2.5527507024891705E-7 0.27382023025899205 0.0030798028847094975 2.6211470147141647E-10
0.003470267849724467 0.01952324825145314 0.08808999328573357 0.02 3.240763356976428E-7 0.28160437255854914 0.0034702678497365463 3.7495632415466586E-10
0.0038982807201867 0.02140064352311164 0.09386976358292508 0.02 4.0890492725154104E-7 0.28898851485957555 0.003898280720204079 5.314680054553655E-10
0.004366209277339373 0.02339642785763366 0.0997892167261009 0.02 5.129036619935801E-7 0.2959726571587912 0.004366209277350448 7.466797596346851E-10
0.004876473975578159 0.025513234911939305 0.10584035271528225 0.02 6.397121970619368E-7 0.3025567994590673 0.004876473975597691 1.0401549799970468E-9
0.005431544742437132 0.027753538342948626 0.11201517155046604 0.02 7.935255281338316E-7 0.30874094175918976 0.005431544742447848 1.4371643625057766E-9
0.006033937778588764 0.030119651807581627 0.11830567323165009 0.02 9.79156707429929E-7 0.31452508405920215 0.006033937778614363 1.9701129359622413E-9
0.006686212357843926 0.03261372896275808 0.12470385775882278 0.02 1.202103814289257E-6 0.3199092263586348 0.006686212357869854 2.680263361839845E-9
0.0073909676271519 0.0352377634653987 0.13120172513203068 0.02 1.4686211877723565E-6 0.324893368660395 0.007390967627175368 3.6198039055123157E-9
0.008150839406600358 0.03799358897242288 0.13779127535120914 0.02 1.7857949055274935E-6 0.32947751095892264 0.00815083940661858 4.854315021566441E-9
0.008968496989415374 0.040882879140750804 0.1444645084163962 0.02 2.161622466856361E-6 0.33366165325935254 0.00896849698942838 6.465694327487635E-9
0.009846639941961425 0.043907147627302544 0.151213424327587 0.02 2.605096610819313E-6 0.3374457955595406 0.009846639941996655 8.555605825904568E-9
0.010787994903741386 0.047067748088998065 0.15803002308477607 0.02 3.126293171708261E-6 0.3408299378594534 0.010787994903763504 1.1249525537558418E-8
0.011795312387396535 0.050365874182757474 0.1649063046879704 0.02 3.736462845668753E-6 0.343814080159717 0.011795312387432097 1.470146218976974E-8
0.012871363578706546 0.05380255956550055 0.17183426913715374 0.02 4.448126711679989E-6 0.3463982224591669 0.012871363578739966 1.9099438198534602E-8
0.014018937136589502 0.057378677894147787 0.17880591643236188 0.02 5.2751753204516305E-6 0.34858236476040666 0.014018937136613252 2.4671822860633345E-8
0.015240835993101878 0.06109494282561878 0.18581324657354972 0.02 6.232971133335319E-6 0.35036650705939226 0.015240835993101689 3.1694616328703E-8
0.01653987415343854 0.06495190801683307 0.19284825956071422 0.02 7.3384540621099226E-6 0.3517506493582248 0.01653987415338543 4.049978954609977E-8
0.01791887349593279 0.06894996712471252 0.19990295539397268 0.02 8.610249828920613E-6 0.3527347916629231 0.01791887349586526 5.148479175886428E-8
0.019380660572056303 0.07308935380617564 0.20696933407315585 0.02 1.0068780833566437E-5 0.3533189339591583 0.019380660571947896 6.512334343512262E-8
0.020928063406419145 0.07737014171814212 0.21403939559832413 0.02 1.1736379184230927E-5 0.3535030762584143 0.020928063406222563 8.197763830611327E-8
0.022563908296769804 0.08179224451753293 0.22110513996954073 0.02 1.3637401514991765E-5 0.3532872185608299 0.022563908296437545 1.0271208369027826E-7
0.024291016613995162 0.08635541586126792 0.22815856718674948 0.02 1.579834518283807E-5 0.3526713608604376 0.024291016613481427 1.281087132116738E-7
0.026112201602120494 0.09105924940626657 0.2351916772499324 0.02 1.8247965405462918E-5 0.3516555031591456 0.02611220160136465 1.5908441028324345E-7
0.02803026517830949 0.09590317880944985 0.24219647015916376 0.02 2.101739287060228E-5 0.3502396454615683 0.028030265177185834 1.9671008430217213E-7
0.03004799473286423 0.10088647772773691 0.24916494591435343 0.02 2.414025131834696E-5 0.34842378775948313 0.030047994731219635 2.4223194414999157E-7
0.032168159929225185 0.10600825981804778 0.25608910451554306 0.02 2.7652774567892002E-5 0.34620793005948197 0.03216815992682351 2.970950152992452E-7
0.03439350950397125 0.11126747873730324 0.262960945962773 0.02 3.159392243366754E-5 0.34359207236149547 0.034393509500602985 3.629690473916543E-7
0.0367267680668197 0.11666292814242266 0.269772470255971 0.02 3.600549494710281E-5 0.34057621465990173 0.036726768062207246 4.4177695851131335E-7
0.03917063290062623 0.12219324169032639 0.27651567739518657 0.02 4.0932244276488394E-5 0.33716035696077784 0.03917063289415073 5.357259603541893E-7
0.04172777076138489 0.127856893037933 0.2831825673803301 0.02 4.642198371472561E-5 0.3333444992571766 0.04172777075250406 6.47341505071071E-7
0.04440081467822821 0.13365219584216617 0.2897651402116591 0.02 5.252569307582361E-5 0.3291286415664507 0.04440081466612309 7.795041893363455E-7
0.04719236075342707 0.13957730375994298 0.2962553958888406 0.02 5.92976198304368E-5 0.3245127838590739 0.047192360736979584 9.354897445735394E-7
0.05010496496239074 0.14563021044818325 0.30264533441201336 0.02 6.679537528373608E-5 0.31949692615863834 0.05010496494003833 1.1190122334906426E-6
0.0531411399536669 0.15180874956380805 0.3089269557812399 0.02 7.508002508827688E-5 0.31408106846132766 0.05314113992373082 1.3342705626208894E-6
0.05630335184894165 0.1581105947637374 0.31509225999646756 0.02 8.421617336275278E-5 0.3082652107613826 0.05630335180906359 1.5859984077624088E-6
0.05959401704303947 0.16453325970489097 0.3211332470576783 0.02 9.427203968761372E-5 0.3020493530605378 0.05959401699006966 1.8795176347560089E-6
0.06301549900392325 0.1710740980441893 0.32704191696491663 0.02 1.0531952822840501E-4 0.2954334953619159 0.063015498933832 2.220795280820625E-6
0.06657010507269427 0.17773030343855092 0.33281026971808125 0.02 1.1743428823658697E-4 0.2884176376582309 0.0665701049805842 2.616504142519821E-6
0.07026008326359222 0.18449890954489734 0.3384303053173207 0.02 1.3069576516974712E-4 0.28100177996197295 0.07026008314303715 3.074086994707924E-6
0.0740876190639952 0.19137679002014935 0.34389402376260036 0.02 1.4518724168329639E-4 0.27318592226398264 0.07408761890720826 3.6018244411444716E-6
0.07805483223441967 0.19836065852122317 0.3491934250536913 0.02 1.6099586772749114E-4 0.2649700645545455 0.07805483203112241 4.208906370335025E-6
0.08216377360852056 0.2054470687050447 0.35432050919107644 0.02 1.782126790195182E-4 0.25635420686925814 0.08216377334615868 4.905506962317105E-6
0.0864164218930911 0.21263241422852658 0.35926727617409393 0.02 1.9693260313262406E-4 0.2473383491508746 0.08641642155593157 5.702863159490722E-6
0.09081468046806306 0.21991292874859805 0.3640257260035737 0.02 2.1725445249003855E-4 0.23792249147398803 0.09081468003654136 6.613356482009641E-6
0.09536037418650647 0.22728468592217096 0.36858785867864563 0.02 2.3928090354632947E-4 0.22810663375359697 0.09536037363645375 7.650598031378429E-6
0.10005524617462988 0.2347435994061703 0.3729456741999662 0.02 2.6311846146646195E-4 0.21789077606602925 0.10005524547651565 8.829516487770216E-6
0.10490095463178012 0.24228542285751192 0.3770911725670817 0.02 2.888774096278246E-4 0.20727491835577372 0.10490095374901494 1.0166448865422083E-5
0.10989906963044252 0.24990574993312004 0.38101635378040566 0.02 3.16671743318217E-4 0.19625906066619847 0.10989906851878577 1.167923374883334E-5
0.11505106993477573 0.25760001521666076 0.3847132641770362 0.02 3.466190871007635E-4 0.18484551983152797 0.1150510685398674 1.3387306691785804E-5
0.12035834074248647 0.2653635403855367 0.3881762584437981 0.02 3.7884060094286326E-4 0.17314971333809437 0.12035833899827006 1.5311797758124808E-5
0.12582217483250882 0.27319170450111757 0.39140820577904245 0.02 4.1346089234826217E-4 0.16159736676221725 0.1258221726597133 1.7475632036466002E-5
0.13144377563751344 0.28108004025023114 0.39441678745567865 0.02 4.5060793067637495E-4 0.15042908383181008 0.1314437729401132 1.990363292863652E-5
0.13722426044389427 0.2890242403190413 0.39721000344050683 0.02 4.904129549795494E-4 0.13966079924140895 0.13722425710646716 2.262262759680951E-5
0.14316466359176835 0.29702015739370424 0.3997958537331481 0.02 5.330103750917498E-4 0.12929251463206226 0.14316465947657794 2.5661554359934433E-5
0.1492659396749759 0.30506380416037704 0.4021823383336398 0.02 5.785376664432518E-4 0.1193242300245867 0.1492659346176472 2.905157186546166E-5
0.1555289667410806 0.31315135330523547 0.4043774572429215 0.02 6.27135259115251E-4 0.10975594546408507 0.15552896054579513 3.282616986270692E-5
0.16195454949136898 0.3212791375144186 0.4063892104591571 0.02 6.78946421651852E-4 0.1005876608117795 0.16195454192596836 3.702128140424012E-5
0.168543422480851 0.329443649474101 0.4082255979841187 0.02 7.341171401561916E-4 0.09181937624808123 0.16854341327089306 4.1675396303578194E-5
0.17529625331825974 0.33764154187043705 0.409894619816803 0.02 7.927959932306772E-4 0.08345109163421238 0.17529624214025644 4.682967568350044E-5
0.1822136458660514 0.3458696273895834 0.41140427595731666 0.02 8.551340233215604E-4 0.0754828070256841 0.18221363233979268 5.2528067454831254E-5
0.18929614344040555 0.35412487871770704 0.4127625664061829 0.02 9.212846050392701E-4 0.06791452244331309 0.18929612712026908 5.881742257381195E-5
0.19654423201122487 0.3624044285409661 0.41397749116295346 0.02 9.914033110311263E-4 0.06074623783852706 0.1965442123763586 6.574761193605706E-5
0.20395834340213517 0.37070556954551526 0.41505705022745754 0.02 0.001065647775988214 0.05397795322520382 0.20395831984555296 7.337164377698747E-5
0.21153885849048562 0.3790257544175224 0.41600924360035707 0.02 0.0011441775593636003 0.04760966864497673 0.21153883030678233 8.174578146133427E-5
0.21928611040734844 0.3873625958431409 0.4168420712809262 0.02 0.0012271540073736861 0.04164138402845685 0.2192860767781617 9.092966155890662E-5
0.22720038773751908 0.3957138665085319 0.4175635332695493 0.02 0.0013147401148818072 0.03607309943115533 0.22720034771626652 1.0098641212382548E-4
0.2352819377195163 0.40407749909986135 0.418181629566472 0.02 0.0014071003877009006 0.030904814846133277 0.23528189021400067 1.1198277110655366E-4
0.24353096944558192 0.4124515863032807 0.41870436017096835 0.02 0.001504400705892181 0.026136530224818433 0.24353091319888928 1.2398920485280455E-4
0.251947657061681 0.42083438080495333 0.41913972508363095 0.02 0.0016068081886029886 0.02176824563313029 0.25194759063141803 1.3708002666190135E-4
0.2605321429675019 0.42922429529104467 0.4194957243045666 0.02 0.0017144910609335484 0.01779996104678272 0.2605320646999554 1.5133351539384568E-4
0.26928454101645594 0.4376199024477029 0.4197803578329107 0.02 0.0018276185234666828 0.014231676417203465 0.26928444902177956 1.66832034158175E-4
0.27820493971567795 0.4460199349611005 0.4200016256698802 0.02 0.0019463606248332974 0.011063391848475934 0.2782048318394964 1.8366214911133896E-4
0.2872934054260257 0.45442328551738853 0.42016752781440236 0.02 0.0020708881378100133 0.008295107226108378 0.2872932792147566 2.019147484309744E-4
0.29654998556208034 0.4628290068027313 0.4202860642671391 0.02 0.0022013724395828285 0.00592682263683697 0.2965498382318472 2.2168516158671547E-4
0.3059747117921459 0.4712363115032786 0.42036523502736456 0.02 0.0023379853962658265 0.003958538011272772 0.30597454018544074 2.430732789776499E-4
0.3155676032382502 0.4796445723052156 0.4204130400968509 0.02 0.0024808992525505447 0.002390253474315873 0.3155674037858685 2.6618367215347494E-4
0.32532866967614377 0.488053321894677 0.4204374794730681 0.02 0.002630286526401654 0.001221968810860563 0.3253284383480818 2.911257147248554E-4
0.33525791473530037 0.49646225295783 0.42044655315764956 0.02 0.0027863199095401747 4.536842290736587E-4 0.3352576469908319 3.180137042264261E-4
0.3453553390208111 0.5048712142755374 0.4204480658853704 0.02 0.002949172172595445 7.563638604324296E-5 0.34535502975513005 3.469669849103206E-4
0.3556209416310428 0.5132801305115842 0.4204458118023391 0.02 0.0031190160493888425 -1.1270415156694469E-4 0.355620585113365 3.781100668715613E-4
0.3660547181753521 0.5216888272154663 0.4204348351941056 0.02 0.0032960240635016083 -5.488304116729736E-4 0.3660543079841244 4.115727335811843E-4
0.3766566576093722 0.5300969717010051 0.4204072242769419 0.02 0.0034803683275434483 -0.0013805458581872543 0.37665618656214905 4.4749014141940574E-4
0.3874267390350135 0.5385040712820643 0.4203549790529615 0.02 0.0036722203322260907 -0.0026122611990198052 0.38742619911201237 4.8600291336202417E-4
0.39836492850046273 0.5469094732724611 0.4202700995198372 0.02 0.003871750725704018 -0.0042439766562152315 0.3983643107619496 5.272572262255242E-4
0.4094711758001836 0.5553123649860436 0.4201445856791275 0.02 0.004079129083104163 -0.006275692035484504 0.4094704702973406 5.71404890747737E-4
0.42074541127491677 0.5637117737366582 0.4199704375307256 0.02 0.004294523666208722 -0.008707407420094349 0.4207446069538401 6.186034237511476E-4
0.43218754261167963 0.5721065668381431 0.41973965507424715 0.02 0.004518101173290608 -0.011539122823922554 0.43218662721015133 6.690161116061251E-4
0.4437974516437661 0.5804954516043237 0.4194442383090302 0.02 0.004750026479137616 -0.014770838260846908 0.4437964115804412 7.228120641822149E-4
0.45557499115074734 0.5888769753490619 0.41907618723691087 0.02 0.004990462365338524 -0.01840255360596732 0.455573811406404 7.801662584476163E-4
0.4675199816584709 0.5972495253861787 0.4186275018558394 0.02 0.005239569240944826 -0.02243426905357282 0.4675186456490768 8.41259570850756E-4
0.47963220823906155 0.6056113290295317 0.4180901821676519 0.02 0.00549750485368973 -0.026865984409374377 0.4796306976818582 9.062787976003676E-4
0.4919114173109204 0.6139604535929433 0.41745622817057626 0.02 0.005764423991771371 -0.031697699853783234 0.4919097120761811 9.754166618821357E-4
0.5043573134387258 0.6222948063902695 0.4167176398663097 0.02 0.006040478176802512 -0.036929415213327044 0.5043553913974155 0.0010488718071678602
0.5169695561334327 0.6306121347353422 0.41586641725363527 0.02 0.006325815347879876 -0.04256113063372258 0.5169673929956318 0.001126848775583205
0.5297477566522726 0.6389100259419966 0.41489456033272365 0.02 0.0066205795370563175 -0.048592846045580895 0.5297453257906026 0.0012095579703469798
0.5426914747987542 0.6471859073240827 0.4137940691043007 0.02 0.006924910536876473 -0.05502456142114642 0.5426887470646116 0.0012972156013756966
0.5558002157226629 0.655437046195434 0.4125569435675658 0.02 0.0072389435602334615 -0.06185627683674699 0.5557971592562362 0.0013900436130201074
0.5690734267200609 0.6636605498698989 0.4111751837232447 0.02 0.007562808892585496 -0.06908799221605477 0.5690700067386233 0.00148826959280271
0.5825104940332869 0.6718533656613013 0.4096407895701204 0.02 0.007896631537917809 -0.07671970765621428 0.5825066726201101 0.001592126660405202
0.5961107396509565 0.6800122808834796 0.4079457611089188 0.02 0.008240530858023377 -0.08475142306008099 0.596106475527052 0.0017018533356093352
0.6098734181079629 0.6881339228503203 0.406082098342031 0.02 0.008594620206210615 -0.09318313834438818 0.6098686663916811 0.0018176933843299312
0.6237977132854752 0.6962147588756129 0.40404180126463185 0.02 0.008959006556126248 -0.10201485386995834 0.6237924252472042 0.0019398956417610996
0.6378827352109394 0.7042510962732118 0.40181686987994514 0.02 0.009333790125791636 -0.11124656923433562 0.6378768580084923 0.0020687138114509687
0.6521275168580785 0.7122390823569524 0.3993993041870314 0.02 0.009719063998249212 -0.12087828464568684 0.6521209932655653 0.002204406239544765
0.6665310109468922 0.7201747044406848 0.3967811041866165 0.02 0.010114913739116181 -0.13091000002074527 0.6665237790724448 0.0023472356630845834
0.6810920867436572 0.7280537898382511 0.39395426987831605 0.02 0.010521417011924737 -0.14134171541502205 0.6810840797353552 0.0024974689314493925
0.6958095268609269 0.735872005863486 0.3909108012617457 0.02 0.010938643192116605 -0.1521734308285172 0.6958006726019709 0.002655376700034247
0.7106820240578079 0.7436248598440498 0.38764269902819004 0.02 0.011366652980541674 -0.1634051116777835 0.7106722448512572 0.002821233095281525
0.7257081782769391 0.7513077109565613 0.3841425556255773 0.02 0.011805498024316477 -0.1750071701306366 0.725697390520384 0.0029953153530114796
0.7408864960706382 0.7589158896849524 0.38040893641955176 0.02 0.01225522061090828 -0.18668096030127757 0.7408746099211172 0.0031779034563758288
0.7562153931780377 0.7664448553699743 0.37644828425109633 0.02 0.012715853466561143 -0.19803260842277126 0.7562023122108348 0.0033692797901713617
0.7716931977188556 0.7738902270408965 0.37226858354610926 0.02 0.013187419590931948 -0.20898503524935386 0.7716788185718189 0.003569728788252853
0.7873181533933943 0.7812477837269349 0.3678778343019218 0.02 0.013669932111912204 -0.21953746220937376 0.7873023654093084 0.003779536568734712
0.8030884226825409 0.78851346445733 0.36328403651975094 0.02 0.014163394160236563 -0.22968988910854193 0.8030711075396476 0.003998990557539543
0.8190020900477678 0.7956833682613462 0.3584951902008138 0.02 0.014667798764698009 -0.2394423159468584 0.81898312138287 0.004228379101435781
0.8350571651311317 0.802753754168195 0.35351929534244153 0.02 0.015183128768306062 -0.24879474291861214 0.8350364081594709 0.0044679910716013405
0.8512515859552742 0.8097210412071232 0.34836435194640636 0.02 0.015709356765426924 -0.2577471698017586 0.8512288970839268 0.004718115458694251
0.867583222123422 0.8165818084073906 0.3430383600133702 0.02 0.016246445060259164 -0.2662995966518089 0.867558448559608 0.004979040960629781
0.8840498780193863 0.823332794798215 0.33754931954121936 0.02 0.01679434564682391 -0.27445202360754095 0.8840228573759443 0.005251055564268928
0.900649296007563 0.8299708994088384 0.33190523053117094 0.02 0.017353000210462925 -0.28220445050242127 0.9006198559050002 0.005534446122207347
0.9173791596329334 0.8364931812685161 0.3261140929838868 0.02 0.01792234015094249 -0.28955687736420543 0.9173471172997623 0.005829497925974619
0.9342370968210628 0.8428968594064723 0.3201839068978085 0.02 0.018502286627228096 -0.29650930430391575 0.9342022586971193 0.006136494277012718
0.9512206830781017 0.8491793128519443 0.3141226722735979 0.02 0.01909275062337007 -0.3030617312105299 0.951182844412172 0.006455716056535582
0.9683274446907854 0.8553380806341826 0.30793838911191695 0.02 0.0196936330360461 -0.30921415808404795 0.9682863891446882 0.006787441296008452
0.9855548619264339 0.8613708617824289 0.30163905741231734 0.02 0.020304824783036572 -0.314966584979981 0.9855103611829383 0.007131944749383147
1.002900372232952 0.8672755153258993 0.2952326771735181 0.02 0.02092620693221533 -0.3203190119399624 1.0028521856015078 0.007489497468408934
1.02036137343883 0.8730500602939006 0.2887272484000669 0.02 0.021557650851426892 -0.3252714386725586 1.0203092474732465 0.007860366382839663
1.0379352269531417 0.8786926757155866 0.28213077108429907 0.02 0.022199018378170544 -0.3298238657883923 1.0378788950760205 0.008244813886587259
1.0556192609655466 0.8842017006202463 0.2754512452329827 0.02 0.02285016200859663 -0.3339762925658185 1.0555584430936744 0.008643097431203887
1.073410773646289 0.8895756340371208 0.2686966708437266 0.02 0.023510925106131703 -0.33772871946280425 1.0733451758338097 0.009055469128609647
1.0913070363461972 0.8948131349954092 0.2618750479144172 0.02 0.024181142127972212 -0.3410811464654717 1.0912363504296207 0.009482175363753613
1.1093052967966852 0.8999130225244012 0.2549943764496021 0.02 0.02486063887008138 -0.344033573240754 1.1092292000596795 0.009923456419362847
1.1274027823097517 0.9048742756533223 0.24806265644605752 0.02 0.025549232728917064 -0.3465860001772292 1.127320937155613 0.010379546113461986
1.1455967029779794 0.909696033411389 0.24108788790333513 0.02 0.02624673297988088 -0.34873842713611936 1.1455087566164641 0.010850671451439038
1.1638842548745367 0.9143775948278643 0.2340780708237622 0.02 0.026952941071733155 -0.35049085397864665 1.163789839029207 0.01133705229398426
1.1822626232531765 0.918918418931991 0.2270412052063353 0.02 0.027667650935370262 -0.35184328087134453 1.182161353874251 0.011838901041620949
1.2007289857482364 0.923318124752992 0.21998529105005105 0.02 0.028390649307608616 -0.352795707814213 1.2006204627540402 0.012356422338069502
1.2192805155746382 0.9275764913200923 0.21291832835501623 0.02 0.02912171606763453 -0.35334813475174087 1.2191643226061915 0.012889812792627228
1.2379143847278902 0.9316934576625968 0.20584831712522345 0.02 0.029860624585977356 -0.35350056148963915 1.2377900889206366 0.013439260723208897
1.2566277671840844 0.9356691228097125 0.1987832573557835 0.02 0.030607142085210322 -0.35325298847199704 1.2564949189636108 0.014004945921244079
1.2754178420998967 0.9395037457906152 0.19173114904513788 0.02 0.03136103001098568 -0.3526054155322811 1.2752759749969564 0.01458703943913904
1.2942817970125897 0.9431977456346496 0.18469999220172006 0.02 0.03212204441281073 -0.3515578421708909 1.2941304275020462 0.01518570340155205
1.3132168310400092 0.9467517013709736 0.17769778681619997 0.02 0.032889936333022035 -0.35011026927600497 1.3130554583943157 0.01580109084095775
1.332220158080587 0.9501663520288917 0.17073253289590085 0.02 0.033664452204135484 -0.34826269601495596 1.3320482642574256 0.016433345559275128
1.3512890100133383 0.9534425966375659 0.16381223043371307 0.02 0.03444533425187425 -0.34601512310938887 1.3511060595551765 0.017082602015002155
1.370420639897865 0.9565814942263273 0.15694487943807012 0.02 0.03523232090452441 -0.34336754978214756 1.3702260798622827 0.017748985237895698
1.3896123251743522 0.9595842638243646 0.15013847990186235 0.02 0.03602514720638784 -0.34031997681038817 1.3894055850841773 0.018432610770864638
1.4088613708635702 0.9624522844609018 0.14340103182686192 0.02 0.03682354523508047 -0.3368724037500215 1.4086418626847186 0.01913358464027748
1.4281651127668742 0.9651870951651986 0.13674053521484097 0.02 0.03762724452084003 -0.3330248306010475 1.4279322309020568 0.019852003354479425
1.4475209206662047 0.9677903949665279 0.13016499006646143 0.02 0.038435972467919535 -0.32877725741897734 1.447274041979109 0.02058795393188674
1.466926201524086 0.9702640428940645 0.12368239637683409 0.02 0.03924945477609117 -0.3241296844813668 1.4666646853853154 0.02134151395816948
1.4863784026836282 0.972610057977108 0.117300754152172 0.02 0.040067415861460606 -0.31908211123310437 1.4861015910347006 0.022112751672942688
1.5058750150685258 0.9748306192448819 0.1110280633886962 0.02 0.04088957927621137 -0.3136345381737904 1.5055822325147268 0.022901726086730675
1.5254135763830579 0.9769280657266011 0.10487232408595837 0.02 0.04171566812522422 -0.3077869651368914 1.5251041303002428 0.023708487127313382
1.5449916743120877 0.9789048964514935 0.09884153624462044 0.02 0.04254540547979799 -0.3015393920668963 1.5446648549807132 0.024533075816613195
1.5646069497210655 0.9807637704488892 0.09294369986978523 0.02 0.043378514786463804 -0.2948918187417604 1.564262030475381 0.025375524477072198
1.5842570998560237 0.9825075067479094 0.08718681495101244 0.02 0.04421472027070909 -0.2878442459386399 1.5838933372537807 0.026235856968121474
1.6039398815435815 0.9841390843778886 0.08157888149895598 0.02 0.04505374733433682 -0.28039667260282286 1.6035565155526277 0.027114088952201187
1.6236531143909418 0.9856616423680187 0.07612789950650622 0.02 0.04589532294570496 -0.27254909962248774 1.623249368591811 0.02801022819019948
1.6433946839858928 0.9870784797475496 0.07084186897654554 0.02 0.0467391760219849 -0.2643015264980342 1.642969765789063 0.028924274865984173
1.6631625450968064 0.9883930555456777 0.06572878990640518 0.02 0.04758503780262618 -0.2556539535070179 1.6627156459733714 0.029856221939658353
1.6829547248726422 0.9896089887917903 0.06079666230562886 0.02 0.04843264221320051 -0.2466063800388163 1.6824850205961672 0.03080605552906096
1.7027693260429404 0.9907300585149104 0.056053486156004695 0.02 0.04928172621892342 -0.2371588074812081 1.7022759769415319 0.03177375531907846
1.722604530117829 0.9917602037444295 0.05150726147595819 0.02 0.05013203016706233 -0.22731123400232534 1.7220866813338538 0.032759294998146296
1.742458600588021 0.9927035235095971 0.0471659882583797 0.02 0.05098329811761153 -0.21706366087892448 1.7419153823445996 0.03376264272142167
1.7623298861248118 0.9935642768395425 0.04303766649726981 0.02 0.05183527816147067 -0.20641608805549438 1.7617604139957646 0.03478376159985981
1.7822168237800848 0.9943468827636526 0.0391302962055029 0.02 0.05268772272558718 -0.19536851458834548 1.7816201989619969 0.03582261021459798
1.8021179421567308 0.9950559188322994 0.035451803432340334 0.02 0.05354038886321382 -0.18392463865812836 1.801493251742101 0.03687914315434687
1.8220318634745571 0.9956960658913161 0.03200735295083579 0.02 0.054393038482543156 -0.1722225240752273 1.8213781807224168 0.03795331151617996
1.841957302155551 0.9962719340496973 0.028793407919058822 0.02 0.055245438412242096 -0.1606972515888483 1.8412736867673665 0.03904506323152246
1.8618930617142557 0.9967879779352318 0.025802194276725032 0.02 0.05609736038071508 -0.1495606821166895 1.8611785601123674 0.04015434329543878
1.8818380315577645 0.9972484921754399 0.02302571201040493 0.02 0.05694858097894601 -0.13882411331600508 1.8810916771694552 0.04128109398009604
1.9017911837857269 0.9976576113981173 0.020455961133869494 0.02 0.057798881611282694 -0.12848754382677186 1.9010119973305568 0.04242525503607619
1.9217515699903438 0.9980193102308466 0.01808494163646479 0.02 0.058648048435002986 -0.11855097487023514 1.920938559771152 0.0435867638810197
1.9417183180563722 0.9983374033014192 0.01590465352863113 0.02 0.0594958722893587 -0.10901440539168306 1.9408704802536816 0.04476555577495302
1.9616906289611205 0.9986155452374135 0.01390709679971458 0.02 0.06034214861482124 -0.09987783644582748 1.9608069479307018 0.04596156398173967
1.9816677735744523 0.9988572306665944 0.012084271459045226 0.02 0.06118667736325716 -0.0911412670334677 1.9807472221479399 0.047174719916155156
2.0016490894587835 0.9990657942165582 0.010428177498189584 0.02 0.06202926289975096 -0.08280469804278212 2.000690629247228 0.04840495327612607
2.021633977669085 0.9992444105150655 0.008930814925367514 0.02 0.0628697138967855 -0.07486812864110348 2.020636559369244 0.04965219215971957
2.0416218995528785 0.9993960941896862 0.00758418373103531 0.02 0.06370784322152094 -0.0673315597166102 2.040584463256862 0.050916363166573345
2.0616123735502443 0.9995236998682877 0.006380283930074171 0.02 0.06454346781681701 -0.06019499004805695 2.0605338490578458 0.052197391483371214
2.0816049719938112 0.9996299221783467 0.0053111155029483825 0.02 0.06537640857674631 -0.05345842135628942 2.0804842791282114 0.05349520095318051
2.1015993179087644 0.9997172957476597 0.004368678465649367 0.02 0.06620649021727024 -0.04712185186495077 2.100435366836072 0.05480971412841398
2.121595081812842 0.9997881952038767 0.0035449728108538636 0.02 0.06703354114268362 -0.041185282739775175 2.12038677336441 0.05614085230713321
2.1415919785163355 0.9998448351746791 0.002831998540120395 0.02 0.06785739330865342 -0.035648713536673426 2.140338204516767 0.0574885355528138
2.1615897639220902 0.9998892702877349 0.0022217556527870386 0.02 0.06867788208223842 -0.030512144366667826 2.1602894075195773 0.058852682697055986
2.181588231825506 0.9999233951707875 0.0017062441526327632 0.02 0.06949484609987733 -0.02577557500771377 2.180240167829676 0.06023321132574713
2.201587210714533 0.9999489444513454 0.0012774640278934157 0.02 0.07030812712355135 -0.021439006236967373 2.200190305936846 0.06163003774796727
2.22158656056968 0.9999674927573476 9.274153001115337E-4 0.02 0.07111756989619676 -0.0175024363890941 2.2201396741728017 0.06304307694842373
2.2415861696640045 0.9999804547162316 6.480979442002877E-4 0.02 0.07192302199647826 -0.013965867795562303 2.2400881535147064 0.0644722425226394
2.261585951363122 0.9999890849558657 4.3151198170221505E-4 0.02 0.07272433369399578 -0.01082929812490363 2.260035650395284 0.06591744659581278
2.2815858409251977 0.9999944781037939 2.696573964122706E-4 0.02 0.07352135780502515 -0.008092729264497223 2.279982093507975 0.06737859972464597
2.301585792300953 0.9999975687877694 1.5453419877076158E-4 0.02 0.07431394954978221 -0.005756159882075451 2.2999274306178985 0.06885561078304758
2.321585774933663 0.9999991316354873 7.814238589531897E-5 0.02 0.0751019664113696 -0.0038195906437721305 2.319871625369134 0.07034838683119933
2.341585770559152 0.9999997812744521 3.24819482422356E-5 0.02 0.07588526799725785 -0.002283021882654168 2.3398146540964424 0.0718568329687757
2.3615857700058056 0.999999972332688 9.55291179494111E-6 0.02 0.07666371590355477 -0.0011464518223647246 2.3597565026349345 0.07338085217206819
2.3815857699945577 0.9999999994376063 1.3552459154908547E-6 0.02 0.07743717358275849 -4.098832939725128E-4 2.379697163132641 0.07492034511563667
2.401585769994558 1.000000000000023 2.812083899073059E-8 0.02 0.07820550621747402 -6.63562538250062E-5 2.3996366309180512 0.07647520998286081
2.4215857699945578 0.9999999999999787 -2.220446049250313E-12 0.02 0.07896858063324533 -1.406152971838992E-6 2.4195749022821635 0.07804534233400767
2.4415857699945582 1.000000000000023 2.220446049250313E-12 0.02 0.07972626527952817 2.220446049250313E-10 2.439511973975509 0.07963063510096963
2.461585769994558 0.9999999999999787 -2.220446049250313E-12 0.02 0.08047843022993936 -2.220446049250313E-10 2.4594478432006737 0.0812309786196479
2.4815857699945583 1.000000000000023 2.220446049250313E-12 0.02 0.08122494718279037 2.220446049250313E-10 2.479382507615735 0.08284626066319355
2.501585769994558 0.9999999999999787 -2.220446049250313E-12 0.02 0.08196568946147952 -2.220446049250313E-10 2.499315965337686 0.08447636647526546
2.5215857699945583 1.000000000000023 2.220446049250313E-12 0.02 0.08270053201470684 2.220446049250313E-10 2.5192482149448154 0.08612117880321653
2.5415857699945574 0.9999999999999565 -3.3306690738754696E-12 0.02 0.08342935141660171 -2.7755575615628914E-10 2.539179255480441 0.08778057793140086
2.561585769994558 1.000000000000023 3.3306690738754696E-12 0.02 0.08415202586660282 3.3306690738754696E-10 2.5591090864535984 0.08945444171423579
2.5815857699945575 0.9999999999999787 -2.220446049250313E-12 0.02 0.08486843518935105 -2.7755575615628914E-10 2.5790377078437334 0.09114264560960011
2.6015857699945584 1.0000000000000453 3.3306690738754696E-12 0.02 0.08557846083421763 2.7755575615628914E-10 2.5989651200989754 0.09284506271169202
2.621585769994558 0.9999999999999787 -3.3306690738754696E-12 0.02 0.0862819858749991 -3.3306690738754696E-10 2.6188913241426346 0.09456156378457978
2.6415857699945584 1.000000000000023 2.220446049250313E-12 0.02 0.08697889500907233 2.7755575615628914E-10 2.6388163213681173 0.09629201729475548
2.661585769994558 0.9999999999999787 -2.220446049250313E-12 0.02 0.08766907455692802 -2.220446049250313E-10 2.658740113648069 0.09803628944490221
2.6815857699945584 1.000000000000023 2.220446049250313E-12 0.02 0.0883524124609591 2.220446049250313E-10 2.678662703325736 0.09979424420610546
2.701585769994558 0.9999999999999787 -2.220446049250313E-12 0.02 0.08902879828480106 -2.220446049250313E-10 2.69858409322561 0.10156574335173041
2.7215857699945585 1.000000000000023 2.220446049250313E-12 0.02 0.0896981232118775 2.220446049250313E-10 2.7185042866444027 0.10335064648955071
2.741585769994558 0.9999999999999787 -2.220446049250313E-12 0.02 0.09036028004438837 -2.220446049250313E-10 2.7384232873582435 0.10514881109528643
2.7615857699945576 0.9999999999999787 0.0 0.02 0.09101516320178886 1.1102230246251565E-10 2.7583410996181117 0.10696009254507094
2.781585769994558 1.000000000000023 2.220446049250313E-12 0.02 0.09166266871934156 1.1102230246251565E-10 2.7782577281505554 0.1087843441483568
2.8015857699945577 0.9999999999999787 -2.220446049250313E-12 0.02 0.09230269424658892 -2.220446049250313E-10 2.7981731781592165 0.11062141718087043
2.821585769994558 1.000000000000023 2.220446049250313E-12 0.02 0.09293513904545005 2.220446049250313E-10 2.8180874553177793 0.11247116091673967
2.8415857699945577 0.9999999999999787 -2.220446049250313E-12 0.02 0.09355990398870268 -2.220446049250313E-10 2.8380005657778997 0.11433342266196869
2.861585769994558 1.000000000000023 2.220446049250313E-12 0.02 0.09417689155776707 2.220446049250313E-10 2.8579125161581485 0.11620804778611232
2.8815857699945577 0.9999999999999787 -2.220446049250313E-12 0.02 0.09478600584091718 -2.220446049250313E-10 2.8778233135491984 0.11809487975541863
2.901585769994558 1.000000000000023 2.220446049250313E-12 0.02 0.09538715253109638 2.220446049250313E-10 2.8977329655091735 0.11999376016500968
2.9215857699945578 0.9999999999999787 -2.220446049250313E-12 0.02 0.09598023892365985 -2.220446049250313E-10 2.9176414800590336 0.12190452877101002
2.9415857699945582 1.000000000000023 2.220446049250313E-12 0.02 0.09656517391430666 2.220446049250313E-10 2.93754886568691 0.12382702352348396
2.961585769994558 0.9999999999999787 -2.220446049250313E-12 0.02 0.09714186799648722 -2.220446049250313E-10 2.957455131337259 0.12576108059786706
2.9815857699945583 1.000000000000023 2.220446049250313E-12 0.02 0.09771023325914999 2.220446049250313E-10 2.977360286413728 0.1277065344276595
3.001585769994558 0.9999999999999787 -2.220446049250313E-12 0.02 0.09827018338420788 -2.220446049250313E-10 2.9972643407747634 0.12966321773636982
3.0215857699945583 1.000000000000023 2.220446049250313E-12 0.02 0.09882163364385926 2.220446049250313E-10 3.0171673047260366 0.13163096156908113
3.041585769994558 0.9999999999999787 -2.220446049250313E-12 0.02 0.0993645008981853 -2.220446049250313E-10 3.0370691890247006 0.1336095953251261
3.0615857699945583 1.000000000000023 2.220446049250313E-12 0.02 0.09989870359228067 2.220446049250313E-10 3.0569700048688495 0.13559894678924367
3.081585769994558 0.9999999999999787 -2.220446049250313E-12 0.02 0.10042416175354077 -2.220446049250313E-10 3.0768697638940767 0.13759884216336876
3.1015857699945584 1.000000000000023 2.220446049250313E-12 0.02 0.10094079698902417 2.220446049250313E-10 3.0967684781746576 0.1396091060988294
3.121585769994558 0.9999999999999787 -2.220446049250313E-12 0.02 0.10144853248244966 -2.220446049250313E-10 3.1166661602123966 0.1416295617272419
3.1415857699945584 1.000000000000023 2.220446049250313E-12 0.02 0.10194729299139588 2.220446049250313E-10 3.1365628229342737 0.14366003069222077
3.161585769994558 0.9999999999999787 -2.220446049250313E-12 0.02 0.10243700484447948 -2.220446049250313E-10 3.1564584796906803 0.1457003331810905
3.1815857699945584 1.000000000000023 2.220446049250313E-12 0.02 0.10291759593829786 2.220446049250313E-10 3.1763531442452138 0.14775028795566822
3.201585769994558 0.9999999999999787 -2.220446049250313E-12 0.02 0.10338899573452388 -2.220446049250313E-10 3.196246830771259 0.14980971238366775
3.2215857699945585 1.000000000000023 2.220446049250313E-12 0.02 0.10385113525699907 2.220446049250313E-10 3.216139553849441 0.1518784224701329
3.241585769994558 0.9999999999999787 -2.220446049250313E-12 0.02 0.10430394708863405 -2.220446049250313E-10 3.236031328457415 0.1539562328880077
3.2615857699945576 0.9999999999999787 0.0 0.02 0.10474736536842262 1.1102230246251565E-10 3.255922169964596 0.15604295700914397
3.281585769994558 1.000000000000023 2.220446049250313E-12 0.02 0.10518132578853039 1.1102230246251565E-10 3.2758120941305795 0.15813840693563158
3.3015857699945577 0.9999999999999787 -2.220446049250313E-12 0.02 0.10560576559116411 -2.220446049250313E-10 3.2957011170937283 0.16024239353002914
3.321585769994558 1.000000000000023 2.220446049250313E-12 0.02 0.10602062356556924 2.220446049250313E-10 3.315589255365041 0.16235472644607182
3.3415857699945577 0.9999999999999787 -2.220446049250313E-12 0.02 0.1064258400451109 -2.220446049250313E-10 3.3354765258257024 0.164475214159706
3.361585769994558 1.000000000000023 2.220446049250313E-12 0.02 0.10682135690419844 2.220446049250313E-10 3.3553629457166485 0.1666036639992065
3.3815857699945577 0.9999999999999787 -2.220446049250313E-12 0.02 0.10720711755530477 -2.220446049250313E-10 3.3752485326315695 0.1687398821755865
3.401585769994558 1.000000000000023 2.220446049250313E-12 0.02 0.10758306694602282 2.220446049250313E-10 3.3951333045107503 0.17088367381302888
3.4215857699945578 0.9999999999999787 -2.220446049250313E-12 0.02 0.1079491515561511 -2.220446049250313E-10 3.4150172796352596 0.17303484297928812
3.4415857699945582 1.000000000000023 2.220446049250313E-12 0.02 0.10830531939472757 2.220446049250313E-10 3.4349004766167575 0.1751931927155524
3.461585769994558 0.9999999999999787 -2.220446049250313E-12 0.02 0.10865151999715156 -2.220446049250313E-10 3.4547829143900395 0.1773585250665284
3.4815857699945583 1.000000000000023 2.220446049250313E-12 0.02 0.10898770442237873 2.220446049250313E-10 3.474664612207705 0.1795306411106947
3.501585769994558 0.9999999999999787 -2.220446049250313E-12 0.02 0.1093138252500834 -2.220446049250313E-10 3.494545589630731 0.18170934099004246
3.5215857699945583 1.000000000000023 2.220446049250313E-12 0.02 0.10962983657788385 2.220446049250313E-10 3.514425866519926 0.18389442393984654
3.541585769994558 0.9999999999999787 -2.220446049250313E-12 0.02 0.10993569401861741 -2.220446049250313E-10 3.5343054630272968 0.1860856883183604
3.5615857699945583 1.000000000000023 2.220446049250313E-12 0.02 0.11023135469771037 2.220446049250313E-10 3.5541843995903495 0.1882829316367735
3.581585769994558 0.9999999999999787 -2.220446049250313E-12 0.02 0.11051677725052755 -2.220446049250313E-10 3.5740626969215104 0.19048595058856832
3.6015857699945584 1.000000000000023 2.220446049250313E-12 0.02 0.11079192181981605 2.220446049250313E-10 3.593940375999704 0.19269454107905448
3.621585769994558 0.9999999999999787 -2.220446049250313E-12 0.02 0.1110567500532027 -2.220446049250313E-10 3.6138174580612805 0.19490849825476983
3.6415857699945584 1.000000000000023 2.220446049250313E-12 0.02 0.11131122510078151 2.220446049250313E-10 3.6336939645928656 0.1971276165330395
3.661585769994558 0.9999999999999787 -2.220446049250313E-12 0.02 0.11155531161273127 -2.220446049250313E-10 3.653569917321458 0.1993516896311718
3.6815857699945584 1.000000000000023 2.220446049250313E-12 0.02 0.11178897573701344 2.220446049250313E-10 3.6734453382049863 0.20158051059564971
3.701585769994558 0.9999999999999787 -2.220446049250313E-12 0.02 0.11201218511715012 -2.220446049250313E-10 3.693320249423339 0.20381387183132194
3.7215857699945585 1.000000000000023 2.220446049250313E-12 0.02 0.11222490889007689 2.220446049250313E-10 3.7131946733692143 0.20605156513052242
3.741585769994558 0.9999999999999787 -2.220446049250313E-12 0.02 0.11242711768408487 -2.220446049250313E-10 3.733068632639917 0.2082933817022471
3.7615857699945585 1.000000000000023 2.220446049250313E-12 0.02 0.11261878361681388 2.220446049250313E-10 3.7529421500263016 0.21053911220096283
3.781585769994558 0.9999999999999787 -2.220446049250313E-12 0.02 0.11279988029335586 -2.220446049250313E-10 3.77281524850391 0.21278854675561498
3.8015857699945577 0.9999999999999787 0.0 0.02 0.11297038280443336 1.1102230246251565E-10 3.7926879512230145 0.21504147499846954
3.821585769994558 1.000000000000023 2.220446049250313E-12 0.02 0.11313026772467977 1.1102230246251565E-10 3.8125602814999344 0.21729768609405659
3.8415857699945577 0.9999999999999787 -2.220446049250313E-12 0.02 0.11327951311099424 -2.220446049250313E-10 3.8324322628067216 0.21955696876789127
3.861585769994558 1.000000000000023 2.220446049250313E-12 0.02 0.11341809850099543 2.220446049250313E-10 3.8523039187611063 0.2218191113351838
3.8815857699945577 0.9999999999999787 -2.220446049250313E-12 0.02 0.11354600491157275 -2.220446049250313E-10 3.872175273116856 0.22408390172956338
3.901585769994558 1.000000000000023 2.220446049250313E-12 0.02 0.11366321483753113 2.220446049250313E-10 3.892046349753555 0.22635112753170172
3.9215857699945578 0.9999999999999787 -2.220446049250313E-12 0.02 0.1137697122503418 -2.220446049250313E-10 3.911917172667519 0.22862057599803554
3.9415857699945582 1.000000000000023 2.220446049250313E-12 0.02 0.11386548259698108 2.220446049250313E-10 3.9317877659610008 0.2308920340892665
3.961585769994558 0.9999999999999787 -2.220446049250313E-12 0.02 0.11395051279887897 -2.220446049250313E-10 3.951658153832183 0.23316528849892398
3.9815857699945583 1.000000000000023 2.220446049250313E-12 0.02 0.11402479125096798 2.220446049250313E-10 3.9715283605651703 0.2354401256819041
4.001585769994558 1.0000000000000009 -1.1102230246251565E-12 0.02 0.1140883078208364 -1.6653345369377348E-10 3.991398410519689 0.23771633188295466
4.021585769994559 1.000000000000023 1.1102230246251565E-12 0.02 0.11414105384798788 1.1102230246251565E-10 4.011268328121351 0.23999369316520522
4.041585769994558 0.9999999999999787 -2.220446049250313E-12 0.02 0.11418302214320414 -1.6653345369377348E-10 4.031138137851023 0.2422719954385799
4.061585769994559 1.000000000000023 2.220446049250313E-12 0.02 0.11421420698801646 2.220446049250313E-10 4.051007864234655 0.24455102448824628
4.081585769994558 0.9999999999999787 -2.220446049250313E-12 0.02 0.11423460413428374 -2.220446049250313E-10 4.070877531833046 0.2468305660030495
4.10158576999456 1.0000000000000675 4.440892098500626E-12 0.02 0.1142442108038797 3.3306690738754696E-10 4.090747165231582 0.2491104056039305
4.121585769994559 0.9999999999999787 -4.440892098500626E-12 0.02 0.11424302568848654 -4.440892098500626E-10 4.110616789030014 0.25139032887234747
4.14158576999456 1.000000000000023 2.220446049250313E-12 0.02 0.11423104894949904 3.3306690738754696E-10 4.130486427832092 0.2536701213786714
4.161585769994559 0.9999999999999787 -2.220446049250313E-12 0.02 0.114208282218036 -2.220446049250313E-10 4.150356106235247 0.25594956871059216
4.18158576999456 1.000000000000023 2.220446049250313E-12 0.02 0.11417472859506092 2.220446049250313E-10 4.170225848820365 0.2582284565015321
4.201585769994559 0.9999999999999787 -2.220446049250313E-12 0.02 0.11413039265161126 -2.220446049250313E-10 4.190095680141522 0.2605065704590609
4.22158576999456 1.000000000000023 2.220446049250313E-12 0.02 0.11407528042913564 2.220446049250313E-10 4.209965624715721 0.2627836963933195
4.2415857699945585 0.9999999999999343 -4.440892098500626E-12 0.02 0.11400939943993918 -3.3306690738754696E-10 4.229835707012422 0.2650596202454241
4.261585769994559 1.000000000000023 4.440892098500626E-12 0.02 0.11393275866773683 4.440892098500626E-10 4.249705951443533 0.26733412811594226
4.2815857699945585 0.9999999999999787 -2.220446049250313E-12 0.02 0.11384536856831118 -3.3306690738754696E-10 4.269576382353155 0.2696070062933476
4.301585769994558 0.9999999999999787 0.0 0.02 0.11374724107027731 1.1102230246251565E-10 4.289447024007509 0.2718780412825174
4.321585769994559 1.000000000000023 2.220446049250313E-12 0.02 0.11363838957595276 1.1102230246251565E-10 4.309317900584745 0.2741470198332341
4.341585769994558 0.9999999999999787 -2.220446049250313E-12 0.02 0.11351882896233328 -2.220446049250313E-10 4.329189036164346 0.27641372896866107
4.361585769994559 1.000000000000023 2.220446049250313E-12 0.02 0.11338857558216583 2.220446049250313E-10 4.349060454717683 0.27867795601397755
4.381585769994558 0.9999999999999787 -2.220446049250313E-12 0.02 0.11324764726512682 -2.220446049250313E-10 4.368932180097807 0.2809394886249491
4.401585769994559 1.000000000000023 2.220446049250313E-12 0.02 0.11309606331909731 2.220446049250313E-10 4.388804236029666 0.2831981148165778
4.421585769994558 0.9999999999999787 -2.220446049250313E-12 0.02 0.1129338445315389 -2.220446049250313E-10 4.40867664609999 0.28545362299174576
4.441585769994559 1.000000000000023 2.220446049250313E-12 0.02 0.11276101317097047 2.220446049250313E-10 4.4285494337468965 0.287705801969859
4.461585769994558 0.9999999999999787 -2.220446049250313E-12 0.02 0.11257759298852703 -2.220446049250313E-10 4.448422622250973 0.28995444101569734
4.481585769994559 1.000000000000023 2.220446049250313E-12 0.02 0.11238360921962016 2.220446049250313E-10 4.468296234725241 0.29219932986817443
4.501585769994558 0.9999999999999787 -2.220446049250313E-12 0.02 0.1121790885856819 -2.220446049250313E-10 4.488170294106009 0.2944402587692351
4.521585769994559 1.000000000000023 2.220446049250313E-12 0.02 0.11196405929601384 2.220446049250313E-10 4.50804482314213 0.29667701849262124
4.541585769994558 0.9999999999999787 -2.220446049250313E-12 0.02 0.11173855104970479 -2.220446049250313E-10 4.527919844386092 0.29890940037288405
4.561585769994559 1.000000000000023 2.220446049250313E-12 0.02 0.1115025950376335 2.220446049250313E-10 4.547795380184948 0.3011371963344256
4.581585769994558 0.9999999999999787 -2.220446049250313E-12 0.02 0.11125622394455638 -2.220446049250313E-10 4.567671452670968 0.30336019892055804
4.601585769994559 1.000000000000023 2.220446049250313E-12 0.02 0.11099947195126757 2.220446049250313E-10 4.587548083752754 0.3055782013226635
4.621585769994558 0.9999999999999787 -2.220446049250313E-12 0.02 0.1107323747368659 -2.220446049250313E-10 4.60742529510413 0.3077909974091575
4.641585769994559 1.000000000000023 2.220446049250313E-12 0.02 0.11045496948104128 2.220446049250313E-10 4.627303108157384 0.30999838175499456
4.661585769994558 0.9999999999999787 -2.220446049250313E-12 0.02 0.11016729486646433 -2.220446049250313E-10 4.647181544093591 0.3122001496708982
4.681585769994559 1.000000000000023 2.220446049250313E-12 0.02 0.10986939108122101 2.220446049250313E-10 4.667060623834972 0.31439609723287815
4.7015857699945585 0.9999999999999787 -2.220446049250313E-12 0.02 0.1095612998213727 -2.220446049250313E-10 4.68694036803289 0.3165860213113211
4.721585769994559 1.000000000000023 2.220446049250313E-12 0.02 0.10924306429348292 2.220446049250313E-10 4.706820797062456 0.31876971960087297
4.7415857699945585 0.9999999999999787 -2.220446049250313E-12 0.02 0.10891472921725952 -2.220446049250313E-10 4.726701931013163 0.32094699064994325
4.761585769994559 1.000000000000023 2.220446049250313E-12 0.02 0.10857634082821252 2.220446049250313E-10 4.746583789681949 0.32311763389053616
4.7815857699945585 0.9999999999999787 -2.220446049250313E-12 0.02 0.10822794688045322 -2.220446049250313E-10 4.7664663925609645 0.32528144966756983
4.801585769994558 0.9999999999999787 0.0 0.02 0.10786959664940662 1.1102230246251565E-10 4.786349758833438 0.32743823926914306
4.821585769994559 1.000000000000023 2.220446049250313E-12 0.02 0.10750134093464231 1.1102230246251565E-10 4.806233907364958 0.3295878049563664
4.841585769994558 0.9999999999999787 -2.220446049250313E-12 0.02 0.10712323206272681 -2.220446049250313E-10 4.826118856695927 0.33172994999338734
4.861585769994559 1.000000000000023 2.220446049250313E-12 0.02 0.10673532389016516 2.220446049250313E-10 4.846004625031205 0.3338644786771817
4.881585769994558 0.9999999999999787 -2.220446049250313E-12 0.02 0.10633767180626078 -2.220446049250313E-10 4.865891230236087 0.33599119636809244
4.901585769994559 1.000000000000023 2.220446049250313E-12 0.02 0.10593033273605815 2.220446049250313E-10 4.885778689828955 0.3381099095200814
4.921585769994558 0.9999999999999787 -2.220446049250313E-12 0.02 0.10551336514337145 -2.220446049250313E-10 4.905667020971254 0.3402204257107617
4.941585769994559 1.000000000000023 2.220446049250313E-12 0.02 0.10508682903373895 2.220446049250313E-10 4.925556240462229 0.3423225536720117
4.961585769994558 0.9999999999999787 -2.220446049250313E-12 0.02 0.1046507859573948 -2.220446049250313E-10 4.94544636473335 0.344416103320621
4.981585769994559 1.000000000000023 2.220446049250313E-12 0.02 0.10420529901229827 2.220446049250313E-10 4.965337409840778 0.34650088578879856
5.001585769994558 0.9999999999999787 -2.220446049250313E-12 0.02 0.10375043284720237 -2.220446049250313E-10 4.9852293914565085 0.34857671345461644
5.021585769994559 1.000000000000023 2.220446049250313E-12 0.02 0.10328625366458516 2.220446049250313E-10 5.005122324865867 0.3506433999731883
5.041585769994558 0.9999999999999787 -2.220446049250313E-12 0.02 0.10281282922365859 -2.220446049250313E-10 5.0250162249613854 0.35270076030753417
5.061585769994559 1.000000000000023 2.220446049250313E-12 0.02 0.10233022884349277 2.220446049250313E-10 5.044911106231791 0.3547486107590135
5.081585769994558 0.9999999999999787 -2.220446049250313E-12 0.02 0.10183852340587463 -2.220446049250313E-10 5.064806982761925 0.3567867689989592
5.101585769994559 1.000000000000023 2.220446049250313E-12 0.02 0.10133778535827379 2.220446049250313E-10 5.084703868227275 0.3588150540998175
5.121585769994558 0.9999999999999787 -2.220446049250313E-12 0.02 0.10082808871695179 -2.220446049250313E-10 5.1046017758823945 0.3608332865657373
5.141585769994559 1.000000000000023 2.220446049250313E-12 0.02 0.10030950906971725 2.220446049250313E-10 5.124500718562557 0.3628412883645784
5.161585769994558 0.9999999999999787 -2.220446049250313E-12 0.02 0.09978212357883894 -2.220446049250313E-10 5.144400708677934 0.3648388829592173
5.181585769994559 1.000000000000023 2.220446049250313E-12 0.02 0.09924601098404753 2.220446049250313E-10 5.164301758203439 0.366825895338493
5.2015857699945585 0.9999999999999787 -2.220446049250313E-12 0.02 0.09870125160517247 -2.220446049250313E-10 5.1842038786811315 0.36880215204947503
5.221585769994559 1.000000000000023 2.220446049250313E-12 0.02 0.09814792734498548 2.220446049250313E-10 5.204107081213178 0.3707674812288494
5.2415857699945585 0.9999999999999787 -2.220446049250313E-12 0.02 0.09758612169200345 -2.220446049250313E-10 5.224011376455024 0.37272171263439086
5.261585769994559 1.000000000000023 2.220446049250313E-12 0.02 0.09701591972298858 2.220446049250313E-10 5.243916774617637 0.37466467767739425
5.2815857699945585 0.9999999999999787 -2.220446049250313E-12 0.02 0.09643740810571738 -2.220446049250313E-10 5.2638232854582485 0.37659620945403083
5.301585769994558 0.9999999999999787 0.0 0.02 0.0958506751014761 1.1102230246251565E-10 5.2837309182790015 0.378516142777544
5.321585769994559 1.000000000000023 2.220446049250313E-12 0.02 0.09525581056742437 1.1102230246251565E-10 5.303639681927675 0.38042431421069006
5.341585769994558 0.9999999999999787 -2.220446049250313E-12 0.02 0.09465290595926772 -2.220446049250313E-10 5.323549584785952 0.3823205620970446
5.361585769994559 1.000000000000023 2.220446049250313E-12 0.02 0.09404205433331414 2.220446049250313E-10 5.343460634776082 0.38420472659412225
5.381585769994558 0.9999999999999787 -2.220446049250313E-12 0.02 0.09342335034888669 -2.220446049250313E-10 5.363372839353093 0.3860766497051656
5.401585769994559 1.000000000000023 2.220446049250313E-12 0.02 0.0927968902704927 2.220446049250313E-10 5.383286205502675 0.38793617531152713
5.421585769994558 0.9999999999999787 -2.220446049250313E-12 0.02 0.09216277196974357 -2.220446049250313E-10 5.403200739744307 0.3897831492055844
5.441585769994559 1.000000000000023 2.220446049250313E-12 0.02 0.09152109492762611 2.220446049250313E-10 5.423116448120607 0.391617419122419
5.461585769994558 0.9999999999999787 -2.220446049250313E-12 0.02 0.09087196023608188 -2.220446049250313E-10 5.443033336205643 0.3934388347732957
5.481585769994559 1.000000000000023 2.220446049250313E-12 0.02 0.09021547060003603 2.220446049250313E-10 5.462951409096287 0.3952472478776145
5.501585769994558 0.9999999999999787 -2.220446049250313E-12 0.02 0.089551730338952 -2.220446049250313E-10 5.482870671415282 0.39704251219597786
5.521585769994559 1.000000000000023 2.220446049250313E-12 0.02 0.08888084538842284 2.220446049250313E-10 5.502791127310097 0.3988244835629044
5.541585769994558 0.9999999999999787 -2.220446049250313E-12 0.02 0.0882029233017321 -2.220446049250313E-10 5.522712780449611 0.4005930199193832
5.561585769994559 1.000000000000023 2.220446049250313E-12 0.02 0.08751807325100143 2.220446049250313E-10 5.542635634029884 0.4023479813462666
5.581585769994558 0.9999999999999787 -2.220446049250313E-12 0.02 0.08682640602870656 -2.220446049250313E-10 5.562559690765836 0.40408923009643993
5.601585769994559 1.000000000000023 2.220446049250313E-12 0.02 0.08612803404845189 2.220446049250313E-10 5.582484952901297 0.40581663062863427
5.621585769994558 0.9999999999999787 -2.220446049250313E-12 0.02 0.08542307134628487 -2.220446049250313E-10 5.6024114221999675 0.4075300496395862
5.641585769994558 0.9999999999999787 0.0 0.02 0.0847116335812521 1.1102230246251565E-10 5.622339099954838 0.40922935609781996
5.661585769994559 1.0000000000000675 4.440892098500626E-12 0.02 0.08399383803635965 2.220446049250313E-10 5.642267986982494 0.4109144212761403
5.681585769994559 0.9999999999999787 -4.440892098500626E-12 0.02 0.08326980361897965 -4.440892098500626E-10 5.662198083629629 0.4125851187851781
5.7015857699945585 0.9999999999999787 0.0 0.02 0.08253965086143 2.220446049250313E-10 5.68212938977106 0.4142413246062234
5.721585769994558 0.9999999999999787 0.0 0.02 0.08180350192119934 0.0 5.702061904814082 0.41588291712459635
5.741585769994559 1.0000000000000675 4.440892098500626E-12 0.02 0.08106148058116557 2.220446049250313E-10 5.721995627699239 0.4175097771627175
5.761585769994559 0.9999999999999787 -4.440892098500626E-12 0.02 0.08031371224959902 -4.440892098500626E-10 5.741930556903437 0.41912178801336736
5.7815857699945585 0.9999999999999787 0.0 0.02 0.0795603239600429 2.220446049250313E-10 5.761866690442634 0.4207188354729096
5.801585769994558 0.9999999999999787 0.0 0.02 0.07880144437106039 0.0 5.781804025874456 0.4223008078744913
5.821585769994558 0.9999999999999787 0.0 0.02 0.07803720376579121 0.0 5.801742560302078 0.42386759612133573
5.841585769994559 1.0000000000000675 4.440892098500626E-12 0.02 0.07726773405141474 2.220446049250313E-10 5.821682290377048 0.4254190937199278
5.861585769958695 0.9999999982067909 -8.966383191477689E-8 0.02 0.07649316875979477 -4.48341364034377E-6 5.8416232122680105 0.4269551968105771
5.881585769002781 0.9999999522043002 -2.3001245352816113E-6 0.02 0.07571364307843884 -1.1052303516834172E-4 5.861565320854084 0.4284758041392911
5.901585762827803 0.9999996912510856 -1.3047660729625932E-5 0.02 0.07492929395142423 -5.37376809717216E-4 5.881508607169913 0.429980816902228
5.921585740539378 0.9999988855787567 -4.0283616442593484E-5 0.02 0.07414026020793613 -0.0013617977856483776 5.901453055237495 0.4314701385567996
5.9415856814477515 0.999997045418688 -9.200800343833748E-5 0.02 0.07334668269535499 -0.0025862193497872 5.92139863887733 0.43294367464664196
5.961585551867807 0.9999935210027733 -1.762207957334283E-4 0.02 0.07254870441558692 -0.004210639614754541 5.941345318519905 0.43440133264235103
5.9815853019190595 0.999987502562627 -3.009220073124652E-4 0.02 0.07174647066426536 -0.006235060578951845 5.961293038014429 0.43584302179802104
6.001584862325654 0.999978020329717 -4.741116454987093E-4 0.02 0.07094012917211168 -0.008659481909312206 5.981241721439563 0.4372686530241377
6.021584141216368 0.99996394453572 -7.037896998518534E-4 0.02 0.07012983024818444 -0.011483902717657202 6.001191269909876 0.4386781387765776
6.041583020924612 0.9999439854122105 -9.979561754747124E-4 0.02 0.06931572692415221 -0.014708323781142951 6.021141558385824 0.44007139296243236
6.06158135478843 0.9999166931908832 -0.0013646110663678712 0.02 0.06849797509939791 -0.018332744544657942 6.041092432478292 0.4414483308621551
6.081578963950498 0.9998804581033749 -0.0018117543754136989 0.02 0.06767673368598115 -0.022357165452291383 6.061043705257638 0.44280886906883243
6.101575634158119 0.9998335103810874 -0.0023473861143763486 0.02 0.06685216475328772 -0.026781586948132485 6.080995154056896 0.44415292544393553
6.121571112563236 0.9997739202558531 -0.002979506261713283 0.02 0.06602443367135083 -0.03160600736684671 6.100946517279595 0.4454804190902967
6.14156510452242 0.9996995979591805 -0.003716114833629547 0.02 0.06519370925262326 -0.0368304285958132 6.120897491202353 0.4467912703416586
6.161557270396877 0.9996082937228312 -0.004565211817464387 0.02 0.06436016389122311 -0.04245484919174203 6.140847726781065 0.44808540076934533
6.181547222352439 0.9994975977781095 -0.005534797236084188 0.02 0.06352397369929459 -0.048479270930990026 6.160796826453675 0.44936273320551584
6.201534521159578 0.9993649403569727 -0.006632871056844181 0.02 0.0626853186396386 -0.054903691037999636 6.180744340944509 0.45062319178323323
6.221518672993394 0.9992075916907872 -0.007867433309272087 0.02 0.06184438265404809 -0.061728112621395326 6.200689766067571 0.45186670199300283
6.241499126233622 0.9990226620113951 -0.009246483969604924 0.02 0.061001353786657136 -0.06895253301664184 6.220632539529508 0.45309319075566645
6.261475268264625 0.9988071015501365 -0.01077802306292952 0.02 0.06015642430157634 -0.07657695466622982 6.240572037733018 0.4543025865114365
6.2814464222754 0.9985577005387825 -0.012470050567703339 0.02 0.05930979079418661 -0.08460137523869093 6.260507572579482 0.45549481932474173
6.30141184405958 0.9982710892090019 -0.014330566489029195 0.02 0.0584616542953211 -0.0930257960662928 6.28043838827214 0.4566698210046158
6.321370718815428 0.9979437377923617 -0.016367570832009903 0.02 0.05761222036767649 -0.10185021714903542 6.300363658118936 0.45782752524023046
6.341322157945834 0.9975719565203267 -0.01858906360174828 0.02 0.05676169919370904 -0.11107463848691879 6.320282481335552 0.45896786775116155
6.361265195858328 0.9971518956247039 -0.021003044781142677 0.02 0.05591030565429616 -0.12069905896971989 6.340193879848621 0.46009078645193746
6.381198786765069 0.9966795453370203 -0.023617514384177696 0.02 0.05505825939745609 -0.13072348015175095 6.360096795098962 0.4611962216303256
6.401121801482847 0.9961507358889232 -0.02644047240485392 0.02 0.05420578489636526 -0.14114790103381125 6.379990084845494 0.46228411613883125
6.421033024233089 0.995561137512091 -0.02947991884161283 0.02 0.05335311149596503 -0.1519723218379454 6.399872519969491 0.46335441559876606
6.440931149442055 0.9949062604483139 -0.032743853188854644 0.02 0.05250047344749742 -0.16319671736209074 6.419742781277925 0.46440706861612924
6.460814778762489 0.9941814660217041 -0.036239721330488806 0.02 0.05164810992057554 -0.1747934070817081 6.439599456531163 0.46544202702023724
6.480682420431681 0.9933820834596041 -0.03996912810499964 0.02 0.05079626490161001 -0.18647033872554175 6.459441039802321 0.4664592462300933
6.500532491816313 0.9925035692315731 -0.043925711401548995 0.02 0.04994518694143406 -0.1978291648274677 6.479265934021164 0.4674586857763835
6.520363322605287 0.9915415394487148 -0.048101489142915455 0.02 0.04909512886109023 -0.208788887068323 6.499072454167226 0.4684403098346802
6.5401731580097415 0.9904917702227234 -0.0524884612995713 0.02 0.0482463474437015 -0.2193486078327922 6.518858830473887 0.469404087734413
6.559960161963042 0.9893501976650398 -0.05707862788417728 0.02 0.04739910311355923 -0.22950832923029907 6.5386232116310286 0.47034999444223735
6.5797224203207865 0.9881129178872072 -0.061863988891630584 0.02 0.04655365960277306 -0.2392680503726652 6.558363667992955 0.4712780110194488
6.599457944060794 0.9867761870003822 -0.0668365443412533 0.02 0.04571028360642255 -0.24862777248113588 6.578078194785136 0.47218812505249647
6.619164672483122 0.9853364211164006 -0.07198829419907682 0.02 0.0448692444265925 -0.2575874928911759 6.597764715317353 0.47308033105635794
6.638840476410054 0.9837901963465789 -0.07731123849108457 0.02 0.044030813606445736 -0.26614721460038737 6.61742108419302 0.47395463084975975
6.658483161386102 0.9821342488024243 -0.08279737720773284 0.02 0.043195264554765835 -0.2743069358324135 6.637045090522841 0.4748110339021704
6.678090470878005 0.9803654745951462 -0.08843871036390283 0.02 0.04236287216181097 -0.2820666578084996 6.656634461141166 0.4756495576520307
6.697660089474737 0.9784809298365893 -0.09422723792784637 0.02 0.04153391240741915 -0.2894263781971773 6.676186863822641 0.4764702277957688
6.717189646087497 0.9764778306379895 -0.1001549599299878 0.02 0.04070866196231452 -0.2963861001070711 6.695699910496652 0.477273078547218
6.736676717149716 0.9743535531109515 -0.1062138763519016 0.02 0.03988739778300342 -0.30294582109569035 6.715171160470969 0.4780581528676656
6.756118829817052 0.9721056333668265 -0.11239598720624855 0.02 0.03907039670194569 -0.30910554271734725 6.7345981236462285 0.47882550266562623
6.775513465167394 0.969731767517068 -0.11869329248792582 0.02 0.03825793501303505 -0.3148652640838634 6.753978263742147 0.4795751889670915
6.794858061400858 0.9672298116732314 -0.1250977921918306 0.02 0.03745028805425539 -0.3202249851952388 6.773309001513647 0.4803072820553824
6.814150017039796 0.9645977819468854 -0.13160148631730095 0.02 0.0366477297875992 -0.32518470627351803 6.792587717977829 0.48102186158146204
6.8333866941287775 0.961833854449079 -0.13819637489032033 0.02 0.0358505323780384 -0.32974442865096876 6.811811757632249 0.4817190166441161
6.852565421434613 0.9589363652917626 -0.14487445786581787 0.02 0.03505896577180895 -0.3339041487748773 6.830978431682272 0.4823988458408436
6.871683497646335 0.9559038105861006 -0.1516277352830997 0.02 0.034273297275734374 -0.3376638708640911 6.850085021259905 0.48306145728912997
6.890738194575211 0.9527348464438035 -0.15844820711485852 0.02 0.03349379113786816 -0.34102359158794116 6.86912878065209 0.48370696861907175
6.909726760354732 0.9494282889760619 -0.16532787338707777 0.02 0.0327207081312092 -0.3439833136109627 6.88810694052043 0.48433550693718413
6.928646422640621 0.9459831142944353 -0.17225873408133197 0.02 0.03195430514091676 -0.34654303471270964 6.907016711126924 0.48494720876238284
6.947494391810831 0.9423984585104961 -0.17923278919695917 0.02 0.03119483475652212 -0.34870275578136045 6.925855285554107 0.4855422199343471
6.966267864165544 0.9386736177356525 -0.18624203874217926 0.02 0.030442544869562518 -0.3504624772610043 6.94461984293412 0.4861206954953825
6.984964025127172 0.9348080480814147 -0.1932784827118894 0.02 0.02969767827858504 -0.35182219848550744 6.963307551663727 0.48668279954578275
7.003580052440351 0.9308013656589509 -0.20033412112319127 0.02 0.028960472301378985 -0.35278192056509283 6.981915572633543 0.487228705074381
7.022113119371957 0.9266533465802862 -0.20740095393323443 0.02 0.028231158396651898 -0.3533416405021583 7.00044106244108 0.4877585937642151
7.040560397911083 0.9223639269563044 -0.21447098119908858 0.02 0.027509961794716126 -0.35350136329270754 7.018881176622799 0.48827265577528745
7.0589190619690605 0.9179332028988796 -0.22153620287124198 0.02 0.026797101139938127 -0.35326108360766995 7.037233072860011 0.4887710895041025
7.077186290579446 0.9133614305192772 -0.22858861898011895 0.02 0.02609278814375636 -0.35262080544384844 7.055493914212544 0.4892541013225582
7.095359271098028 0.9086490259290869 -0.23562022950951444 0.02 0.025397227251325857 -0.35158052646977467 7.07366087232535 0.48972190529577
7.113435202402821 0.9037965652396451 -0.24262303447208922 0.02 0.02471061532102467 -0.35014024812873856 7.091731130650255 0.4901747228811669
7.131411298094072 0.898804784562568 -0.24958903385385867 0.02 0.02403314131846341 -0.3482999690884725 7.109701887662537 0.49061278260945046
7.149284789694253 0.8936745800090407 -0.25651022767636533 0.02 0.023364986025646732 -0.3460596911253333 7.127570360076525 0.49103631974886347
7.167052929848072 0.8884070076909723 -0.26337861590342015 0.02 0.02270632176631273 -0.3434194113527411 7.145333786053823 0.49144557595382177
7.18471299552246 0.8830032837193968 -0.27018619857877013 0.02 0.022057312147425116 -0.34037913376749884 7.162989428424112 0.49184079889976584
7.2022622912065835 0.8774647842061611 -0.2769249756617853 0.02 0.021418111818626587 -0.33693885415075897 7.180534577889201 0.4922222419048652
7.21969815211183 0.8717930452623257 -0.2835869471917718 0.02 0.020788866249253427 -0.3330985764993244 7.197966556238251 0.4925901635405952
7.2370179473718235 0.8659897629996749 -0.29016411313254054 0.02 0.02016971152433473 -0.32885829703843683 7.215282719551957 0.49294482723210553
7.254219083242415 0.8600567935295622 -0.29664847350563406 0.02 0.019560774159351743 -0.32421801865467614 7.2324804614170635 0.49328650085022263
7.271299006301685 0.853996152963532 -0.30303202830150866 0.02 0.018962170935266538 -0.3191777397937301 7.249557216123203 0.4936154562959528
7.288255206649941 0.8478100174127867 -0.309306777537266 0.02 0.018374008752942553 -0.3137374617878663 7.266510461878913 0.4939319690796322
7.305085221109723 0.8415007229890747 -0.31546472118559876 0.02 0.017796384508886834 -0.30789718241663877 7.283337724003465 0.4942363178953021
7.321786636425799 0.8350707658038026 -0.32149785926360863 0.02 0.017229384990946693 -0.3016569039004935 7.300036578142959 0.4945287841926561
7.338357092465166 0.8285228019683899 -0.3273981917706337 0.02 0.016673086796046073 -0.29501662535125206 7.316604653458402 0.4948096517469814
7.354794285417055 0.8218596475944473 -0.3331577186971302 0.02 0.01612755626837479 -0.28797634632482527 7.333039635838013 0.49507920622942714
7.371095970992917 0.8150842787930657 -0.3387684400690816 0.02 0.015592849459746379 -0.28053606859756997 7.349339271088026 0.4953377347781684
7.38725996762644 0.8081998316761485 -0.3442223558458579 0.02 0.015069012111139687 -0.27269578883881707 7.365501368133475 0.4955855255723341
7.403284159673538 0.801209602354902 -0.3495114660623244 0.02 0.014556079655829973 -0.26445551082332486 7.381523802217864 0.4958228674098043
7.419166500612356 0.7941170469409009 -0.3546277707000556 0.02 0.014054077244276528 -0.2558152318865581 7.39740451809553 0.4960500492900709
7.434905016243265 0.7869257815454667 -0.35956326977171216 0.02 0.013563019790197924 -0.24677495358282897 7.4131415332308706 0.49626736000358285
7.450497807888869 0.7796395822802005 -0.36430996326330956 0.02 0.013082912038258239 -0.2373346745798699 7.4287329409863485 0.49647508772849547
7.4659430555940025 0.7722623852566723 -0.3688598511764063 0.02 0.012613748652290847 -0.22749439565483698 7.444176913826092 0.49667351963633366
7.481239021325726 0.7647982865861547 -0.3732049335258836 0.02 0.012155514324885305 -0.21725411747386403 7.45947170649963 0.4968629415071476
7.496384052173327 0.7572515423800663 -0.37733721030441814 0.02 0.011708183906955674 -0.20661383892672802 7.474615659238782 0.49704363735562096
7.511376583548329 0.7496265687501058 -0.3812486814980254 0.02 0.011271722557490794 -0.19557355968036205 7.489607200948592 0.4972158890688422
7.5262151423578185 0.7419279404744739 -0.38493141378159734 0.02 0.01084608591368056 -0.18413661417859828 7.504444852368113 0.4973799760563673
7.540898349116498 0.7341603379339645 -0.3883801270254672 0.02 0.010431220309365268 -0.17243566219349304 7.519127228183133 0.4975361749028735
7.555424916591946 0.7263283737724002 -0.3915982080782143 0.02 0.0100270631054944 -0.1609040526373562 7.533653035647518 0.4976847590026081
7.569793646702651 0.7184365055352693 -0.3945934118565475 0.02 0.009633543073151007 -0.14976018891665888 7.548021071484467 0.49782599820276896
7.5840034273180095 0.7104890307679135 -0.39737373836779 0.02 0.009250580780236543 -0.13901632556212462 7.562230218668511 0.49796015847480696
7.598053229058329 0.7024900870159723 -0.3999471875970606 0.02 0.008878088977202173 -0.1286724614635304 7.576279443216393 0.4980875016143129
7.6119421020948215 0.6944436518246278 -0.4023217595672257 0.02 0.008515972981259279 -0.11872859850825535 7.590167790976633 0.4982082849684344
7.625669172949611 0.6863535427394929 -0.4045054542567428 0.02 0.008164131058252526 -0.10918473447585342 7.603894384417751 0.4983227611899553
7.639233641295732 0.6782234173060342 -0.40650627167293507 0.02 0.007822454801339543 -0.10004087080961455 7.61745841941878 0.49843117801705894
7.652634776757128 0.6700567730697937 -0.4083322118120236 0.02 0.007490829505881237 -0.09129700695442722 7.6308591620561455 0.4985337780778156
7.665871915708646 0.6618569475759006 -0.40999127469465435 0.02 0.007169134539711054 -0.08295314413153676 7.644095945392864 0.49863079871839033
7.678944458076048 0.6536271183700926 -0.41149146029040296 0.02 0.006857243708197805 -0.07500927978743022 7.657168166267532 0.49872247185400803
7.6918518641360025 0.6453703029977387 -0.4128407686176949 0.02 0.006555025613494268 -0.06746541636459824 7.670075282083233 0.49880902384160575
7.70459365131609 0.6370893590043725 -0.4140471996683104 0.02 0.006262344007400521 -0.060321552530773204 7.682816807596659 0.49889067537321014
7.717169390994797 0.6287869839353366 -0.41511875345179305 0.02 0.005979058137328602 -0.053577689174133525 7.6953923117074625 0.4989676413889827
7.729578705301518 0.6204657153360493 -0.41606342996436396 0.02 0.005705023084892784 -0.04723382562854539 7.707801414247778 0.49904013100893313
7.7418212639165604 0.6121279307521377 -0.4168892291955828 0.02 0.005440090096686716 -0.04128996156094189 7.720043782772083 0.49910834748230953
7.753896780871138 0.6037758477288602 -0.41760415116387506 0.02 0.005184106906870489 -0.03574609841461296 7.7321191293472875 0.4991724881536404
7.765805011347376 0.5954115238119062 -0.4182161958476982 0.02 0.004936918051234675 -0.03060223419115715 7.744027207341871 0.49923274444444443
7.777545748478304 0.587036856546419 -0.4187333632743595 0.02 0.004698365172326448 -0.025858371333065122 7.7557678082197965 0.49928930184968706
7.789118820147867 0.5786535834781503 -0.41916365341343464 0.02 0.004468287315577413 -0.021514506953757007 7.767340758329535 0.4993423399479476
7.800524085790914 0.5702632821523501 -0.41951506629001045 0.02 0.004246521216068097 -0.017570643828790367 7.778745915694768 0.49939203242442415
7.811761433193207 0.5618673701146548 -0.41979560188476484 0.02 0.004032901575771443 -0.014026779737719153 7.789983166805646 0.4994385471058625
7.822830775291412 0.5534671049102435 -0.4200132602205642 0.02 0.0038272613310375084 -0.010882916789967112 7.801052423416291 0.49948204600651086
7.833732046973108 0.545063584084815 -0.42017604127142505 0.02 0.0036294319105792602 -0.00813905254304359 7.811953619328811 0.4995226853842057
7.844465201876784 0.5366577451837884 -0.42029194505133205 0.02 0.003439243483319171 -0.005795188995350031 7.822686707194413 0.4995606158058449
7.855030209191836 0.5282503657525695 -0.4203689715609471 0.02 0.0032565251966750267 -0.003851325480752621 7.833251655299566 0.4995959822213264
7.865427050458567 0.5198420633365508 -0.42041512080093213 0.02 0.003081105404747403 -0.002307461999251359 7.843648444366363 0.4996289240452989
7.875655716368192 0.5114332954812895 -0.42043839276306727 0.02 0.002912811886968611 -0.0011635981067570356 7.853877064338604 0.49965957524584115
7.885716203562839 0.5030243597323292 -0.42044678744801445 0.02 0.0027514720567497833 -4.1973424735886056E-4 7.863937511184489 0.4996880644395173
7.8956085115383745 0.4946153987767765 -0.4204480477776329 0.02 0.002596913159182125 -6.301648092232881E-5 7.873829783788094 0.49971451499222236
7.905332641325815 0.4862064893720319 -0.42044547023722956 0.02 0.0024489624326976614 1.2887702016683988E-4 7.883553882626883 0.4997390451292943
7.914888597630311 0.4777978152247897 -0.42043370736211116 0.02 0.0023074472154992337 5.881437559196456E-4 7.893109811906846 0.49976176805632977
7.924276392006103 0.46938971878960345 -0.4204048217593126 0.02 0.0021721950408916113 0.0014442801399283667 7.902497582733622 0.4997827920818645
7.933496046056522 0.4609827025209512 -0.4203508134326128 0.02 0.0020430337381394173 0.002700416334988631 7.911717216306503 0.4998022207389899
7.942547594633989 0.4525774288733686 -0.4202636823791295 0.02 0.0019197915388502462 0.004356552674167347 7.920768747115396 0.499820152906116
7.951431089040018 0.444174720301449 -0.4201354285959802 0.02 0.001802297188556394 0.006412689157464513 7.929652226137162 0.499836682927032
7.960146600225213 0.4357755592597101 -0.4199580520869439 0.02 0.001690380063092349 0.008868825451813223 7.938367724032255 0.4998519007304678
7.968694221989268 0.42738108820277176 -0.41972355284691787 0.02 0.0015838702893477344 0.011724962001302686 7.94691533434157 0.4998658919492733
7.977074074180971 0.41899260958513374 -0.41942393088190144 0.02 0.0014825988699484483 0.01498109825082139 7.955295176683555 0.4998787380393652
7.985286305898196 0.41061158586126467 -0.41905118619345316 0.02 0.0013863978114035669 0.01863723442241394 7.963507399951302 0.4998905163984839
7.993331098687912 0.4022396394857797 -0.41859731877424977 0.02 0.0012951002552333349 0.022693370960169545 7.971552185509829 0.4999013004848572
8.001208669746177 0.3938785529132627 -0.4180543286258498 0.02 0.0012085406115480077 0.027149507419998997 7.979429750395543 0.49991115993580704
8.008919275118142 0.38553026859826645 -0.41741421574981175 0.02 0.0011265546946243113 0.032005643801902295 7.987140350512148 0.499920160686297
8.016463212898046 0.37719688899517934 -0.4166689801543555 0.02 0.001048979859867502 0.03726177977281253 7.994684283829064 0.49992836508740246
8.023840826429218 0.368880676558625 -0.4158106218277169 0.02 9.756551416498643E-4 0.04291791633193043 8.002061893579585 0.49993583202470626
8.031052507504086 0.36058405374337354 -0.41483114076257266 0.02 9.064213914361102E-4 0.04897405325721138 8.009273571461335 0.4999426170365419
8.03809869956416 0.3523096030036754 -0.41372253698490624 0.02 8.41121415694944E-4 0.05543018888332085 8.016319760831776 0.4999487724320136
8.044979900900042 0.3440600667941496 -0.41247681047629214 0.02 7.796001129410715E-4 0.06228632543070489 8.023200959907939 0.49995434740870043
8.051696667851429 0.3358383475693394 -0.41108596124050933 0.02 7.217046093486376E-4 0.06954246178914048 8.029917724967094 0.49995938816996743
8.058249618007109 0.3276475077839791 -0.4095419892680141 0.02 6.672843924209956E-4 0.07719859862476142 8.036470673542471 0.4999639380417292
8.064639433404956 0.31949076989237213 -0.407836894580349 0.02 6.161914420371173E-4 0.08525473438325548 8.042860487624374 0.49996803758854147
8.07086686373194 0.31137151634919036 -0.4059626771590885 0.02 5.682803583641899E-4 0.09371087106302411 8.049087916859381 0.4999717247289
8.076932729524117 0.3032932896088525 -0.4039113370168934 0.02 5.234084860659613E-4 0.10256700710975508 8.05515378174805 0.4999750348495544
8.08283792536664 0.2952597921261457 -0.4016748741353382 0.02 4.8143603420690295E-4 0.11182314407776062 8.061058976845047 0.4999780009187034
8.088583423093748 0.2872748863554264 -0.3992452885359654 0.02 4.422261913348685E-4 0.12147927996863928 8.066804473959383 0.49998065359790766
8.094170274988771 0.279342594751153 -0.39661458021367224 0.02 4.056452352128523E-4 0.1315354161146587 8.07239132535238 0.49998302135251804
8.099599616984134 0.2714670997681523 -0.3937747491500332 0.02 3.7156263665910627E-4 0.14199155318195267 8.077820666937809 0.4999851305604737
8.104872671861349 0.2636527438607317 -0.3907177953710317 0.02 3.3985115702083596E-4 0.15284768895007517 8.083093721481443 0.49998700561928505
8.109990752450402 0.2559040294526582 -0.3874357204036727 0.02 3.10386938804294E-4 0.16410374836794972 8.088211801800082 0.49998866905103223
8.11495526453544 0.2482256042519282 -0.3839212600365016 0.02 2.830495906005759E-4 0.17572301835855342 8.09317631366672 0.49999014160511207
8.119767707198191 0.24062213313751357 -0.38017355572073086 0.02 2.5772227705961326E-4 0.18738521578853806 8.097988756153383 0.4999914423580662
8.124429670140618 0.23309814712133559 -0.3761993008088993 0.02 2.3429181162887974E-4 0.19871274559157825 8.102650718954818 0.4999925888105819
8.12894283048873 0.22565801740563884 -0.3720064857848371 0.02 2.1264873561570308E-4 0.20964075120311065 8.107163879190344 0.4999935969824546
8.13330894959259 0.21830595519301 -0.3676031106314426 0.02 1.9268738096582527E-4 0.22016875766972532 8.111529998204498 0.49999448150530035
8.1375298698263 0.21104601168548953 -0.36299717537602305 0.02 1.7430591736807693E-4 0.23029676277097622 8.11575091836706 0.4999952557127266
8.141607511388017 0.20388207808581527 -0.3581966799837133 0.02 1.5740638433223847E-4 0.2400247696154878 8.119828559872893 0.4999959317276964
8.14554386909994 0.19681788559617885 -0.3532096244818206 0.02 1.4189470892111977E-4 0.2493527750946356 8.123764917540681 0.4999965205468391
8.149341009208323 0.189857005419114 -0.34804400885324327 0.02 1.2768070980924418E-4 0.2582807814288657 8.127562057614647 0.4999970321215527
8.153001066183455 0.18300284875660822 -0.34270783312528863 0.02 1.146780884187168E-4 0.266808786397732 8.131222114562751 0.4999974754357139
8.156526239519684 0.1762586668114352 -0.33720909725865056 0.02 1.0280440782405031E-4 0.2749367933319036 8.134747287878167 0.4999978585799151
8.159918790535402 0.1696275507859113 -0.33155580127619544 0.02 9.198106020472802E-5 0.282664799122756 8.1381398388778 0.4999981888221333
8.163181039173045 0.16311243188216196 -0.325755945187467 0.02 8.213322356026564E-5 0.28999280443642306 8.141402087503131 0.49999847267478303
8.166315360799102 0.15671608130283232 -0.31981752896648175 0.02 7.318980846403311E-5 0.2969208110492616 8.144536409119723 0.49999871595813844
8.169324183004102 0.15044111025002138 -0.313748552640547 0.02 6.508339560749865E-5 0.30344881629673637 8.147545231317622 0.49999892386011763
8.172209982402633 0.14428996992652543 -0.3075570161747976 0.02 5.775016488077794E-5 0.3095768232874718 8.150431030710752 0.4999991009924993
8.174975281433321 0.13826495153441698 -0.3012509196054225 0.02 5.1129816750705714E-5 0.3153048284687543 8.153196329737241 0.49999925144354
8.17762264515884 0.13236818627593294 -0.2948382629242019 0.02 4.516548667404113E-5 0.3206328340610298 8.15584369345973 0.4999993788271643
8.180154678065913 0.12660164535365226 -0.28832704611403415 0.02 3.9803653279518736E-5 0.32556084050838763 8.158375726364497 0.4999994863287309
8.182574020865314 0.12096713997005182 -0.28172526918002205 0.02 3.4994041040008195E-5 0.3300888467006047 8.160795069162297 0.4999995767475209
8.18488334729186 0.11546632132732881 -0.2750409321361502 0.02 3.068951814323706E-5 0.33421685219359176 8.163104395587611 0.49999965253603423
8.18708536090442 0.11010068062802247 -0.268282034965317 0.02 2.6845990249400875E-5 0.3379448585416611 8.165306409199214 0.4999997158362303
8.189182791885903 0.10487154907412588 -0.26145657769482966 0.02 2.3422290802189993E-5 0.3412728635243667 8.167403840180034 0.499999768512859
8.191178393843272 0.09978009786841824 -0.2545725602853821 0.02 2.0380068553545183E-5 0.3442008704723776 8.169399442136918 0.49999981218396183
8.193074940607536 0.09482733821322142 -0.24763798275984072 0.02 1.7683672915241866E-5 0.3467288762770693 8.171295988900852 0.49999984824876725
8.194875223033751 0.09001412131075526 -0.24066084512330832 0.02 1.5300037751631024E-5 0.3488568818266202 8.173096271326827 0.49999987791304457
8.19658204580102 0.08534113836340396 -0.23364914736756504 0.02 1.3198564182199946E-5 0.35058488778716423 8.174803094093951 0.4999999022121304
8.198198224212492 0.08080892057362732 -0.2266108894888319 0.02 1.135100295292929E-5 0.3519128939366567 8.17641927250532 0.499999922031716
8.199726580995367 0.07641783914378308 -0.21955407149221173 0.02 9.731336884470643E-6 0.3528408998310084 8.177947629288091 0.49999993812658905
8.201169943100894 0.07216810527630457 -0.21248669337392556 0.02 8.315663904925885E-6 0.3533689059143086 8.179390991393609 0.4999999511374497
8.202531138504359 0.0680597701732566 -0.20541675515239888 0.02 7.0820811170491105E-6 0.3534969110763342 8.180752186796996 0.4999999616059382
8.203812993005108 0.06409272503749008 -0.19835225678832558 0.02 6.0105703405602395E-6 0.3532249182036651 8.182034041297753 0.4999999699880271
8.20501832702653 0.06026670107104337 -0.1913011983223356 0.02 5.082885525906078E-6 0.3525529232994984 8.183239375319141 0.49999997666590895
8.206149952416055 0.056581269476296825 -0.18427157973732733 0.02 4.282442408576337E-6 0.35148092925041396 8.18437100070865 0.49999998195848827
8.207210669245173 0.053035841455884025 -0.17727140102063998 0.02 3.594210741711401E-6 0.3500089358343672 8.185431717537767 0.4999999861306275
8.20820326260941 0.04962966821189241 -0.17030866219958085 0.02 3.0046094175104066E-6 0.34813694105295667 8.186424310902002 0.49999998940124485
8.209130499428348 0.04636184094684026 -0.1633913632526074 0.02 2.5014047398963513E-6 0.345864947348673 8.187351547720944 0.4999999919503839
8.209995125245609 0.043231290863054994 -0.1565275041892633 0.02 2.0736121049413914E-6 0.343192953167204 8.188216173538208 0.4999999939253394
8.210799861028867 0.0402367891629396 -0.14972508500576964 0.02 1.7114012877822438E-6 0.34012095917468343 8.189020909321481 0.4999999954459815
8.211547399969843 0.03737694704879502 -0.1429921057072292 0.02 1.4060055236395086E-6 0.3366489649270221 8.189768448262454 0.4999999966093092
8.212240404284307 0.03465021572317539 -0.13633656628098123 0.02 1.1496345281511444E-6 0.3327769713123985 8.19046145257691 0.49999999749335666
8.21288150201207 0.03205488638817755 -0.12976646674989212 0.02 9.35391580178524E-7 0.32850497655445565 8.191102550304675 0.49999999816053303
8.213473283816999 0.02958909024641798 -0.12328980708797843 0.02 7.571947598233875E-7 0.3238329830956843 8.191694332109606 0.49999999866042727
8.214018299787003 0.027250798500233486 -0.11691458730922477 0.02 6.09702394793743E-7 0.318760988937683 8.192239348079621 0.49999999903219305
8.21451905623404 0.025037822351858807 -0.11064880741873395 0.02 4.882427667579625E-7 0.31328899452454095 8.192740104526656 0.4999999993065344
8.214978012494115 0.022947813003693085 -0.10450046740828611 0.02 3.8874807628541674E-7 0.30741700052239196 8.193199060786732 0.49999999950735047
8.215397577727282 0.020978261658388675 -0.0984775672652205 0.02 3.076926537448621E-7 0.30114500715328063 8.193618626019905 0.499999999653121
8.215780107717642 0.01912649951796297 -0.09258810702128528 0.02 2.42035381875505E-7 0.2944730121967609 8.19400115601026 0.4999999997580134
8.216127901673339 0.01738969778486421 -0.08684008665493792 0.02 1.8916626468717945E-7 0.2874010183173681 8.19434894996596 0.49999999983281096
8.216443199026571 0.015764867661616222 -0.08124150616239945 0.02 1.468570654250545E-7 0.2799290246269237 8.194664247319192 0.49999999988564287
8.21672817623358 0.014248860350463133 -0.07580036555765446 0.02 1.1321590871748999E-7 0.27205703023724936 8.194949224526205 0.4999999999225979
8.216984943574658 0.012838367053902289 -0.0705246648280422 0.02 8.664572789113256E-8 0.2637850364806127 8.195205991867285 0.49999999994818045
8.217215541954142 0.011529918974151343 -0.06542240398754728 0.02 6.580642852860308E-8 0.25511304202474605 8.19543659024677 0.4999999999657028
8.217421939700415 0.010319887313681164 -0.06050158302350894 0.02 4.958060996484992E-8 0.24604104820191708 8.195642987993036 0.4999999999775708
8.217606029365912 0.009204483274860564 -0.055770201941029995 0.02 3.704268341370165E-8 0.23656905412394735 8.195827077658537 0.4999999999855158
8.217769624527113 0.008179758060045117 -0.051236260740772366 0.02 2.7431220621376706E-8 0.22669706001288148 8.195990672819736 0.4999999999907704
8.217914456584545 0.007241602871577157 -0.04690775942339798 0.02 2.0124337640758938E-8 0.21642506586871946 8.196135504877171 0.49999999999420036
8.218042171562784 0.006385748911963418 -0.04279269798068697 0.02 1.4617927542037723E-8 0.2057530721355505 8.19626321985541 0.49999999999640954
8.218154326910451 0.0056077673833421215 -0.03889907643106483 0.02 1.0506553467515278E-8 0.19468107748110697 8.196375375203077 0.49999999999781203
8.218252388341444 0.004903071549655635 -0.03523479168432431 0.02 7.466782074583289E-9 0.18321423733702602 8.196473436634072 0.49999999999868966
8.218337727931795 0.004266979517542069 -0.03180460160567833 0.02 5.242748138400977E-9 0.1715095039322989 8.196558776224421 0.49999999999922956
8.218411625728478 0.0036948898341826464 -0.028604484167971123 0.02 3.633727430063516E-9 0.1600058718853603 8.196632674021107 0.49999999999955497
8.218475272881287 0.003182357640429956 -0.025626609687634527 0.02 2.4836181167220417E-9 0.14889372401682976 8.196696321173917 0.49999999999974915
8.218529774842827 0.0027250980769721878 -0.022862978172888404 0.02 1.6721568713018442E-9 0.13818157573730616 8.196750823135455 0.4999999999998626
8.218576154568513 0.0023189862843331355 -0.020305589631952614 0.02 1.1076186426373091E-9 0.1278694270467895 8.196797202861143 0.4999999999999246
8.218615355716583 0.00196005740349392 -0.017946444041960774 0.02 7.208020152971173E-10 0.117957279499592 8.196836404009215 0.49999999999996186
8.218648245848083 0.0016445065750048116 -0.01577754142445542 0.02 4.601130587644775E-10 0.10844513087526764 8.196869294140715 0.4999999999999814
8.218675619626874 0.0013686889395181367 -0.01379088177433374 0.02 2.875726809459245E-10 0.09933298250608402 8.196896667919505 0.4999999999999903
8.218698202019633 0.001129119637965914 -0.011978465077611133 0.02 1.7561535559096342E-10 0.09062083483613037 8.196919250312265 0.4999999999999964
8.218716651495846 9.224738106716757E-4 -0.01033229136471192 0.02 1.0453511667396498E-10 0.08230868564496063 8.19693769978848 0.49999999999999817
8.218731563227822 7.455865987715526E-4 -0.008844360595006151 0.02 6.048284095783174E-11 0.07439653848528849 8.196952611520455 0.49999999999999906
8.218743472290674 5.95453142615554E-4 -0.00750667280779993 0.02 3.390374092582249E-11 0.06688438936031105 8.196964520583306 0.49999999999999994
8.21875285686234 4.692285832774701E-4 -0.006311227966904198 0.02 1.8340363949764793E-11 0.059772242044786594 8.196973905154971 0.5000000000000018
8.21876014142356 3.6422806104496885E-4 -0.005250026111625061 0.02 9.530438938032404E-12 0.053060092763956845 8.196981189716192 0.5000000000000009
8.218765699957897 2.779267168406818E-4 -0.004315067210214352 0.02 4.729931724067882E-12 0.04674794507053548 8.196986748250529 0.5000000000000027
8.218769859151728 2.0795969151166105E-4 -0.0034983512664510386 0.02 2.227253104170046E-12 0.04083579718816566 8.19699090744436 0.5000000000000009
8.218772901594237 1.5212212547410786E-4 -0.0027918783018776594 0.02 9.862041738806226E-13 0.03532364822866896 8.196993949886869 0.5
8.21877506897743 1.0836915969036909E-4 -0.0021876482891869387 0.02 4.061612157713057E-13 0.030211500634536037 8.196996117270064 0.5
8.218776565296125 7.481593469194081E-5 -0.0016776612499214139 0.02 1.539671168337975E-13 0.02549935196327624 8.196997613588756 0.5
8.218777560047949 4.9737591201193254E-5 -0.0012539171745373778 0.02 5.286743265386917E-14 0.0211872037692018 8.196998608340582 0.500000000000001
8.218778191433351 3.1569270131370786E-5 -9.084160534911234E-4 0.02 1.614680611439212E-14 0.01727505605231272 8.196999239725985 0.5000000000000009
8.218778569555587 1.890611178723134E-5 -6.331579172069723E-4 0.02 4.4200754167889045E-15 0.013762906814207554 8.196999617848219 0.500000000000001
8.218778779620733 1.0503257286131884E-5 -4.2014272505497274E-4 0.02 1.3253287356462806E-15 0.01065075960759998 8.196999827913364 0.5000000000000009
8.218778885137676 5.275847136942957E-6 -2.6137050745944634E-4 0.02 6.591949208711867E-16 0.00793861087977632 8.196999933430307 0.4999999999999991
8.218778931118115 2.2990219505913956E-6 -1.4884125931757808E-4 0.02 4.371503159461554E-16 0.005626462407093413 8.196999979410746 0.5
8.218778947276569 8.079227065138639E-7 -7.455496220387658E-5 0.02 1.1032841307212493E-15 0.0037143148556850747 8.196999995569202 0.5
8.218778951230366 1.9768986447843417E-7 -3.0511642101771486E-5 0.02 4.371503159461554E-16 0.002202166005105255 8.196999999523 0.5
8.218778951699651 2.346425276300579E-8 -8.71128058577142E-6 0.02 4.371503159461554E-16 0.0010900180758000033 8.196999999992283 0.5000000000000009
8.218778951707367 3.858247055177344E-10 -1.1539214028744027E-6 0.02 6.591949208711867E-16 3.7786795914485083E-4 8.197 0.5000000000000009
8.218778951707367 0.0 -1.929123527588672E-8 0.02 6.591949208711867E-16 5.67315083799258E-5 8.197 0.5000000000000009
