2.666666666666667E-11 1.3333333333333335E-9 6.666666666666667E-8 0.02 0.0 3.3333333333333333E-6 2.666666666981511E-11 2.0194839173657902E-28
8.533333333333335E-10 4.133333333333334E-8 2.0000000000000003E-6 0.02 0.0 9.666666666666668E-5 8.533333333365191E-10 6.462348535570529E-27
6.479999999999999E-9 2.8133333333333326E-7 1.1999999999999995E-5 0.02 6.938893903907228E-18 4.999999999999998E-4 6.4800000000184916E-9 5.169878828456423E-26
2.730666666666667E-8 1.0413333333333335E-6 3.800000000000001E-5 0.02 1.457167719820518E-16 0.0013000000000000008 2.7306666666734672E-8 1.4475660719677984E-24
8.333333333333335E-8 2.801333333333334E-6 8.800000000000002E-5 0.02 1.3322676295501878E-15 0.002500000000000001 8.333333333353454E-8 3.7223127564886245E-23
2.0735999999999997E-7 6.20133333333333E-6 1.699999999999998E-4 0.02 8.215650382226158E-15 0.004099999999999988 2.0736000000049835E-7 5.69100261436483E-22
4.4818666666666683E-7 1.2041333333333343E-5 2.9200000000000065E-4 0.02 3.837902218251088E-14 0.006100000000000042 4.481866666677416E-7 5.7373247286678E-21
8.738133333333335E-7 2.1281333333333332E-5 4.6199999999999947E-4 0.02 1.459041221174573E-13 0.008499999999999942 8.738133333354273E-7 4.249723115052435E-20
1.5746399999999998E-6 3.504133333333331E-5 6.879999999999989E-4 0.02 4.737876757587856E-13 0.011299999999999973 1.5746400000037623E-6 2.4868357935794224E-19
2.6666666666666673E-6 5.4601333333333376E-5 9.780000000000032E-4 0.02 1.358801959838729E-12 0.01450000000000021 2.66666666667301E-6 1.2078292781152297E-18
4.294693333333333E-6 8.140133333333328E-5 0.0013399999999999953 0.02 3.52436829720304E-12 0.018099999999999606 4.294693333343423E-6 5.045404689879443E-18
6.635519999999999E-6 1.1704133333333331E-4 0.0017820000000000015 0.02 8.413290897291148E-12 0.02210000000000031 6.635520000015157E-6 1.8608943274262555E-17
9.901146666666668E-6 1.6328133333333344E-4 0.0023120000000000063 0.02 1.873207144953426E-11 0.026500000000000242 9.90114666668792E-6 6.182318781463767E-17
1.4341973333333339E-5 2.2204133333333353E-4 0.002938000000000005 0.02 3.930349101732844E-11 0.031299999999999925 1.4341973333360186E-5 1.8789710693118463E-16
2.0249999999999994E-5 2.9540133333333276E-4 0.0036679999999999612 0.02 7.835402465738994E-11 0.03649999999999782 2.0250000000027357E-5 5.288918191885582E-16
2.7962026666666672E-5 3.8560133333333387E-4 0.004510000000000056 0.02 1.4939837561511737E-10 0.04210000000000472 2.7962026666705977E-5 1.3925016247370988E-15
3.786285333333334E-5 4.950413333333335E-4 0.00547199999999998 0.02 2.7392509788226604E-10 0.048099999999996236 3.786285333340867E-5 3.457221513667656E-15
5.038847999999999E-5 6.262813333333325E-4 0.006561999999999952 0.02 4.85135792649416E-10 0.054499999999998605 5.0388480000043645E-5 8.14850015126668E-15
6.602930666666667E-5 7.82041333333334E-4 0.007788000000000071 0.02 8.33045750436856E-10 0.061300000000005926 6.602930666679003E-5 1.8335386784166727E-14
8.533333333333335E-5 9.652013333333341E-4 0.009158000000000006 0.02 1.3913170268664565E-9 0.06849999999999677 8.533333333350204E-5 3.957591488884852E-14
1.0890935999999998E-4 0.0011788013333333314 0.010679999999999863 0.02 2.2662661608441326E-9 0.07609999999999284 1.0890936000020832E-4 8.227432271709287E-14
1.3743018666666665E-4 0.0014260413333333334 0.012362000000000104 0.02 3.608567895885262E-9 0.08410000000001203 1.3743018666694117E-4 1.6531325784050746E-13
1.7163581333333336E-4 0.0017102813333333355 0.0142120000000001 0.02 5.628265381529829E-9 0.09249999999999979 1.7163581333356915E-4 3.2201500614495535E-13
2.1233663999999997E-4 0.0020350413333333306 0.016237999999999756 0.02 8.613794462430935E-9 0.10129999999998282 2.1233664000042392E-4 6.097005783952574E-13
2.6041666666666666E-4 0.0024040013333333347 0.018448000000000204 0.02 1.295583756943941E-8 0.11050000000002239 2.60416666667176E-4 1.1246971676735513E-12
3.168366933333334E-4 0.0028210013333333354 0.020850000000000035 0.02 1.9176940223297745E-8 0.12009999999999156 3.168366933339273E-4 2.0254475976603332E-12
3.8263752000000016E-4 0.0032900413333333393 0.023452000000000195 0.02 2.7967950892715532E-8 0.130100000000008 3.826375200006795E-4 3.567468393042344E-12
4.5894314666666684E-4 0.003815281333333334 0.026261999999999727 0.02 4.0232483990154666E-8 0.1404999999999766 4.58943146667521E-4 6.15537176147673E-12
5.469639733333331E-4 0.004401041333333315 0.029287999999999037 0.02 5.714075499568816E-8 0.15129999999996552 5.469639733341117E-4 1.0419116246585935E-11
6.479999999237241E-4 0.00505180132951955 0.03253799980931179 0.02 8.019429750816265E-8 0.1624999904656376 6.479999999245688E-4 1.732421026296241E-11
7.634438505853905E-4 0.005772192533083317 0.036019560178188324 0.02 1.1130319284291534E-7 0.17407801844382675 7.634438505869125E-4 2.832889881064591E-11
8.947816399846582E-4 0.006566889469963389 0.03973484684400359 0.02 1.5287693820587034E-7 0.18576433329076344 8.947816399862026E-4 4.560530933743392E-11
0.0010435905448563944 0.007440445243586809 0.04367778868117102 0.02 2.0792967831556597E-7 0.1971470918583712 0.0010435905448583117 7.234622861722328E-11
0.0012115356150738674 0.008397253510873648 0.04784041336434192 0.02 2.802013996106023E-7 0.20813123415854526 0.0012115356150761976 1.1318538193147562E-10
0.0014003665736487458 0.00944154792874392 0.05221472089351362 0.02 3.7429658743953764E-7 0.21871537645858502 0.0014003665736503042 1.7476636317189905E-10
0.0016119146167310962 0.010577402154117519 0.05679271126867993 0.02 4.958416915251673E-7 0.22889951875831524 0.001611914616734148 2.6650397095043504E-10
0.0018480892136093917 0.011808729843914775 0.061566384489862826 0.02 6.516626971653228E-7 0.23868366105914487 0.001848089213612167 4.015918685513738E-10
0.002110874906710499 0.013139284655055376 0.06652774055703001 0.02 8.499840374043277E-7 0.24806780335835907 0.002110874906714151 5.983223204673914E-10
0.0024023281115996904 0.014572660244459561 0.07166877947020929 0.02 1.1006500019936083E-6 0.2570519456589641 0.002402328111601961 8.817974019020977E-10
0.0027245739169806348 0.016112290269047216 0.07698150122938274 0.02 1.4153697035293455E-6 0.2656360879586726 0.0027245739169842647 1.2861266537579847E-9
0.003079802884695404 0.017761448385738468 0.08245790583456258 0.02 1.8079865483980329E-6 0.27382023025899205 0.003079802884696917 1.8572237729923974E-9
0.003470267849724467 0.01952324825145314 0.08808999328573357 0.02 2.294773032721076E-6 0.28160437255854914 0.003470267849729406 2.6563346777459893E-9
0.0038982807201867 0.02140064352311164 0.09386976358292508 0.02 2.894751538057294E-6 0.28898851485957555 0.003898280720190558 3.764451232370547E-9
0.004366209277339373 0.02339642785763366 0.0997892167261009 0.02 3.6300416428533544E-6 0.2959726571587912 0.004366209277341933 5.287789097725834E-9
0.004876473975578159 0.025513234911939305 0.10584035271528225 0.02 4.526234289689568E-6 0.3025567994590673 0.00487647397557641 7.364534593214036E-9
0.005431544742437132 0.027753538342948626 0.11201517155046604 0.02 5.612792959047708E-6 0.30874094175918976 0.005431544742426317 1.0173094089376737E-8
0.006033937778588764 0.030119651807581627 0.11830567323165009 0.02 6.923481796143605E-6 0.31452508405920215 0.0060339377785653585 1.3942110222613449E-8
0.006686212357843926 0.03261372896275808 0.12470385775882278 0.02 8.49682041959704E-6 0.3199092263586348 0.006686212357801527 1.896254202450468E-8
0.0073909676271519 0.0352377634653987 0.13120172513203068 0.02 1.0376564910548336E-5 0.324893368660395 0.007390967627082886 2.560214072981539E-8
0.008150839406600358 0.03799358897242288 0.13779127535120914 0.02 1.2612214237830988E-5 0.32947751095892264 0.008150839406486523 3.4322689353800864E-8
0.008968496989415374 0.040882879140750804 0.1444645084163962 0.02 1.52595411215678E-5 0.33366165325935254 0.008968496989219036 4.570041186148857E-8
0.009846639941961425 0.043907147627302544 0.151213424327587 0.02 1.8381146073651045E-5 0.3374457955595406 0.00984663994164405 6.044999655935258E-8
0.010787994903741386 0.047067748088998065 0.15803002308477607 0.02 2.2047033080216383E-5 0.3408299378594534 0.010787994903231167 7.94527178605924E-8
0.011795312387396535 0.050365874182757474 0.1649063046879704 0.02 2.633520511206855E-5 0.343814080159717 0.01179531238658827 1.0378918038228026E-7
0.012871363578706546 0.05380255956550055 0.17183426913715374 0.02 3.133227736080296E-5 0.3463982224591669 0.012871363577450596 1.3477724893139024E-7
0.014018937136589502 0.057378677894147787 0.17880591643236188 0.02 3.713410580778731E-5 0.34858236476040666 0.014018937134667947 1.740157667900295E-7
0.015240835993101878 0.06109494282561878 0.18581324657354972 0.02 4.38464284378548E-5 0.35036650705939226 0.015240835990187832 2.23434702220659E-7
0.01653987415343854 0.06495190801683307 0.19284825956071422 0.02 5.158551611374185E-5 0.3517506493582248 0.01653987414904983 2.853523986219358E-7
0.01791887349593279 0.06894996712471252 0.19990295539397268 0.02 6.047882983113012E-5 0.3527347916629231 0.017918873489380985 3.6254063657745195E-7
0.019380660572056303 0.07308935380617564 0.20696933407315585 0.02 7.066568078054059E-5 0.3533189339591583 0.019380660562343943 4.5829824538319835E-7
0.020928063406419145 0.07737014171814212 0.21403939559832413 0.02 8.229788935455729E-5 0.3535030762584143 0.020928063392197476 5.765340267646114E-7
0.022563908296769804 0.08179224451753293 0.22110513996954073 0.02 9.55404389528236E-5 0.3532872185608299 0.022563908276076523 7.218597734694014E-7
0.024291016613995162 0.08635541586126792 0.22815856718674948 0.02 1.1057212017080709E-4 0.3526713608604376 0.024291016584129892 8.996941795715247E-7
0.026112201602120494 0.09105924940626657 0.2351916772499324 0.02 1.2758616068694884E-4 0.3516555031591456 0.02611220155935259 1.116378446461893E-6
0.02803026517830949 0.09590317880944985 0.24219647015916376 0.02 1.4679083592167297E-4 0.3502396454615683 0.02803026511750656 1.379304388070008E-6
0.03004799473286423 0.10088647772773691 0.24916494591435343 0.02 1.684100553051085E-4 0.34842378775948313 0.030047994646972578 1.6970558296546413E-6
0.032168159929225185 0.10600825981804778 0.25608910451554306 0.02 1.9268391878118213E-4 0.34620793005948197 0.0321681598088101 2.0795640758499313E-6
0.03439350950397125 0.11126747873730324 0.262960945962773 0.02 2.1986923797086277E-4 0.34359207236149547 0.034393509336218125 2.538278194281476E-6
0.0367267680668197 0.11666292814242266 0.269772470255971 0.02 2.5024001627094866E-4 0.34057621465990173 0.0367267678346027 3.0863508209057634E-6
0.03917063290062623 0.12219324169032639 0.27651567739518657 0.02 2.840878819975329E-4 0.33716035696077784 0.039170632581196116 3.7388401402040257E-6
0.04172777076138489 0.127856893037933 0.2831825673803301 0.02 3.2172246858570147E-4 0.3333444992571766 0.04172777032464836 4.512928627997985E-6
0.04440081467822821 0.13365219584216617 0.2897651402116591 0.02 3.634717357709691E-4 0.3291286415664507 0.044400814084601024 5.4281590653783036E-6
0.04719236075342707 0.13957730375994298 0.2962553958888406 0.02 4.096822256294888E-4 0.3245127838590739 0.04719235995121836 6.506688238730202E-6
0.05010496496239074 0.14563021044818325 0.30264533441201336 0.02 4.607192473359417E-4 0.31949692615863834 0.050104963884304826 7.773558632356934E-6
0.0531411399536669 0.15180874956380805 0.3089269557812399 0.02 5.169669845445715E-4 0.31408106846132766 0.05314113851283574 9.256988297091755E-6
0.05630335184894165 0.1581105947637374 0.31509225999646756 0.02 5.788285193273901E-4 0.3082652107613826 0.05630334993346953 1.0988678938212912E-5
0.05959401704303947 0.16453325970489097 0.3211332470576783 0.02 6.467257667666718E-4 0.3020493530605378 0.05959401450966834 1.3004142112419109E-5
0.06301549900392325 0.1710740980441893 0.32704191696491663 0.02 7.210993144076971E-4 0.2954334953619159 0.0630154956703955 1.5343043251885274E-5
0.06657010507269427 0.17773030343855092 0.33281026971808125 0.02 8.024081609800185E-4 0.2884176376582309 0.06657010070780645 1.8049563047042166E-5
0.07026008326359222 0.18449890954489734 0.3384303053173207 0.02 8.911293490956526E-4 0.28100177996197295 0.0702600775756912 2.1172775519813156E-5
0.0740876190639952 0.19137679002014935 0.34389402376260036 0.02 9.877574868578723E-4 0.27318592226398264 0.07408761168703387 2.4767041900602537E-5
0.07805483223441967 0.19836065852122317 0.3491934250536913 0.02 0.001092804153690563 0.2649700645545455 0.07805482271072599 2.8892419192577765E-5
0.08216377360852056 0.2054470687050447 0.35432050919107644 0.02 0.0012067971861262974 0.25635420686925814 0.08216376136859473 3.3615082064518235E-5
0.0864164218930911 0.21263241422852658 0.35926727617409393 0.02 0.001330279839671919 0.2473383491508746 0.08641640623128619 3.900775645542627E-5
0.09081468046806306 0.21991292874859805 0.3640257260035737 0.02 0.0014638098234256297 0.23792249147398803 0.09081466051387829 4.5150163009871104E-5
0.09536037418650647 0.22728468592217096 0.36858785867864563 0.02 0.001607958204625122 0.22810663375359697 0.0953603488705377 5.2129468185951964E-5
0.10005524617462988 0.2347435994061703 0.3729456741999662 0.02 0.0017633081809214912 0.21789077606602925 0.1000552141882815 6.0040740595651565E-5
0.10490095463178012 0.24228542285751192 0.3770911725670817 0.02 0.0019304537188471818 0.20727491835577372 0.10490091438070465 6.898740985090274E-5
0.10989906963044252 0.24990574993312004 0.38101635378040566 0.02 0.0021099980575267005 0.19625906066619847 0.10989901917920565 7.90817248919138E-5
0.11505106993477573 0.25760001521666076 0.3847132641770362 0.02 0.0023025520783194198 0.18484551983152797 0.11505100694369733 9.044520853560434E-5
0.12035834074248647 0.2653635403855367 0.3881762584437981 0.02 0.0025087325769120802 0.17314971333809437 0.12035826239351576 1.03209106932854E-4
0.12582217483250882 0.27319170450111757 0.39140820577904245 0.02 0.0027291605511853834 0.16159736676221725 0.12582207774433468 1.1751483826156171E-4
0.13144377563751344 0.28108004025023114 0.39441678745567865 0.02 0.0029644594806381708 0.15042908383181008 0.13144365576825798 1.3351443800506315E-4
0.13722426044389427 0.2890242403190413 0.39721000344050683 0.02 0.003215253543323339 0.13966079924140895 0.13722411297898765 1.513709954230457E-4
0.14316466359176835 0.29702015739370424 0.3997958537331481 0.02 0.0034821657716283677 0.12929251463206226 0.14316448281711583 1.712590785785794E-4
0.1492659396749759 0.30506380416037704 0.4021823383336398 0.02 0.0037658161527190023 0.1193242300245867 0.14926571883254722 1.9336514550363608E-4
0.1555289667410806 0.31315135330523547 0.4043774572429215 0.02 0.004066819679832544 0.10975594546408507 0.15552869786550697 2.1788793910084564E-4
0.16195454949136898 0.3212791375144186 0.4063892104591571 0.02 0.0043857843606882815 0.1005876608117795 0.16195422322593794 2.4503886339412913E-4
0.168543422480851 0.329443649474101 0.4082255979841187 0.02 0.004723309189384468 0.09181937624808123 0.16854302787104775 2.75042338774489E-4
0.17529625331825974 0.33764154187043705 0.409894619816803 0.02 0.005079982088186774 0.08345109163421238 0.17529577758023732 3.0813613393284797E-4
0.1822136458660514 0.3458696273895834 0.41140427595731666 0.02 0.005456377825778798 0.0754828070256841 0.18221307412932555 3.445716722473031E-4
0.18929614344040555 0.35412487871770704 0.4127625664061829 0.02 0.005853055918270525 0.06791452244331309 0.18929545846088702 3.8461431044465016E-4
0.19654423201122487 0.3624044285409661 0.41397749116295346 0.02 0.006270558519569383 0.06074623783852706 0.19654341385430954 4.285435874780766E-4
0.20395834340213517 0.37070556954551526 0.41505705022745754 0.02 0.006709408307289798 0.05397795322520382 0.20395736909262036 4.766534416316276E-4
0.21153885849048562 0.3790257544175224 0.41600924360035707 0.02 0.007170106370493257 0.04760966864497673 0.21153770162751798 5.292523939957761E-4
0.21928611040734844 0.3873625958431409 0.4168420712809262 0.02 0.007653130105285615 0.04164138402845685 0.21928474074188278 5.866636965682175E-4
0.22720038773751908 0.3957138665085319 0.4175635332695493 0.02 0.008158931124235692 0.03607309943115533 0.2271987707109726 6.492254433773086E-4
0.2352819377195163 0.40407749909986135 0.418181629566472 0.02 0.008687933185223616 0.030904814846133277 0.23528003396102448 7.172906431459469E-4
0.24353096944558192 0.4124515863032807 0.41870436017096835 0.02 0.009240530145221262 0.026136530224818433 0.24352873422609092 7.912272521713691E-4
0.251947657061681 0.42083438080495333 0.41913972508363095 0.02 0.009817083944198664 0.02176824563313029 0.2519450397030464 8.714181662384766E-4
0.2605321429675019 0.42922429529104467 0.4194957243045666 0.02 0.01041792262406913 0.01779996104678272 0.26052908620468673 9.582611705348503E-4
0.26928454101645594 0.4376199024477029 0.4197803578329107 0.02 0.011043338387347924 0.014231676417203465 0.26928098031170633 0.001052168846696953
0.27820493971567795 0.4460199349611005 0.4200016256698802 0.02 0.011693585699751423 0.011063391848475934 0.27820080252243923 0.0011535684362512684
0.2872934054260257 0.45442328551738853 0.42016752781440236 0.02 0.012368879440908847 0.008295107226108378 0.2872886104031201 0.0012629016599073305
0.29654998556208034 0.4628290068027313 0.4202860642671391 0.02 0.013069393106553022 0.00592682263683697 0.29654444173500777 0.001380624492238896
0.3059747117921459 0.4712363115032786 0.42036523502736456 0.02 0.013795257065819664 0.003958538011272772 0.3059683176632136 0.0015072068915307386
0.3155676032382502 0.4796445723052156 0.4204130400968509 0.02 0.014546556876226191 0.002390253474315873 0.3155602458426553 0.001643132484597222
0.32532866967614377 0.488053321894677 0.4204374794730681 0.02 0.015323331659309717 0.001221968810860563 0.3253202235869029 0.001788898206641805
0.33525791473530037 0.49646225295783 0.42044655315764956 0.02 0.01612557253870365 4.536842290736587E-4 0.3352482410148675 0.0019450138962100166
0.3453553390208111 0.5048712142755374 0.4204480658853704 0.02 0.01695322113629749 7.563638604324296E-5 0.34534428412117757 0.0021120018441982604
0.3556209416310428 0.5132801305115842 0.4204458118023391 0.02 0.017806167999688635 -1.1270415156694469E-4 0.3556083362446036 0.002290396269626547
0.3660547181753521 0.5216888272154663 0.4204348351941056 0.02 0.018684250789606695 -5.488304116729736E-4 0.3660403760368052 0.0024807426772449088
0.3766566576093722 0.5300969717010051 0.4204072242769419 0.02 0.019587252404665915 -0.0013805458581872543 0.3766403742537579 0.002683597119955897
0.3874267390350135 0.5385040712820643 0.4203549790529615 0.02 0.020514899141613644 -0.0026122611990198052 0.3874082905138066 0.0028995253797657067
0.39836492850046273 0.5469094732724611 0.4202700995198372 0.02 0.02146685890285508 -0.0042439766562152315 0.3983440700604253 0.003129102065291635
0.4094711758001836 0.5553123649860436 0.4201445856791275 0.02 0.022442739460524164 -0.006275692035484504 0.40944764052971067 0.003372909623467703
0.42074541127491677 0.5637117737366582 0.4199704375307256 0.02 0.02344208678700593 -0.008707407420094349 0.42071890872391626 0.003631537263348795
0.43218754261167963 0.5721065668381431 0.41973965507424715 0.02 0.02446438346215514 -0.011539122823922554 0.43215775739049805 0.00390557979014082
0.4437974516437661 0.5804954516043237 0.4194442383090302 0.02 0.025509047168266616 -0.014770838260846908 0.443764042009962 0.004195636347973427
0.45557499115074734 0.5888769753490619 0.41907618723691087 0.02 0.026575429283817183 -0.01840255360596732 0.45553758759045976 0.004502309070148421
0.4675199816584709 0.5972495253861787 0.4186275018558394 0.02 0.027662813587853288 -0.02243426905357282 0.46747818547221504 0.004826201636089152
0.47963220823906155 0.6056113290295317 0.4180901821676519 0.02 0.02877041508704279 -0.026865984409374377 0.47958559014245655 0.00516791773457707
0.4919114173109204 0.6139604535929433 0.41745622817057626 0.02 0.02989737897757267 -0.031697699853783234 0.4918595160600089 0.005528059433262766
0.5043573134387258 0.6222948063902695 0.4167176398663097 0.02 0.031042779754679593 -0.036929415213327044 0.5042996344925701 0.0059072254550287615
0.5169695561334327 0.6306121347353422 0.41586641725363527 0.02 0.032205620482512666 -0.04256113063372258 0.5169055703666157 0.006306009362222765
0.5297477566522726 0.6389100259419966 0.41489456033272365 0.02 0.033384832237197966 -0.048592846045580895 0.5296768991303522 0.006724997650345364
0.5426914747987542 0.6471859073240827 0.4137940691043007 0.02 0.034579273736157476 -0.05502456142114642 0.5426131436314815 0.007164767753410283
0.5558002157226629 0.655437046195434 0.4125569435675658 0.02 0.03578773116651498 -0.06185627683674699 0.555713771009311 0.007625885963750285
0.5690734267200609 0.6636605498698989 0.4111751837232447 0.02 0.03700891822556183 -0.06908799221605477 0.5689781896032774 0.008108905269780425
0.5825104940332869 0.6718533656613013 0.4096407895701204 0.02 0.03824147638581751 -0.07671970765621428 0.5824057458771001 0.008614363115820738
0.5961107396509565 0.6800122808834796 0.4079457611089188 0.02 0.039483975397154106 -0.08475142306008099 0.5959957213599059 0.009142779088863252
0.6098734181079629 0.6881339228503203 0.406082098342031 0.02 0.040734914037973254 -0.09318313834438818 0.6097473296042552 0.009694652537855076
0.6237977132854752 0.6962147588756129 0.40404180126463185 0.02 0.04199272112702217 -0.10201485386995834 0.6236597131614425 0.010270460131839078
0.6378827352109394 0.7042510962732118 0.40181686987994514 0.02 0.04325575680685662 -0.11124656923433562 0.6377319405739834 0.010870653364047274
0.6521275168580785 0.7122390823569524 0.3993993041870314 0.02 0.04452231410933639 -0.12087828464568684 0.651963003385322 0.011495656009829014
0.6665310109468922 0.7201747044406848 0.3967811041866165 0.02 0.045790620812770876 -0.13091000002074527 0.6663518131663555 0.012145861547067765
0.6810920867436572 0.7280537898382511 0.39395426987831605 0.02 0.04705884159948731 -0.14134171541502205 0.680897198558164 0.012821630548521444
0.6958095268609269 0.735872005863486 0.3909108012617457 0.02 0.048325080521695596 -0.1521734308285172 0.6955979023306053 0.013523288056321097
0.7106820240578079 0.7436248598440498 0.38764269902819004 0.02 0.04958738378242816 -0.1634051116777835 0.7104525784555575 0.014251120949601601
0.7257081782769391 0.7513077109565613 0.3841425556255773 0.02 0.05084374285690846 -0.1750071701306366 0.7254597894306075 0.015005375329058336
0.7408864960706382 0.7589158896849524 0.38040893641955176 0.02 0.0520920981318133 -0.18668096030127757 0.7406180059996954 0.01578625404495982
0.7562153931780377 0.7664448553699743 0.37644828425109633 0.02 0.05333034310083782 -0.19803260842277126 0.7559256100312399 0.016593914443141206
0.7716931977188556 0.7738902270408965 0.37226858354610926 0.02 0.054556328878045304 -0.20898503524935386 0.7713808980165882 0.01742846623074777
0.7873181533933943 0.7812477837269349 0.3678778343019218 0.02 0.05576786896308383 -0.21953746220937376 0.786982084579723 0.018289969445530754
0.8030884226825409 0.78851346445733 0.36328403651975094 0.02 0.056962744243062496 -0.22968988910854193 0.8027273059877845 0.019178432540381755
0.8190020900477678 0.7956833682613462 0.3584951902008138 0.02 0.05813870821545779 -0.2394423159468584 0.8186146236607793 0.020093810594920165
0.8350571651311317 0.802753754168195 0.35351929534244153 0.02 0.05929349241521828 -0.24879474291861214 0.8346420276772275 0.02103600366547681
0.8512515859552742 0.8097210412071232 0.34836435194640636 0.02 0.06042481202831684 -0.2577471698017586 0.850807440273141 0.022004855284388766
0.867583222123422 0.8165818084073906 0.3430383600133702 0.02 0.06153037167316438 -0.2662995966518089 0.8671087193321486 0.023000151119012102
0.8840498780193863 0.823332794798215 0.33754931954121936 0.02 0.06260787133041457 -0.27445202360754095 0.8835436618626152 0.024021617800134773
0.900649296007563 0.8299708994088384 0.33190523053117094 0.02 0.0636550124011975 -0.28220445050242127 0.9001100074593751 0.025068921928898796
0.9173791596329334 0.8364931812685161 0.3261140929838868 0.02 0.06466950387327262 -0.28955687736420543 0.9168054417470832 0.026141669270569136
0.9342370968210628 0.8428968594064723 0.3201839068978085 0.02 0.06564906857427927 -0.29650930430391575 0.9336275998032405 0.02723940414275894
0.9512206830781017 0.8491793128519443 0.3141226722735979 0.02 0.06659144949077847 -0.3030617312105299 0.9505740695549829 0.02836160900461649
0.9683274446907854 0.8553380806341826 0.30793838911191695 0.02 0.06749441613212961 -0.30921415808404795 0.967642395151629 0.0295077042530945
0.9855548619264339 0.8613708617824289 0.30163905741231734 0.02 0.06835577091763717 -0.314966584979981 0.984830080304635 0.0306770482308147
1.002900372232952 0.8672755153258993 0.2952326771735181 0.02 0.06917335556619539 -0.3203190119399624 1.0021345915985798 0.031868937449859476
1.02036137343883 0.8730500602939006 0.2887272484000669 0.02 0.06994505746725758 -0.3252714386725586 1.0195533617652905 0.033082607034060504
1.0379352269531417 0.8786926757155866 0.28213077108429907 0.02 0.07066881601281608 -0.3298238657883923 1.0370837929231238 0.03431723138200128
1.0556192609655466 0.8842017006202463 0.2754512452329827 0.02 0.07134262887020618 -0.3339762925658185 1.0547232597776524 0.03557192505153187
1.073410773646289 0.8895756340371208 0.2686966708437266 0.02 0.07196455817622702 -0.33772871946280425 1.0724691127832071 0.036845743865774716
1.0913070363461972 0.8948131349954092 0.2618750479144172 0.02 0.07253273663359812 -0.3410811464654717 1.0903186812628791 0.0381376862394315
1.1093052967966852 0.8999130225244012 0.2549943764496021 0.02 0.07304537349157353 -0.344033573240754 1.108269276488006 0.03944669472341241
1.1274027823097517 0.9048742756533223 0.24806265644605752 0.02 0.07350076039315628 -0.3465860001772292 1.1263181947152283 0.04077165776457975
1.1455967029779794 0.909696033411389 0.24108788790333513 0.02 0.07389727707223583 -0.34873842713611936 1.1444627201815354 0.042111411676561565
1.1638842548745367 0.9143775948278643 0.2340780708237622 0.02 0.0742333968847978 -0.35049085397864665 1.1627001280578004 0.0434647428166194
1.1822626232531765 0.918918418931991 0.2270412052063353 0.02 0.0745076921592149 -0.35184328087134453 1.181027687361046 0.044830389962587404
1.2007289857482364 0.923318124752992 0.21998529105005105 0.02 0.07471883935156086 -0.352795707814213 1.1994426638273363 0.046207046883105556
1.2192805155746382 0.9275764913200923 0.21291832835501623 0.02 0.07486562399277277 -0.35334813475174087 1.217942322745818 0.047593365093394034
1.2379143847278902 0.9316934576625968 0.20584831712522345 0.02 0.07494694541545688 -0.35350056148963915 1.2365239317566714 0.0489879567881484
1.2566277671840844 0.9356691228097125 0.1987832573557835 0.02 0.07496182124904283 -0.35325298847199704 1.2551847636147395 0.05038939794227701
1.2754178420998967 0.9395037457906152 0.19173114904513788 0.02 0.07490939167294984 -0.3526054155322811 1.2739220989216717 0.051796231569548226
1.2942817970125897 0.9431977456346496 0.18469999220172006 0.02 0.07478892341836024 -0.3515578421708909 1.292733228829599 0.05320697112854785
1.3132168310400092 0.9467517013709736 0.17769778681619997 0.02 0.0745998135101355 -0.35011026927600497 1.3116154577195682 0.05462010406474149
1.332220158080587 0.9501663520288917 0.17073253289590085 0.02 0.07434159274134337 -0.34826269601495596 1.3305661058585945 0.05603409547692069
1.3512890100133383 0.9534425966375659 0.16381223043371307 0.02 0.07401392887380222 -0.34601512310938887 1.3495825120387974 0.05744739189578247
1.370420639897865 0.9565814942263273 0.15694487943807012 0.02 0.07361662955897635 -0.34336754978214756 1.3686620362032624 0.05885842516204419
1.3896123251743522 0.9595842638243646 0.15013847990186235 0.02 0.07314964497449469 -0.34031997681038817 1.3878020620627638 0.06026561639108881
1.4088613708635702 0.9624522844609018 0.14340103182686192 0.02 0.07261307017252575 -0.3368724037500215 1.4069999997074158 0.06166738001082969
1.4281651127668742 0.9651870951651986 0.13674053521484097 0.02 0.07200714713716747 -0.3330248306010475 1.4262532882188466 0.06306212785936725
1.4475209206662047 0.9677903949665279 0.13016499006646143 0.02 0.07133226654903137 -0.32877725741897734 1.4455593982866186 0.06444827332871195
1.466926201524086 0.9702640428940645 0.12368239637683409 0.02 0.0705889692561691 -0.3241296844813668 1.464915834834318 0.06582423554088587
1.4863784026836282 0.972610057977108 0.117300754152172 0.02 0.06977794745157248 -0.31908211123310437 1.4843201396591919 0.0671884435425932
1.5058750150685258 0.9748306192448819 0.1110280633886962 0.02 0.06890004555848274 -0.3136345381737904 1.503769894091237 0.06853934050485708
1.5254135763830579 0.9769280657266011 0.10487232408595837 0.02 0.06795626082594913 -0.3077869651368914 1.523262721675304 0.069875387913992
1.5449916743120877 0.9789048964514935 0.09884153624462044 0.02 0.0669477436382245 -0.3015393920668963 1.542796290880667 0.07119506974056394
1.5646069497210655 0.9807637704488892 0.09294369986978523 0.02 0.06587579754276934 -0.2948918187417604 1.5623683178432572 0.07249689657333677
1.5842570998560237 0.9825075067479094 0.08718681495101244 0.02 0.06474187900309199 -0.2878442459386399 1.581976569142509 0.07377940970535457
1.6039398815435815 0.9841390843778886 0.08157888149895598 0.02 0.06354759688375293 -0.28039667260282286 1.6016188646196543 0.0750411851600966
1.6236531143909418 0.9856616423680187 0.07612789950650622 0.02 0.062294711676665476 -0.27254909962248774 1.621293080237235 0.0762808376457027
1.6433946839858928 0.9870784797475496 0.07084186897654554 0.02 0.06098513447895161 -0.2643015264980342 1.6409971509863426 0.07749702442632972
1.6631625450968064 0.9883930555456777 0.06572878990640518 0.02 0.05962092573459712 -0.2556539535070179 1.660729073840933 0.07868844909993065
1.6829547248726422 0.9896089887917903 0.06079666230562886 0.02 0.05820429375341598 -0.2466063800388163 1.6804869107646974 0.07985386527292071
1.7027693260429404 0.9907300585149104 0.056053486156004695 0.02 0.05673759302292636 -0.2371588074812081 1.7002687917699282 0.08099208012266776
1.722604530117829 0.9917602037444295 0.05150726147595819 0.02 0.05522332233032384 -0.22731123400232534 1.7200729180308458 0.08210195783987999
1.742458600588021 0.9927035235095971 0.0471659882583797 0.02 0.05366412271366337 -0.21706366087892448 1.7398975650524493 0.08318242294389143
1.7623298861248118 0.9935642768395425 0.04303766649726981 0.02 0.05206277526338134 -0.20641608805549438 1.7597410858943157 0.08423246346485147
1.7822168237800848 0.9943468827636526 0.0391302962055029 0.02 0.050422198797049095 -0.19536851458834548 1.7796019144510205 0.08525113398812594
1.8021179421567308 0.9950559188322994 0.035451803432340334 0.02 0.048745447435061186 -0.18392463865812836 1.7994785687573371 0.0862375585558062
1.8220318634745571 0.9956960658913161 0.03200735295083579 0.02 0.04703570819762057 -0.1722225240752273 1.8193696532451389 0.08719093337296306
1.841957302155551 0.9962719340496973 0.028793407919058822 0.02 0.04529629887168654 -0.1606972515888483 1.8392738575747118 0.08811052922353242
1.8618930617142557 0.9967879779352318 0.025802194276725032 0.02 0.04353066604453343 -0.1495606821166895 1.85918995382231 0.08899569371777186
1.8818380315577645 0.9972484921754399 0.02302571201040493 0.02 0.04174238318703081 -0.13882411331600508 1.8791167936230646 0.08984585346351531
1.9017911837857269 0.9976576113981173 0.020455961133869494 0.02 0.039935148788561914 -0.12848754382677186 1.8990533053574665 0.09066051617140962
1.9217515699903438 0.9980193102308466 0.01808494163646479 0.02 0.03811278455273048 -0.11855097487023514 1.9189984913790568 0.09143927269983759
1.9417183180563722 0.9983374033014192 0.01590465352863113 0.02 0.03627923366292501 -0.10901440539168306 1.9389514252800686 0.09218179904539191
1.9616906289611205 0.9986155452374135 0.01390709679971458 0.02 0.03443855912662796 -0.09987783644582748 1.958911249191954 0.09288785828495189
1.9816677735744523 0.9988572306665944 0.012084271459045226 0.02 0.0325949422072256 -0.0911412670334677 1.978877171117349 0.09355730247552667
2.0016490894587835 0.9990657942165582 0.010428177498189584 0.02 0.030752680951934078 -0.08280469804278212 1.9988484622894562 0.09419007451811731
2.021633977669085 0.9992444105150655 0.008930814925367514 0.02 0.028916188824162324 -0.07486812864110348 2.018824454555458 0.09478620999193278
2.0416218995528785 0.9993960941896862 0.00758418373103531 0.02 0.027089993448561424 -0.0673315597166102 2.038804537778596 0.09534583896527292
2.0616123735502443 0.9995236998682877 0.006380283930074171 0.02 0.02527873547651874 -0.06019499004805695 2.058788157255241 0.09586918778943998
2.0816049719938112 0.9996299221783467 0.0053111155029483825 0.02 0.02348716757961105 -0.05345842135628942 2.0787748111417197 0.09635658088196655
2.1015993179087644 0.9997172957476597 0.004368678465649367 0.02 0.021720153578048365 -0.04712185186495077 2.0987640478857803 0.09680844250537249
2.121595081812842 0.9997881952038767 0.0035449728108538636 0.02 0.019982667710590714 -0.041185282739775175 2.1187554636573136 0.09722529854755899
2.1415919785163355 0.9998448351746791 0.002831998540120395 0.02 0.01827979405177686 -0.035648713536673426 2.138748699772577 0.09760777830979285
2.1615897639220902 0.9998892702877349 0.0022217556527870386 0.02 0.016616726081515498 -0.030512144366667826 2.158743440105999 0.09795661630803325
2.181588231825506 0.9999233951707875 0.0017062441526327632 0.02 0.014998766411165581 -0.02577557500771377 2.1787394084832474 0.0982726540931275
2.201587210714533 0.9999489444513454 0.0012774640278934157 0.02 0.013431326669161706 -0.021439006236967373 2.1987363660489407 0.09855684209510499
2.22158656056968 0.9999674927573476 9.274153001115337E-4 0.02 0.011919927547959782 -0.0175024363890941 2.218734108602064 0.09881024149646958
2.2415861696640045 0.9999804547162316 6.480979442002877E-4 0.02 0.010470199012624744 -0.013965867795562303 2.2387324638917763 0.09903402613899545
2.261585951363122 0.9999890849558657 4.3151198170221505E-4 0.02 0.009087880669680758 -0.01082929812490363 2.2587312888660165 0.09922948446807778
2.2815858409251977 0.9999944781037939 2.696573964122706E-4 0.02 0.007778822292911727 -0.008092729264497223 2.2787304668647725 0.09939802151817137
2.301585792300953 0.9999975687877694 1.5453419877076158E-4 0.02 0.006548984500576671 -0.005756159882075451 2.298729904749632 0.09954116094225447
2.321585774933663 0.9999991316354873 7.814238589531897E-5 0.02 0.005404439575985388 -0.0038195906437721305 2.318729529960626 0.0996605470875859
2.341585770559152 0.9999997812744521 3.24819482422356E-5 0.02 0.0043513724205051715 -0.002283021882654168 2.338729287491124 0.09975794711925216
2.3615857700058056 0.999999972332688 9.55291179494111E-6 0.02 0.003396081624848321 -0.0011464518223647246 2.358729136770707 0.09983525319215181
2.3815857699945577 0.9999999994376063 1.3552459154908547E-6 0.02 0.002544980640807687 -4.098832939725128E-4 2.378729048446058 0.09989448467108113
2.401585769994558 1.000000000000023 2.812083899073059E-8 0.02 0.001804599029631107 -6.63562538250062E-5 2.398729001104233 0.09993779039760528
2.4215857699945578 0.9999999999999787 -2.220446049250313E-12 0.02 0.0011815837386918715 -1.406152971838992E-6 2.4187289787866963 0.09996745100184518
2.441585769976159 0.9999999990800701 -4.599542968719561E-8 0.02 6.827003989271149E-4 -2.299660462057318E-6 2.438728970068787 0.09998588125264479
2.461585769283302 0.9999999653571345 -1.686146777757358E-6 0.02 3.1483471990615547E-4 -8.200756740350812E-5 2.458728966885693 0.09999563243831623
2.4815857642511756 0.9999997483936873 -1.0848172360411468E-5 0.02 8.499396651630992E-5 -4.581012791327055E-4 2.4787289614553645 0.09999939477871865
2.5015857450438834 0.9999990396353908 -3.543791482485403E-5 0.02 3.083953706434217E-7 -0.0012294871232221283 2.4987289422326553 0.09999999986930379
2.521585692454449 0.9999973705282716 -8.34553559592166E-5 0.02 6.282990312904722 -0.0024008720567181285 2.5187288895780475 0.0999987801693264
2.541585574704809 0.9999941125180101 -1.6290051307876752E-4 0.02 6.282358170880206 -0.003972257855977546 2.5387287692376495 0.09998928093527765
2.5615853442458225 0.9999884770506728 -2.817733668614153E-4 0.02 6.281296691771664 -0.005943642689132389 2.5587285203599333 0.09996283342762516
2.581584934557261 0.9999795155719138 -4.4807393795309736E-4 0.02 6.2798120214523605 -0.008315028554584103 2.5787280414559555 0.09991091705704418
2.601584256947816 0.9999661195277509 -6.698022081419452E-4 0.02 6.2779079039796635 -0.011086413509442394 2.5987271767530724 0.09982511057605647
2.6215831973550934 0.9999470203638783 -9.549581936330043E-4 0.02 6.275585812584653 -0.014257799274552951 2.618725702618446 0.0996970459288648
2.6415816131456205 0.999920789526354 -0.001311541876214406 0.02 6.272845047245746 -0.017829184129070086 2.638723313890087 0.09951836460256508
2.661579329914838 0.9998858384608678 -0.0017475532743116418 0.02 6.269682802681459 -0.02180056990486179 2.6587196097411425 0.09928067589920822
2.6815761382871046 0.9998404186133403 -0.0022709923763741813 0.02 6.266094209783691 -0.026171955103126976 2.6787140787972272 0.09897551662304067
2.7015717907156955 0.9997826214295458 -0.0028898591897252857 0.02 6.262072352756355 -0.03094334066755522 2.698706083712557 0.09859431172961235
2.721565998282807 0.9997103783555783 -0.0036121536983735325 0.02 6.257608263935327 -0.03611472543241234 2.7186948440310816 0.09812833555461366
2.741558427499546 0.9996214608369414 -0.004445875931846643 0.02 6.252690897517853 -0.041686111673655546 2.738679418042374 0.09756867325807095
2.7615486971059426 0.9995134803198358 -0.005399025855279405 0.02 6.247307083358118 -0.04765749617163806 2.7586586827837807 0.09690618217893944
2.781536374870941 0.9993838882499162 -0.006479603495979092 0.02 6.241441461681965 -0.05402888203498435 2.778631311856177 0.09613145283012442
2.801520974392402 0.9992299760730461 -0.007695608843505397 0.02 6.235076399340228 -0.060800267376315276 2.798595750951717 0.09523476929068009
2.821501951897106 0.9990488752352089 -0.009055041891858906 0.02 6.2281918882625025 -0.06797165241767544 2.8185501905355075 0.09420606880267565
2.8414787030407473 0.998837557182064 -0.010565902657244663 0.02 6.220765426733547 -0.07554303826928788 2.838492535393553 0.09303490041376633
2.8614505597079405 0.9985928333596572 -0.012236191120340578 0.02 6.2127718846002535 -0.08351442315479574 2.858420369880436 0.09171038260973144
2.8814167868122156 0.9983113552137546 -0.01407390729513125 0.02 6.204183353159494 -0.09188580873953356 2.87833091955059 0.09022115984171372
2.9013765790960204 0.9979896141902422 -0.016087051175617262 0.02 6.194968981861756 -0.10065719402430062 2.8982210073946333 0.08855535806786907
2.9213290579307176 0.9976239417348598 -0.018283622769121877 0.02 6.185094804362955 -0.10982857967523074 2.9180870041507725 0.08670053948869222
2.9412732681165923 0.9972105092937333 -0.020671622056323002 0.02 6.174523557377032 -0.11939996436005629 2.9379247723976807 0.08464365675760721
2.9612081746828394 0.996745328312354 -0.023259049068968807 0.02 6.163214497612028 -0.12937135063229022 2.9577296033422127 0.08237100718103052
2.9811326596875785 0.9962242502369545 -0.02605390376997363 0.02 6.1511232244516645 -0.13974273505024115 2.9774961447674735 0.07986818772882046
3.0010455190178402 0.9956429665130884 -0.029064186193306085 0.02 6.1382015179791 -0.15051412116662277 2.997218320076627 0.07712005182291179
3.0209454591895923 0.9949970085876059 -0.03229789627412494 0.02 6.124397206631238 -0.16168550404094262 3.0168892364053645 0.07411066948264594
3.040831094279418 0.9942817544912774 -0.035762704816422186 0.02 6.109654082316581 -0.17324042711486243 3.0365010816722706 0.0708232926821499
3.060700944803766 0.9934925262174099 -0.039461413693375746 0.02 6.09391188594781 -0.18493544384767802 3.05604501100171 0.06724032820484507
3.080553439994693 0.9926247595463566 -0.04338833355266303 0.02 6.077106393037846 -0.19634599296436406 3.0755110229980422 0.06334332087384378
3.1003869209822033 0.9916740493755016 -0.047535508542750904 0.02 6.059169639997856 -0.2073587495043938 3.094887823489609 0.05911295144487452
3.12019964399424 0.9906361506018424 -0.05189493868296147 0.02 6.040030342587609 -0.21797150701052814 3.1141626750327185 0.05452905470600258
3.1399897835566972 0.989506978122856 -0.05645862394931811 0.02 6.019614567318904 -0.22818426331783215 3.1333212340716132 0.04957066409004621
3.159755435693408 0.9882826068355444 -0.061218564365583816 0.02 5.997846730163576 -0.23799702081328533 3.1523473771842685 0.04421609081581743
3.179494621126154 0.9869592716372999 -0.06616675991222287 0.02 5.974651006719862 -0.2474097773319528 3.1712230211563353 0.03844304661804174
3.199205288474658 0.9855333674251954 -0.0712952106052267 0.02 5.949953248665106 -0.2564225346501914 3.1899279418884983 0.03222882099988231
3.21888531745659 0.9840014490966054 -0.07659591642950048 0.02 5.923683499254757 -0.26503529121368885 3.2084396035474634 0.025550523933173835
3.2385325220875627 0.9823602315486291 -0.08206087739881518 0.02 5.895779195600668 -0.27324804846573514 3.226733009246292 0.018385406331890758
3.258144653881133 0.9806065896785121 -0.08768209350584755 0.02 5.866189113499808 -0.28106080535161837 3.244780592437456 0.010711268622306785
3.2777194050488054 0.9787375583836244 -0.09345156474438454 0.02 5.83487806019713 -0.2884735619268497 3.2625521706885623 0.0025069657071723206
3.297254411700024 0.9767503325609272 -0.09936129113485848 0.02 5.801832232790004 -0.29548631952369675 3.280014989287286 -0.006246989031863465
3.3167472570421825 0.974642267107928 -0.10540327264996208 0.02 5.7670650372360255 -0.30209907575518 3.297133885216895 -0.015567726361881223
3.336195474580614 0.97241087692157 -0.11156950931789922 0.02 5.730623006727892 -0.3083118333968571 3.3138716025070907 -0.025469247748221485
3.355596551318601 0.9700538368993428 -0.11785200111136263 0.02 5.692591284406121 -0.31412458967317036 3.3301892859002136 -0.03596160752101882
3.374947930957365 0.967568981938216 -0.12424274805633573 0.02 5.65309796935303 -0.3195373472486551 3.3460471720584177 -0.04705009985903544
3.3942470170960783 0.9649543069356614 -0.1307337501277317 0.02 5.612316529206372 -0.3245501035697984 3.3614054783025797 -0.05873451377483971
3.413491176431852 0.9622079667886752 -0.1373170073493135 0.02 5.570465493728769 -0.3291628610790909 3.376225467950359 -0.07100853156237827
3.432677741959746 0.9593282763947109 -0.1439845196982148 0.02 5.52780482855576 -0.33337561744506417 3.390470642221474 -0.08385934737216169
3.45180401617276 0.9563137106507025 -0.15072828720041898 0.02 5.484628750881378 -0.33718837511020894 3.404107981655206 -0.09726757245942105
3.4708672742618445 0.9531629044542189 -0.15754030982417788 0.02 5.44125525532624 -0.3406011311879453 3.4171091389999053 -0.1112074696429213
3.489864767315887 0.9498746527021318 -0.16441258760435673 0.02 5.398013168873251 -0.3436138890089424 3.4294514774539597 -0.12564752421488892
3.508793725521727 0.946447910291992 -0.1713371205069869 0.02 5.355228012724183 -0.3462266451315088 3.441118856672891 -0.1405513174278765
3.5276513613641427 0.9428817921207866 -0.17830590856027229 0.02 5.313208181435708 -0.348439402664269 3.452102095495843 -0.15587863164994317
3.5464348728258592 0.9391755730858264 -0.18531095174800782 0.02 5.272232891237858 -0.3502521593867769 3.4623990781763574 -0.17158668939195806
3.5651414465875453 0.9353286880843026 -0.19234425007619294 0.02 5.232543011473124 -0.35166491640925557 3.4720145139152745 -0.187631419162167
3.5837682612278163 0.9313407320135525 -0.19939780353750436 0.02 5.194335380085366 -0.3526776730655712 3.4809593973505075 -0.20396864876437268
3.602312490423228 0.9272114597705938 -0.20646361214793352 0.02 5.157760654039344 -0.3532904305214579 3.48925024398278 -0.22055514806956858
3.6207713061482862 0.9229407862529015 -0.21353367588461403 0.02 5.122924284522158 -0.3535031868340255 3.496908186365337 -0.23734947257577868
3.639141881875435 0.918528786357431 -0.22059999477352932 0.02 5.089889914478234 -0.35331594444576453 3.503958014328183 -0.25431258805826473
3.6574213957750668 0.9139756949815947 -0.227654568791813 0.02 5.058684383041953 -0.3527287009141844 3.5104272303278723 -0.2714082821508861
3.6756070339155182 0.9092819070225744 -0.23468939795101562 0.02 5.029303560454695 -0.3517414579601308 3.5163451728849995 -0.2886033860874184
3.6936959934630704 0.9044479773776093 -0.2416964822482548 0.02 5.001718370942264 -0.3503542148619587 3.5217422419521016 -0.30586783956522656
3.711685485881947 0.8994746209438187 -0.24866782168952994 0.02 4.97588053452612 -0.3485669720637574 3.526649243045174 -0.3231746351774789
3.729572740134318 0.8943627126185572 -0.2555954162630769 0.02 4.951727731560618 -0.34637972867734845 3.5310968533659324 -0.3404996769821427
3.7473550058802965 0.889113287298926 -0.26247126598155646 0.02 4.929188039051809 -0.34379248592397715 3.5351152037871056 -0.35782158356495875
3.7650295566779426 0.8837275398823063 -0.269287370830984 0.02 4.908183597297675 -0.3408052424713759 3.5387335647773024 -0.3751214600064724
3.782593693183258 0.8782068252657815 -0.27603573082624067 0.02 4.888633538142317 -0.3374179997628346 3.5419801216165636 -0.392382657370818
3.8000447463501907 0.8725526583466259 -0.2827083459577828 0.02 4.870456248188914 -0.33363075657710795 3.5448818236914468 -0.4095905333868738
3.8173800806306324 0.8667667140220825 -0.289297216227169 0.02 4.8535710605721345 -0.32944351346930745 3.547464293294574 -0.4267322230914733
3.8345970971744188 0.8608508271893189 -0.2957943416381781 0.02 4.837899472567809 -0.3248562705504554 3.549751780954676 -0.4437964251532148
3.851693237029331 0.8548069927456048 -0.30219172218570733 0.02 4.823365981324084 -0.3198690273764626 3.5517671561264894 -0.46077320684207
3.8686659843410935 0.8486373655881341 -0.3084813578735357 0.02 4.809898619905045 -0.3144817843914183 3.5535319239542664 -0.47765382863633776
3.8855128695533785 0.8423442606142473 -0.3146552486943399 0.02 4.797429263354758 -0.3086945410402109 3.555066260647963 -0.49443058860210254
3.9022314726077965 0.8359301527208984 -0.3207053946674421 0.02 4.785893762596822 -0.30250729865510806 3.556389061533359 -0.5110966855446474
3.918819426143909 0.8293976768056321 -0.32662379576331446 0.02 4.77523195268141 -0.29592005479361916 3.557517997185497 -0.5276460994234787
3.9352744186992177 0.8227496277654289 -0.33240245201016094 0.02 4.765387571591005 -0.28893281234232404 3.558469574209402 -0.5440734879794408
3.9515941979091704 0.8159889604976378 -0.33803336338955603 0.02 4.756308118440087 -0.28154556896975436 3.559259198023807 -0.5603740971072009
3.9677765737071593 0.8091187898994434 -0.3435085299097196 0.02 4.747944672008318 -0.27375832600817773 3.559901235833759 -0.5765436842339793
3.983819421524521 0.802142390868088 -0.34881995156776924 0.02 4.740251686138919 -0.26557108290248266 3.5604090784218068 -0.5925784524881142
3.999720685490536 0.7950631983007383 -0.35395962836748396 0.02 4.73318677357387 -0.25698383998573604 3.560795199881146 -0.6084749946962952
4.01547838163243 0.7878848070947297 -0.35891956030043026 0.02 4.72671048688275 -0.24799659664731522 3.5610712146972547 -0.6242302457383727
4.031090601075373 0.7806109721471444 -0.3636917473792689 0.02 4.720786102468282 -0.23860935394193206 3.5612479318381736 -0.6398414421732056
4.046555513242479 0.7732456083552997 -0.36826818959223573 0.02 4.71537941175545 -0.22882211064834124 3.5613354056865996 -0.655306088122503
4.061871369054808 0.7657927906164375 -0.3726408869431097 0.02 4.710458522217836 -0.21863486754369887 3.561342983774201 -0.6706219266023324
4.077036504131362 0.7582567538277019 -0.37680183943678003 0.02 4.705993669862429 -0.20804762468351612 3.561279351365588 -0.6857869155858781
4.092049341989089 0.750641892886339 -0.3807430470681439 0.02 4.701957044096069 -0.1970603815681926 3.5611525730019347 -0.7007992079487774
4.106908397231211 0.7429527621061194 -0.38445653901098 0.02 4.698322625216839 -0.185674597141805 3.5609701311547637 -0.7156571349394438
4.121612277959986 0.7351940364387577 -0.3879362833680844 0.02 4.6950660346439665 -0.17398721785522042 3.5607389621750887 -0.730359191885813
4.136159684882356 0.7273703461184944 -0.3911845160131655 0.02 4.692164397957946 -0.16241163225405586 3.560465489793641 -0.7449040230089113
4.150549408280392 0.7194861699018062 -0.3942088108344066 0.02 4.689596219520743 -0.15121474106205568 3.5601556563854966 -0.759290406464202
4.164780324811358 0.7115458265482655 -0.39701716767703843 0.02 4.687341267630469 -0.14041784213159048 3.5598149521496945 -0.7735172409738691
4.178851394307714 0.7035534748178307 -0.39961758652173884 0.02 4.685380469560651 -0.1300209422350207 3.5594484423456674 -0.7875835341590219
4.192761656577111 0.6955131134698256 -0.40201806740025603 0.02 4.6836958159065425 -0.1200240439258593 3.559060792731603 -0.8014883922490862
4.206510228202396 0.6874285812642711 -0.4042266102777248 0.02 4.682270273620728 -0.11042714387343722 3.558656293343124 -0.815231010991281
4.22009629934161 0.6793035569606864 -0.4062512151792319 0.02 4.6810877071257435 -0.1012302450753566 3.5582388807433385 -0.8288106676229018
4.233519130527987 0.6711415593188441 -0.4080998820921167 0.02 4.680132806918675 -0.09243334564423833 3.557812158870963 -0.842226713681827
4.246778049469954 0.6629459470983701 -0.40978061102370233 0.02 4.679391025088263 -0.08403644657928311 3.557379418600117 -0.8554785686203952
4.259872447851135 0.6547199190590547 -0.41130140196576903 0.02 4.67884851720982 -0.07603954710333483 3.556943656121026 -0.8685657140640407
4.272801778130345 0.6464665139604975 -0.41267025492786047 0.02 4.678492090107071 -0.0684426481045719 3.556507590241382 -0.8814876886136093
4.2855655503415955 0.6381886105625068 -0.41389516989953634 0.02 4.678309155000765 -0.06124574858379361 3.5560736786985574 -0.8942440831431885
4.298163328894088 0.6298889276246111 -0.41498414689478125 0.02 4.678287685598392 -0.05444884976224529 3.555644133567111 -0.9068345364888807
4.310594729372223 0.6215700239067701 -0.41594518589205265 0.02 4.678416180706787 -0.04805194986357009 3.55522093583679 -0.9192587314859756
4.32285941533559 0.6132342981683525 -0.41678628692087827 0.02 4.678683630979174 -0.042055051441280966 3.554805849229897 -0.9315163912955361
4.334957095118977 0.6048839891693358 -0.4175154499508338 0.02 4.679079489434409 -0.03645815149777576 3.554400433320111 -0.9436072759694282
4.346887518632362 0.5965211756692401 -0.4181406750047856 0.02 4.679593645410906 -0.031261252697589725 3.5540060560084132 -0.9555311792155688
4.35865047416092 0.5881477764279275 -0.418669962065632 0.02 4.680216401640736 -0.02646435304232142 3.553623905405963 -0.967287925328777
4.370245785165017 0.5797655502048471 -0.419111311154019 0.02 4.680938454150896 -0.022067454419349986 3.5532550011681705 -0.9788773662633833
4.3816733070802165 0.5713760957599678 -0.41947272224396315 0.02 4.681750874714495 -0.01807055449720707 3.552900205320968 -0.99029937877468
4.3929329241172725 0.5629808518528012 -0.4197621953583308 0.02 4.682645095601203 -0.014473655718383327 3.5525602326110906 -1.0015538617030522
4.404024546062134 0.5545810972430676 -0.4199877304866817 0.02 4.683612896378094 -0.01127675641754422 3.5522356604153362 -1.0126407332469816
4.414948105075945 0.5461779506905629 -0.42015732762523683 0.02 4.684646392545023 -0.008479856927756657 3.551926938231535 -1.0235599283432388
4.425703552495044 0.5377723709549365 -0.4202789867813195 0.02 4.685738025784287 -0.00608295780413215 3.551634396778315 -1.0343113960200176
4.4362908556309595 0.5293651567957802 -0.420360707957812 0.02 4.686880555633412 -0.004086058824626093 3.551358256721433 -1.0448950967966626
4.446709994570418 0.5209569469729391 -0.42041049114205364 0.02 4.688067052392326 -0.0024891592120823702 3.5510986370454605 -1.0553110000795511
4.456960958975339 0.512548220246023 -0.42043633634580857 0.02 4.689290891086856 -0.001292260187746308 3.5508555630865217 -1.0655590815151494
4.467043744882835 0.5041392953748058 -0.4204462435608569 0.02 4.690545746337173 -4.953607524171844E-4 3.550628974236483 -1.0756393203926544
4.476958351560645 0.49573033389052057 -0.42044807421426356 0.02 4.691825587970328 -9.153267033212842E-5 3.5504187313317743 -1.0855516970062222
4.486704779769972 0.4873214104663237 -0.42044617120984284 0.02 4.693124677432204 9.515022103556703E-5 3.5502246237077655 -1.0952961914348172
4.496283033548119 0.4789126889073625 -0.4204360779480609 0.02 4.694437565192027 5.046630890959136E-4 3.5500463759024066 -1.1048727858164127
4.505693123357199 0.47050449045400455 -0.420409922667897 0.02 4.695759088772215 0.0013077640081959885 3.549883654085006 -1.1142814679246311
4.514935069284129 0.46209729634649754 -0.4203597053753505 0.02 4.697084371088497 0.0025108646273253044 3.549736072247961 -1.1235222347539564
4.524008904240631 0.45369174782510235 -0.4202774260697595 0.02 4.698408818947991 0.004113965279550769 3.54960319816548 -1.1325950961113913
4.532914677163237 0.44528864613031516 -0.4201550847393598 0.02 4.699728121552246 0.006117066519983894 3.5494845591222655 -1.1415000781270808
4.541652456213281 0.4368889525022013 -0.419984681405694 0.02 4.701038248879442 0.008520166683290142 3.5493796474113966 -1.1502372267024605
4.550222331976905 0.42849378818119455 -0.4197582160503366 0.02 4.70233544984897 0.01132326776787096 3.5492879255984224 -1.1588066110166075
4.5586244206650575 0.4201044344076088 -0.41946768867928697 0.02 4.703616250129018 0.014526368552481017 3.5492088315522534 -1.1672083268385398
4.566858867313491 0.4117223324216823 -0.4191050992963241 0.02 4.7048774495468635 0.01812946914814262 3.5491417832358714 -1.1754424999676236
4.574925848982766 0.4033490834637554 -0.4186624478963452 0.02 4.70611611898379 0.022132569998944973 3.549086183256472 -1.1835092895159547
4.582825577958249 0.39498644877413724 -0.4181317344809088 0.02 4.707329596717962 0.026535670771821174 3.5490414231695615 -1.191408891200073
4.59055830495011 0.38663634959306137 -0.4175049590537938 0.02 4.708515484162904 0.03133877135574892 3.549006887533873 -1.1991415406159773
4.598124322293329 0.37830086716095224 -0.41677412160545657 0.02 4.709671640960686 0.03654187241686202 3.5489819577142527 -1.20670751646326
4.60552396714769 0.3699822427180255 -0.4159312221463374 0.02 4.71079617941319 0.04214497295595976 3.5489660154296585 -1.2141071437593085
4.612757624697783 0.36168287750464323 -0.41496826066911296 0.02 4.711887458231827 0.04814807386122055 3.5489584460446633 -1.2213407969846775
4.619825731353004 0.3534053327610476 -0.41387723717978275 0.02 4.71294407562998 0.05455117446651059 3.548958641603268 -1.228408903313255
4.626728777947554 0.3451523297275383 -0.41265015167546437 0.02 4.713964861733201 0.061354275215919074 3.5489660036055297 -1.2353119456824366
4.633467312940444 0.3369267496444728 -0.41127900415327545 0.02 4.714948870371258 0.06855737610944601 3.548979945527889 -1.2420504659801792
4.640041945615487 0.3287316337521773 -0.4097557946147745 0.02 4.715895370252772 0.0761604769250468 3.548999895089781 -1.2486250681431383
4.6464533492813045 0.32057018329085807 -0.408072523065961 0.02 4.716803835578465 0.08416357744067682 3.5490252962700177 -1.2550364212695668
4.652702264471323 0.31244575950091225 -0.40622118949729114 0.02 4.717673936137698 0.0925666784334922 3.5490556110778164 -1.2612852627264048
4.658789502143773 0.30436188362252814 -0.4041937939192053 0.02 4.718505526944888 0.10136977890429222 3.5490903210845386 -1.2673724012653982
4.664715946881696 0.29632223689612935 -0.4019823363199393 0.02 4.719298637468143 0.1105728799632999 3.549128928723005 -1.273298720092695
4.670482560092935 0.2883306605619751 -0.399578816707713 0.02 4.7200534605291695 0.12017598061131451 3.5491709583632503 -1.2790651799970938
4.676090383210142 0.2803911558603378 -0.3969752350818645 0.02 4.720770340930473 0.13017908129242528 3.54921595717362 -1.2846728224522856
4.681540540890774 0.272507884031592 -0.39416359143729096 0.02 4.721449763880747 0.1405821822286768 3.5492634957773888 -1.2901227726938294
4.686834244217093 0.26468516631594774 -0.39113588578221226 0.02 4.722092343303376 0.15138528275393526 3.5493131687168984 -1.2954162428759604
4.691972793896081 0.25692748394940956 -0.38788411832690883 0.02 4.722698810078452 0.16258837276517113 3.549364594735694 -1.3005545351377858
4.696957583278356 0.24923946911372674 -0.3844007417841411 0.02 4.72327000029153 0.17416882713838788 3.5494174168907104 -1.305539044574734
4.701790099196303 0.2416257958973489 -0.3806836608188924 0.02 4.723806843329844 0.1858540482624349 3.5494713024829365 -1.3103712599939135
4.7064719195201485 0.2340910161922949 -0.37673898525270033 0.02 4.72431034983922 0.19723377830960231 3.5495259427997743 -1.3150527614126268
4.71100470996845 0.22663952241508412 -0.37257468886053857 0.02 4.724781599944701 0.20821481960808796 3.549581052704399 -1.3195852167913555
4.715390220908098 0.21927554698240037 -0.36819877163418724 0.02 4.725221731895837 0.21879586131756668 3.5496363700973204 -1.3239703788039594
4.719630284154314 0.21200316231078098 -0.3636192335809696 0.02 4.725631931184768 0.22897690266088233 3.5496916552667397 -1.328210081580232
4.723726809770652 0.20482628081692766 -0.35884407469266577 0.02 4.7260134201891955 0.23875794441519105 3.549746690144934 -1.332306237467698
4.727681782869 0.19774865491739568 -0.35388129497659904 0.02 4.726367448379068 0.2481389858033367 3.5498012774867775 -1.3362608338152788
4.731497260409577 0.19077387702881587 -0.3487388944289904 0.02 4.726695283112971 0.2571200273804308 3.549855239984726 -1.3400759297216542
4.735175368000934 0.18390537956785025 -0.3434248730482814 0.02 4.726998201056126 0.2657010690354511 3.549908419335737 -1.3437536528384346
4.738718296699955 0.17714643495105875 -0.3379472308395748 0.02 4.7272774802279 0.2738821104353306 3.54996067527199 -1.347296196134089
4.742128299811856 0.17050015559507692 -0.3323139677990916 0.02 4.727534392695455 0.2816631520241586 3.550011884568718 -1.350705814697929
4.745407689690187 0.16396949391652704 -0.3265330839274938 0.02 4.727770197912263 0.2890441935798904 3.550061940039452 -1.3539848225320958
4.748558834536827 0.15755724233201818 -0.3206125792254433 0.02 4.727986136699473 0.2960252351025261 3.550110749528726 -1.357135589333044
4.75158415520199 0.15126603325814614 -0.31456045369360197 0.02 4.7281834258654065 0.3026062765920656 3.550158234911724 -1.3601605373075956
4.754486121984222 0.14509833911158232 -0.3083847073281909 0.02 4.728363253445782 0.3087873182705536 3.550204331107789 -1.3630621379554544
4.757267251430401 0.13905647230894047 -0.30209334013209244 0.02 4.728526774552671 0.31456835980492315 3.550248985115574 -1.3658429088913129
4.759930103135735 0.13314258526673228 -0.2956943521104094 0.02 4.72867510780701 0.31994940108415193 3.5502921550746294 -1.3685054106362842
4.762477276543769 0.12735867040167825 -0.2891957432527015 0.02 4.728809332334246 0.3249304428853961 3.550333809358987 -1.3710522434307382
4.764911407746377 0.12170656013039682 -0.2826055135640715 0.02 4.728930485294593 0.32951148443149947 3.550373925706177 -1.3734860440356453
4.767235166283766 0.11618792686944879 -0.2759316630474018 0.02 4.72903955992054 0.3336925258334844 3.5504124903850913 -1.3758094825434284
4.769451251944476 0.11080428303551493 -0.269182191696693 0.02 4.729137504030542 0.3374735675354401 3.5504494974047347 -1.378025259186361
4.771562391565378 0.10555698104508515 -0.2623650995214888 0.02 4.729225218987366 0.34085460876021045 3.550484947765543 -1.380136101143074
4.773571335831678 0.1004472133149914 -0.2554883865046875 0.02 4.729303559068828 0.34383565084006307 3.5505188487541863 -1.382144759348439
4.77548085607691 0.09547601226160829 -0.2485600526691556 0.02 4.729373331217702 0.3464166917765965 3.550551213282168 -1.3840540052997328
4.777293741082945 0.09064425030174128 -0.24158809799335046 0.02 4.729435295137884 0.3485977337902568 3.5505820592680912 -1.3858666278661702
4.779012793879982 0.08595263985187174 -0.23458052249347716 0.02 4.729490163703698 0.3503787749936649 3.550611409062961 -1.3875854300955837
4.780640828546557 0.08140173332873424 -0.22754532615687495 0.02 4.729538603650062 0.3517598168301106 3.550639288917586 -1.3892132260262178
4.782180667009534 0.07699192314887249 -0.22049050899308753 0.02 4.729581236511067 0.35274085818937095 3.550665728490448 -1.3907528374828804
4.783635135844113 0.07272344172895018 -0.2134240709961155 0.02 4.729618639777248 0.3533218998486021 3.5506907603951157 -1.3922070908983453
4.785007063073823 0.06859636148548454 -0.2063540121732821 0.02 4.7296513482401625 0.35350294114167014 3.550714419784513 -1.3935788141053078
4.786299274970527 0.0646105948352016 -0.19928833251414702 0.02 4.7296798554970945 0.35328398295675356 3.550736743970903 -1.3948708331512247
4.7875145928544205 0.060765894194680925 -0.19223503202603354 0.02 4.729704615587788 0.35266502440567393 3.550757772078997 -1.396085969101634
4.788655829894031 0.05706185198053326 -0.18520211070738313 0.02 4.729726044737615 0.35164606593252046 3.5507775447301038 -1.3972270348414493
4.789725787906218 0.05349790060935611 -0.1781975685588577 0.02 4.729744523183333 0.35022710742627083 3.550796103755366 -1.3982968318831952
4.790727254156175 0.05007331249782254 -0.17122940557667832 0.02 4.7297603970583735 0.34840814910896967 3.5508134919355703 -1.3992981471684227
4.791662998157424 0.04678720006245918 -0.1643056217681682 0.02 4.729773980317085 0.34618919042550544 3.5508297527655506 -1.4002337498728061
4.792535768471824 0.043638515720001436 -0.15743421712288708 0.02 4.729785556678498 0.3435702322640566 3.5508449302409826 -1.4011063882095118
4.793348289509563 0.040626051886949455 -0.15062319165259908 0.02 4.729795381572019 0.34055127351440007 3.550859068665399 -1.401918786228419
4.794103258329163 0.03774844098001218 -0.1438805453468639 0.02 4.72980368406943 0.3371323152867589 3.550872212475744 -1.4026736406242464
4.794803341437478 0.03500415541575208 -0.1372142782130048 0.02 4.729810668788546 0.3333133566929547 3.550884406084137 -1.4033736175341673
4.795451171589694 0.032391507610807224 -0.13063239024724282 0.02 4.729816517756322 0.32909439828809894 3.5508956937344833 -1.4040213493419151
4.79604934458933 0.029908649981802427 -0.12414288145023988 0.02 4.72982139222006 0.32447543985014704 3.550906119371984 -1.4046194314797105
4.796600416088236 0.02755357494526045 -0.1177537518270988 0.02 4.729825434397458 0.3194564811570544 3.550915726524132 -1.4051704192287013
4.797106898386596 0.025324114918001683 -0.11147300136293836 0.02 4.729828769157321 0.3140375232080217 3.5509245581917117 -1.4056768245212008
4.797571257232923 0.023217942316389184 -0.10530863008062497 0.02 4.729831505624394 0.30821856411566984 3.55093265674855 -1.4061411127415133
4.797995908624069 0.02123256955726127 -0.09926863795639562 0.02 4.729833738702992 0.30199960621146715 3.5509400638487607 -1.4065656995274085
4.79838321560521 0.019365349057087755 -0.09336102500867582 0.02 4.729835550515479 0.2953806473859899 3.550946820340501 -1.4069529475713565
4.798735485069862 0.01761347323259166 -0.08759379122480482 0.02 4.729837011752686 0.2883616891935503 3.5509529661852 -1.4073051634203522
4.7990549645598675 0.015973974500260724 -0.08197493661654676 0.02 4.729838182934637 0.2809427304129031 3.5509585403814947 -1.4076245942780374
4.799343839065405 0.014443725276880315 -0.07651246116902044 0.02 4.7298391155807815 0.2731237723763158 3.5509635808930406 -1.4079134248047718
4.799604227824982 0.013019437978867288 -0.07121436490065136 0.02 4.7298398532901 0.26490481341845395 3.5509681245796525 -1.408173773918525
4.799838181125443 0.011697665023024939 -0.06608864779211743 0.02 4.729840432732049 0.2562858554266967 3.550972207131057 -1.408407691595351
4.8000476771019605 0.010474798825876874 -0.06114330985740324 0.02 4.729840884550326 0.24726689673570945 3.5509758630029635 -1.4086171556705378
4.800234618538042 0.009347071804066687 -0.05638635109050938 0.02 4.729841234181931 0.23784793834469298 3.550979125354845 -1.4088040686383894
4.8004008296655245 0.008310556374135913 -0.051825771496538664 0.02 4.729841502594675 0.22802897969853575 3.5509820259892324 -1.4089702544537803
4.800548052964581 0.007361164952834898 -0.047469571065050786 0.02 4.729841706946855 0.21781002157439389 3.5509845952921175 -1.4091174553316859
4.800677945963714 0.006494649956634291 -0.043325749810030345 0.02 4.729841861173108 0.20719106275102206 3.550986862174309 -1.4092473285485585
4.800792078039759 0.005706603802257959 -0.03940230771881659 0.02 4.7298419765009605 0.1961721045606879 3.5509888540134624 -1.4093614432424522
4.800891927237325 0.004992459878305766 -0.03570719619760965 0.02 4.7298420619027315 0.18475557606034698 3.5509905965970336 -1.4094612772329445
4.800978878028493 0.004347539558402502 -0.03224601599516319 0.02 4.729842124488306 0.17305901012232283 3.550992114082038 -1.409548214781351
4.801054222487291 0.003767222939909942 -0.029015830924628006 0.02 4.72984216984441 0.16150925352675927 3.550993429014736 -1.4096235477649584
4.801119163366285 0.0032470439496723458 -0.02600894951187982 0.02 4.729842202322803 0.1503440706374093 3.550994562383745 -1.409688478753242
4.8011748172965705 0.002782696514280758 -0.023217371769579387 0.02 4.7298422252817645 0.13957888711502164 3.5509955336754895 -1.409744124207229
4.801222217987774 0.0023700345601618267 -0.020633097705946568 0.02 4.729842241286997 0.12921370318164094 3.5509963609297506 -1.4097915176791067
4.801262319428049 0.002005072013755438 -0.01824812732031944 0.02 4.72984225227761 0.11924851928135638 3.5509970607953463 -1.4098316130117516
4.80129599908408 0.0016839828015591252 -0.016054460609815635 0.02 4.72984225970205 0.10968333552519027 3.550997648585827 -1.4098652875382094
4.80132406110108 0.0014031008499948427 -0.01404409757821412 0.02 4.729842264628577 0.10051815158007571 3.5509981383352534 -1.409893345281234
4.801347239502792 0.001158920085586601 -0.012209038220412083 0.02 4.729842267834222 0.0917529678901019 3.5509985428539887 -1.4099165201527637
4.8013662013914855 9.480944346940134E-4 -0.010541282544629382 0.02 4.729842269875672 0.08338778378913503 3.5509988737845 -1.4099354791534686
4.801381550147964 7.674378239119761E-4 -0.009032830539101866 0.02 4.729842271145161 0.07542260027637582 3.5509991416572 -1.4099508255722581
4.801393828631556 6.139241796265793E-4 -0.007675682214269841 0.02 4.729842271913997 0.06785741624160124 3.5509993559462716 -1.409963102185776
4.801403522380122 4.8468742828156053E-4 -0.006461837567250939 0.02 4.729842272366076 0.06069223235094512 3.550999525125503 -1.4099727944579372
4.80141106281005 3.7702149642271365E-4 -0.005383296592942344 0.02 4.729842272623205 0.05392704871542975 3.550999656724148 -1.4099803337394199
4.801416830416259 2.883803104314353E-4 -0.004432059299563917 0.02 4.72984227276405 0.047561864668921316 3.550999757382754 -1.409986100467195
4.801421157972196 2.1637779683558733E-4 -0.0036001256797923986 0.02 4.729842272837954 0.04159668098857594 3.550999832909019 -1.4099904273640236
4.801424333729836 1.5878788199863436E-4 -0.0028794957418476486 0.02 4.729842272874853 0.0360314968972375 3.5509998883336342 -1.4099936026379785
4.801426604619686 1.1354449251932408E-4 -0.002262169473965514 0.02 4.729842272892239 0.030866313394106726 3.550999927966124 -1.4099958731819628
4.801428179450782 7.874155478759803E-5 -0.0017401468865863023 0.02 4.729842272899895 0.026101129368960585 3.5509999554507163 -1.409997447773204
4.801429232110687 5.2632995251045145E-5 -0.0013054279768276444 0.02 4.729842272902997 0.021735945487932895 3.5509999738221643 -1.409998500272784
4.801429904765494 3.36327403704928E-5 -9.500127440276174E-4 0.02 4.729842272904136 0.017770761640001353 3.550999985561611 -1.409999172825142
4.8014303110598275 2.0314716664415755E-5 -6.659011853038521E-4 0.02 4.729842272904506 0.014205577936188263 3.550999992652425 -1.409999579057594
4.801430539316839 1.1412850575709399E-5 -4.450933044353178E-4 0.02 4.729842272904607 0.011040394043426716 3.550999996636059 -1.4099998072798414
4.80143065573821 5.82106856050757E-6 -2.7958910076009147E-4 0.02 4.729842272904628 0.008275210183761317 3.55099999866789 -1.4099999236834821
4.801430707604151 2.5932970437736458E-6 -1.613885758366962E-4 0.02 4.729842272904632 0.005910026246169764 3.550999999573076 -1.4099999755415233
4.801430726473402 9.434625525273077E-7 -8.24917245623169E-5 0.02 4.729842272904634 0.003944842563718964 3.550999999902392 -1.4099999944078987
4.801430731383232 2.4549149379993196E-7 -3.489855293636879E-5 0.02 4.729842272904634 0.002379658581297406 3.550999999988079 -1.4099999993169818
4.8014307320494405 3.331042108811744E-8 -1.0609053635590726E-5 0.02 4.729842272904634 0.001214474965038903 3.5509999999997057 -1.409999999983089
4.801430732066353 8.456346733964892E-10 -1.6232393207360474E-6 0.02 4.729842272904634 4.4929071574273394E-4 3.5509999999999997 -1.4100000000000001
4.801430732066353 0.0 -4.228173366982446E-8 0.02 4.729842272904634 7.904787935331115E-5 3.5509999999999997 -1.4100000000000001
