2.666666666666667E-11 1.3333333333333335E-9 6.666666666666667E-8 0.02 0.0 3.3333333333333333E-6 2.6666666667402765E-11 0.0
8.533333333333335E-10 4.133333333333334E-8 2.0000000000000003E-6 0.02 0.0 9.666666666666668E-5 8.533333333348656E-10 0.0
6.479999999999999E-9 2.8133333333333326E-7 1.1999999999999995E-5 0.02 0.0 4.999999999999998E-4 6.480000000000995E-9 0.0
2.730666666666667E-8 1.0413333333333335E-6 3.800000000000001E-5 0.02 0.0 0.0013000000000000008 2.7306666666666572E-8 0.0
8.333333333333335E-8 2.801333333333334E-6 8.800000000000002E-5 0.02 0.0 0.002500000000000001 8.33333333333331E-8 0.0
2.0735999999999997E-7 6.20133333333333E-6 1.699999999999998E-4 0.02 0.0 0.004099999999999988 2.0736000000000135E-7 0.0
4.4818666666666683E-7 1.2041333333333343E-5 2.9200000000000065E-4 0.02 0.0 0.006100000000000042 4.481866666666682E-7 0.0
8.738133333333335E-7 2.1281333333333332E-5 4.6199999999999947E-4 0.02 0.0 0.008499999999999942 8.738133333333337E-7 0.0
1.5746399999999998E-6 3.504133333333331E-5 6.879999999999989E-4 0.02 0.0 0.011299999999999973 1.5746399999999995E-6 0.0
2.6666666666666673E-6 5.4601333333333376E-5 9.780000000000032E-4 0.02 0.0 0.01450000000000021 2.6666666666666677E-6 0.0
4.294693333333333E-6 8.140133333333328E-5 0.0013399999999999953 0.02 0.0 0.018099999999999606 4.294693333333334E-6 0.0
6.635519999999999E-6 1.1704133333333331E-4 0.0017820000000000015 0.02 0.0 0.02210000000000031 6.635519999999999E-6 0.0
9.901146666666668E-6 1.6328133333333344E-4 0.0023120000000000063 0.02 0.0 0.026500000000000242 9.901146666666668E-6 0.0
1.4341973333333339E-5 2.2204133333333353E-4 0.002938000000000005 0.02 0.0 0.031299999999999925 1.4341973333333339E-5 0.0
2.0249999999999994E-5 2.9540133333333276E-4 0.0036679999999999612 0.02 0.0 0.03649999999999782 2.024999999999999E-5 0.0
2.7962026666666672E-5 3.8560133333333387E-4 0.004510000000000056 0.02 0.0 0.04210000000000472 2.796202666666667E-5 0.0
3.786285333333334E-5 4.950413333333335E-4 0.00547199999999998 0.02 0.0 0.048099999999996236 3.786285333333334E-5 0.0
5.038847999999999E-5 6.262813333333325E-4 0.006561999999999952 0.02 0.0 0.054499999999998605 5.038847999999999E-5 0.0
6.602930666666667E-5 7.82041333333334E-4 0.007788000000000071 0.02 0.0 0.061300000000005926 6.602930666666666E-5 0.0
8.533333333333335E-5 9.652013333333341E-4 0.009158000000000006 0.02 0.0 0.06849999999999677 8.533333333333335E-5 0.0
1.0890935999999998E-4 0.0011788013333333314 0.010679999999999863 0.02 0.0 0.07609999999999284 1.0890935999999998E-4 0.0
1.3743018666666665E-4 0.0014260413333333334 0.012362000000000104 0.02 0.0 0.08410000000001203 1.3743018666666662E-4 0.0
1.7163581333333336E-4 0.0017102813333333355 0.0142120000000001 0.02 0.0 0.09249999999999979 1.7163581333333336E-4 0.0
2.1233663999999997E-4 0.0020350413333333306 0.016237999999999756 0.02 0.0 0.10129999999998282 2.1233663999999997E-4 0.0
2.6041666666666666E-4 0.0024040013333333347 0.018448000000000204 0.02 0.0 0.11050000000002239 2.604166666666666E-4 0.0
3.168366933333334E-4 0.0028210013333333354 0.020850000000000035 0.02 0.0 0.12009999999999156 3.168366933333332E-4 0.0
3.8263752000000016E-4 0.0032900413333333393 0.023452000000000195 0.02 0.0 0.130100000000008 3.826375199999998E-4 0.0
4.5894314666666684E-4 0.003815281333333334 0.026261999999999727 0.02 0.0 0.1404999999999766 4.589431466666663E-4 0.0
5.469639733333331E-4 0.004401041333333315 0.029287999999999037 0.02 0.0 0.15129999999996552 5.469639733333324E-4 0.0
6.479999999237241E-4 0.00505180132951955 0.03253799980931179 0.02 0.0 0.1624999904656376 6.47999999923723E-4 0.0
7.634438505853905E-4 0.005772192533083317 0.036019560178188324 0.02 0.0 0.17407801844382675 7.634438505853891E-4 0.0
8.947816399846582E-4 0.006566889469963389 0.03973484684400359 0.02 0.0 0.18576433329076344 8.947816399846565E-4 0.0
0.0010435905448563944 0.007440445243586809 0.04367778868117102 0.02 0.0 0.1971470918583712 0.0010435905448563923 0.0
0.0012115356150738674 0.008397253510873648 0.04784041336434192 0.02 0.0 0.20813123415854526 0.0012115356150738648 0.0
0.0014003665736487458 0.00944154792874392 0.05221472089351362 0.02 0.0 0.21871537645858502 0.0014003665736487428 0.0
0.0016119146167310962 0.010577402154117519 0.05679271126867993 0.02 0.0 0.22889951875831524 0.0016119146167310925 0.0
0.0018480892136093917 0.011808729843914775 0.061566384489862826 0.02 0.0 0.23868366105914487 0.0018480892136093876 0.0
0.002110874906710499 0.013139284655055376 0.06652774055703001 0.02 0.0 0.24806780335835907 0.0021108749067104944 0.0
0.0024023281115996904 0.014572660244459561 0.07166877947020929 0.02 0.0 0.2570519456589641 0.002402328111599685 0.0
0.0027245739169806348 0.016112290269047216 0.07698150122938274 0.02 0.0 0.2656360879586726 0.0027245739169806282 0.0
0.003079802884695404 0.017761448385738468 0.08245790583456258 0.02 0.0 0.27382023025899205 0.0030798028846953968 0.0
0.003470267849724467 0.01952324825145314 0.08808999328573357 0.02 0.0 0.28160437255854914 0.0034702678497244587 0.0
0.0038982807201867 0.02140064352311164 0.09386976358292508 0.02 0.0 0.28898851485957555 0.0038982807201866903 0.0
0.004366209277339373 0.02339642785763366 0.0997892167261009 0.02 0.0 0.2959726571587912 0.004366209277339383 0.0
0.004876473975578159 0.025513234911939305 0.10584035271528225 0.02 0.0 0.3025567994590673 0.0048764739755781895 0.0
0.005431544742437132 0.027753538342948626 0.11201517155046604 0.02 0.0 0.30874094175918976 0.0054315447424371855 0.0
0.006033937778588764 0.030119651807581627 0.11830567323165009 0.02 0.0 0.31452508405920215 0.006033937778588842 0.0
0.006686212357843926 0.03261372896275808 0.12470385775882278 0.02 0.0 0.3199092263586348 0.00668621235784403 0.0
0.0073909676271519 0.0352377634653987 0.13120172513203068 0.02 0.0 0.324893368660395 0.0073909676271520335 0.0
0.008150839406600358 0.03799358897242288 0.13779127535120914 0.02 0.0 0.32947751095892264 0.008150839406600522 0.0
0.008968496989415374 0.040882879140750804 0.1444645084163962 0.02 0.0 0.33366165325935254 0.008968496989415571 0.0
0.009846639941961425 0.043907147627302544 0.151213424327587 0.02 0.0 0.3374457955595406 0.009846639941961657 0.0
0.010787994903741386 0.047067748088998065 0.15803002308477607 0.02 0.0 0.3408299378594534 0.010787994903741657 0.0
0.011795312387396535 0.050365874182757474 0.1649063046879704 0.02 0.0 0.343814080159717 0.011795312387396848 0.0
0.012871363578706546 0.05380255956550055 0.17183426913715374 0.02 0.0 0.3463982224591669 0.012871363578706904 0.0
0.014018937136589502 0.057378677894147787 0.17880591643236188 0.02 0.0 0.34858236476040666 0.014018937136589905 0.0
0.015240835993101878 0.06109494282561878 0.18581324657354972 0.02 0.0 0.35036650705939226 0.01524083599310233 0.0
0.01653987415343854 0.06495190801683307 0.19284825956071422 0.02 0.0 0.3517506493582248 0.016539874153439042 0.0
0.01791887349593279 0.06894996712471252 0.19990295539397268 0.02 0.0 0.3527347916629231 0.01791887349593335 0.0
0.019380660572056303 0.07308935380617564 0.20696933407315585 0.02 0.0 0.3533189339591583 0.019380660572056924 0.0
0.020928063406419145 0.07737014171814212 0.21403939559832413 0.02 0.0 0.3535030762584143 0.02092806340641983 0.0
0.022563908296769804 0.08179224451753293 0.22110513996954073 0.02 0.0 0.3532872185608299 0.022563908296770553 0.0
0.024291016613995162 0.08635541586126792 0.22815856718674948 0.02 0.0 0.3526713608604376 0.02429101661399598 0.0
0.026112201602120494 0.09105924940626657 0.2351916772499324 0.02 0.0 0.3516555031591456 0.02611220160212139 0.0
0.02803026517830949 0.09590317880944985 0.24219647015916376 0.02 0.0 0.3502396454615683 0.028030265178310462 0.0
0.03004799473286423 0.10088647772773691 0.24916494591435343 0.02 0.0 0.34842378775948313 0.030047994732865284 0.0
0.032168159929225185 0.10600825981804778 0.25608910451554306 0.02 0.0 0.34620793005948197 0.032168159929226 0.0
0.03439350950397125 0.11126747873730324 0.262960945962773 0.02 0.0 0.34359207236149547 0.03439350950397139 0.0
0.0367267680668197 0.11666292814242266 0.269772470255971 0.02 0.0 0.34057621465990173 0.03672676806681913 0.0
0.03917063290062623 0.12219324169032639 0.27651567739518657 0.02 0.0 0.33716035696077784 0.039170632900624905 0.0
0.04172777076138489 0.127856893037933 0.2831825673803301 0.02 0.0 0.3333444992571766 0.04172777076138279 0.0
0.04440081467822821 0.13365219584216617 0.2897651402116591 0.02 0.0 0.3291286415664507 0.044400814678225285 0.0
0.04719236075342707 0.13957730375994298 0.2962553958888406 0.02 0.0 0.3245127838590739 0.04719236075342329 0.0
0.05010496496239074 0.14563021044818325 0.30264533441201336 0.02 0.0 0.31949692615863834 0.05010496496238607 0.0
0.0531411399536669 0.15180874956380805 0.3089269557812399 0.02 0.0 0.31408106846132766 0.0531411399536613 0.0
0.05630335184894165 0.1581105947637374 0.31509225999646756 0.02 0.0 0.3082652107613826 0.056303351848935076 0.0
0.05959401704303947 0.16453325970489097 0.3211332470576783 0.02 0.0 0.3020493530605378 0.05959401704303189 0.0
0.06301549900392325 0.1710740980441893 0.32704191696491663 0.02 0.0 0.2954334953619159 0.063015499003915 0.0
0.06657010507269427 0.17773030343855092 0.33281026971808125 0.02 0.0 0.2884176376582309 0.06657010507268739 0.0
0.07026008326359222 0.18449890954489734 0.3384303053173207 0.02 0.0 0.28100177996197295 0.07026008326358676 0.0
0.0740876190639952 0.19137679002014935 0.34389402376260036 0.02 0.0 0.27318592226398264 0.07408761906399124 0.0
0.07805483223441967 0.19836065852122317 0.3491934250536913 0.02 0.0 0.2649700645545455 0.07805483223441724 0.0
0.08216377360852056 0.2054470687050447 0.35432050919107644 0.02 0.0 0.25635420686925814 0.08216377360851973 0.0
0.0864164218930911 0.21263241422852658 0.35926727617409393 0.02 0.0 0.2473383491508746 0.0864164218930919 0.0
0.09081468046806306 0.21991292874859805 0.3640257260035737 0.02 0.0 0.23792249147398803 0.09081468046806557 0.0
0.09536037418650647 0.22728468592217096 0.36858785867864563 0.02 0.0 0.22810663375359697 0.09536037418651075 0.0
0.10005524617462988 0.2347435994061703 0.3729456741999662 0.02 0.0 0.21789077606602925 0.10005524617463597 0.0
0.10490095463178012 0.24228542285751192 0.3770911725670817 0.02 0.0 0.20727491835577372 0.1049009546317881 0.0
0.10989906963044252 0.24990574993312004 0.38101635378040566 0.02 0.0 0.19625906066619847 0.10989906963045243 0.0
0.11505106993477573 0.25760001521666076 0.3847132641770362 0.02 0.0 0.18484551983152797 0.11505106993478764 0.0
0.12035834074248647 0.2653635403855367 0.3881762584437981 0.02 0.0 0.17314971333809437 0.12035834074250043 0.0
0.12582217483250882 0.27319170450111757 0.39140820577904245 0.02 0.0 0.16159736676221725 0.12582217483252375 0.0
0.13144377563751344 0.28108004025023114 0.39441678745567865 0.02 0.0 0.15042908383181008 0.13144377563752277 0.0
0.13722426044389427 0.2890242403190413 0.39721000344050683 0.02 0.0 0.13966079924140895 0.1372242604438978 0.0
0.14316466359176835 0.29702015739370424 0.3997958537331481 0.02 0.0 0.12929251463206226 0.14316466359176594 0.0
0.1492659396749759 0.30506380416037704 0.4021823383336398 0.02 0.0 0.1193242300245867 0.1492659396749674 0.0
0.1555289667410806 0.31315135330523547 0.4043774572429215 0.02 0.0 0.10975594546408507 0.15552896674106584 0.0
0.16195454949136898 0.3212791375144186 0.4063892104591571 0.02 0.0 0.1005876608117795 0.16195454949134777 0.0
0.168543422480851 0.329443649474101 0.4082255979841187 0.02 0.0 0.09181937624808123 0.1685434224808232 0.0
0.17529625331825974 0.33764154187043705 0.409894619816803 0.02 0.0 0.08345109163421238 0.1752962533182252 0.0
0.1822136458660514 0.3458696273895834 0.41140427595731666 0.02 0.0 0.0754828070256841 0.18221364586600994 0.0
0.18929614344040555 0.35412487871770704 0.4127625664061829 0.02 0.0 0.06791452244331309 0.189296143440357 0.0
0.19654423201122487 0.3624044285409661 0.41397749116295346 0.02 0.0 0.06074623783852706 0.19654423201116908 0.0
0.20395834340213517 0.37070556954551526 0.41505705022745754 0.02 0.0 0.05397795322520382 0.20395834340207197 0.0
0.21153885849048562 0.3790257544175224 0.41600924360035707 0.02 0.0 0.04760966864497673 0.21153885849041484 0.0
0.21928611040734844 0.3873625958431409 0.4168420712809262 0.02 0.0 0.04164138402845685 0.21928611040726992 0.0
0.22720038773751908 0.3957138665085319 0.4175635332695493 0.02 0.0 0.03607309943115533 0.22720038773743262 0.0
0.2352819377195163 0.40407749909986135 0.418181629566472 0.02 0.0 0.030904814846133277 0.23528193771942177 0.0
0.24353096944558192 0.4124515863032807 0.41870436017096835 0.02 0.0 0.026136530224818433 0.24353096944547914 0.0
0.251947657061681 0.42083438080495333 0.41913972508363095 0.02 0.0 0.02176824563313029 0.2519476570615698 0.0
0.2605321429675019 0.42922429529104467 0.4194957243045666 0.02 0.0 0.01779996104678272 0.2605321429673821 0.0
0.26928454101645594 0.4376199024477029 0.4197803578329107 0.02 0.0 0.014231676417203465 0.2692845410163274 0.0
0.27820493971567795 0.4460199349611005 0.4200016256698802 0.02 0.0 0.011063391848475934 0.2782049397155405 0.0
0.2872934054260257 0.45442328551738853 0.42016752781440236 0.02 0.0 0.008295107226108378 0.28729340542587917 0.0
0.29654998556208034 0.4628290068027313 0.4202860642671391 0.02 0.0 0.00592682263683697 0.2965499855619245 0.0
0.3059747117921459 0.4712363115032786 0.42036523502736456 0.02 0.0 0.003958538011272772 0.30597471179198066 0.0
0.3155676032382502 0.4796445723052156 0.4204130400968509 0.02 0.0 0.002390253474315873 0.3155676032380754 0.0
0.32532866967614377 0.488053321894677 0.4204374794730681 0.02 0.0 0.001221968810860563 0.3253286696759592 0.0
0.33525791473530037 0.49646225295783 0.42044655315764956 0.02 0.0 4.536842290736587E-4 0.33525791473510586 0.0
0.3453553390208111 0.5048712142755374 0.4204480658853704 0.02 0.0 7.563638604324296E-5 0.3453553390206065 0.0
0.3556209416310428 0.5132801305115842 0.4204458118023391 0.02 0.0 -1.1270415156694469E-4 0.3556209416308279 0.0
0.3660547181753521 0.5216888272154663 0.4204348351941056 0.02 0.0 -5.488304116729736E-4 0.3660547181751268 0.0
0.3766566576093722 0.5300969717010051 0.4204072242769419 0.02 0.0 -0.0013805458581872543 0.3766566576091363 0.0
0.3874267390350135 0.5385040712820643 0.4203549790529615 0.02 0.0 -0.0026122611990198052 0.3874267390347668 0.0
0.39836492850046273 0.5469094732724611 0.4202700995198372 0.02 0.0 -0.0042439766562152315 0.3983649285002051 0.0
0.4094711758001836 0.5553123649860436 0.4201445856791275 0.02 0.0 -0.006275692035484504 0.4094711757999149 0.0
0.42074541127491677 0.5637117737366582 0.4199704375307256 0.02 0.0 -0.008707407420094349 0.42074541127463677 0.0
0.43218754261167963 0.5721065668381431 0.41973965507424715 0.02 0.0 -0.011539122823922554 0.4321875426113882 0.0
0.4437974516437661 0.5804954516043237 0.4194442383090302 0.02 0.0 -0.014770838260846908 0.443797451643463 0.0
0.45557499115074734 0.5888769753490619 0.41907618723691087 0.02 0.0 -0.01840255360596732 0.4555749911504325 0.0
0.4675199816584709 0.5972495253861787 0.4186275018558394 0.02 0.0 -0.02243426905357282 0.4675199816581441 0.0
0.47963220823906155 0.6056113290295317 0.4180901821676519 0.02 0.0 -0.026865984409374377 0.47963220823872266 0.0
0.4919114173109204 0.6139604535929433 0.41745622817057626 0.02 0.0 -0.031697699853783234 0.49191141731056925 0.0
0.5043573134387258 0.6222948063902695 0.4167176398663097 0.02 0.0 -0.036929415213327044 0.5043573134383864 0.0
0.5169695561334327 0.6306121347353422 0.41586641725363527 0.02 0.0 -0.04256113063372258 0.5169695561331507 0.0
0.5297477566522726 0.6389100259419966 0.41489456033272365 0.02 0.0 -0.048592846045580895 0.5297477566520488 0.0
0.5426914747987542 0.6471859073240827 0.4137940691043007 0.02 0.0 -0.05502456142114642 0.5426914747985893 0.0
0.5558002157226629 0.655437046195434 0.4125569435675658 0.02 0.0 -0.06185627683674699 0.5558002157225577 0.0
0.5690734267200609 0.6636605498698989 0.4111751837232447 0.02 0.0 -0.06908799221605477 0.569073426720016 0.0
0.5825104940332869 0.6718533656613013 0.4096407895701204 0.02 0.0 -0.07671970765621428 0.5825104940333032 0.0
0.5961107396509565 0.6800122808834796 0.4079457611089188 0.02 0.0 -0.08475142306008099 0.5961107396510347 0.0
0.6098734181079629 0.6881339228503203 0.406082098342031 0.02 0.0 -0.09318313834438818 0.6098734181081037 0.0
0.6237977132854752 0.6962147588756129 0.40404180126463185 0.02 0.0 -0.10201485386995834 0.6237977132856793 0.0
0.6378827352109394 0.7042510962732118 0.40181686987994514 0.02 0.0 -0.11124656923433562 0.6378827352112076 0.0
0.6521275168580785 0.7122390823569524 0.3993993041870314 0.02 0.0 -0.12087828464568684 0.6521275168584115 0.0
0.6665310109468922 0.7201747044406848 0.3967811041866165 0.02 0.0 -0.13091000002074527 0.6665310109472908 0.0
0.6810920867436572 0.7280537898382511 0.39395426987831605 0.02 0.0 -0.14134171541502205 0.6810920867441221 0.0
0.6958095268609269 0.735872005863486 0.3909108012617457 0.02 0.0 -0.1521734308285172 0.6958095268614588 0.0
0.7106820240578079 0.7436248598440498 0.38764269902819004 0.02 0.0 -0.1634051116777835 0.7106820240584075 0.0
0.7257081782769391 0.7513077109565613 0.3841425556255773 0.02 0.0 -0.1750071701306366 0.725708178277607 0.0
0.7408864960706382 0.7589158896849524 0.38040893641955176 0.02 0.0 -0.18668096030127757 0.7408864960713752 0.0
0.7562153931780377 0.7664448553699743 0.37644828425109633 0.02 0.0 -0.19803260842277126 0.7562153931788445 0.0
0.7716931977188556 0.7738902270408965 0.37226858354610926 0.02 0.0 -0.20898503524935386 0.7716931977197329 0.0
0.7873181533933943 0.7812477837269349 0.3678778343019218 0.02 0.0 -0.21953746220937376 0.7873181533943426 0.0
0.8030884226825409 0.78851346445733 0.36328403651975094 0.02 0.0 -0.22968988910854193 0.803088422683561 0.0
0.8190020900477678 0.7956833682613462 0.3584951902008138 0.02 0.0 -0.2394423159468584 0.8190020900488604 0.0
0.8350571651311317 0.802753754168195 0.35351929534244153 0.02 0.0 -0.24879474291861214 0.8350571651322973 0.0
0.8512515859552742 0.8097210412071232 0.34836435194640636 0.02 0.0 -0.2577471698017586 0.8512515859565135 0.0
0.867583222123422 0.8165818084073906 0.3430383600133702 0.02 0.0 -0.2662995966518089 0.8675832221247356 0.0
0.8840498780193863 0.823332794798215 0.33754931954121936 0.02 0.0 -0.27445202360754095 0.8840498780207748 0.0
0.900649296007563 0.8299708994088384 0.33190523053117094 0.02 0.0 -0.28220445050242127 0.9006492960090271 0.0
0.9173791596329334 0.8364931812685161 0.3261140929838868 0.02 0.0 -0.28955687736420543 0.9173791596344736 0.0
0.9342370968210628 0.8428968594064723 0.3201839068978085 0.02 0.0 -0.29650930430391575 0.9342370968226797 0.0
0.9512206830781017 0.8491793128519443 0.3141226722735979 0.02 0.0 -0.3030617312105299 0.951220683079796 0.0
0.9683274446907854 0.8553380806341826 0.30793838911191695 0.02 0.0 -0.30921415808404795 0.9683274446925575 0.0
0.9855548619264339 0.8613708617824289 0.30163905741231734 0.02 0.0 -0.314966584979981 0.9855548619282845 0.0
1.002900372232952 0.8672755153258993 0.2952326771735181 0.02 1.841114758038831E-6 -0.3203190119399624 1.0029003722348808 1.7808301767095486E-9
1.02036137343883 0.8730500602939006 0.2887272484000669 0.02 8.968898855817031E-5 -0.3252714386725586 1.0203613734243913 6.108013369170249E-7
1.0379352269531417 0.8786926757155866 0.28213077108429907 0.02 3.076845551174545E-4 -0.3298238657883923 1.037935226592979 3.915507066293202E-6
1.0556192609655466 0.8842017006202463 0.2754512452329827 0.02 6.535961631414233E-4 -0.3339762925658185 1.0556192585617719 1.2231523418644065E-5
1.073410773646289 0.8895756340371208 0.2686966708437266 0.02 0.001125020591994777 -0.33772871946280425 1.0734107642014565 2.7873603298316993E-5
1.0913070363461972 0.8948131349954092 0.2618750479144172 0.02 0.0017193878544050079 -0.3410811464654717 1.0913070087884484 5.3149497226655414E-5
1.1093052967966852 0.8999130225244012 0.2549943764496021 0.02 0.002433966294580356 -0.344033573240754 1.1093052304031314 9.03538603693457E-5
1.1274027823097517 0.9048742756533223 0.24806265644605752 0.02 0.0032658679776866317 -0.3465860001772292 1.1274026423777426 1.4176221851866164E-4
1.1455967029779794 0.909696033411389 0.24108788790333513 0.02 0.004212054366533789 -0.34873842713611936 1.1455964358034438 2.0962501483614768E-4
1.1638842548745367 0.9143775948278643 0.2340780708237622 0.02 0.005269342280660949 -0.35049085397864665 1.16388378210085 2.96161758843538E-4
1.1822626232531765 0.918918418931991 0.2270412052063353 0.02 0.006434410132397331 -0.35184328087134453 1.18226183566146 4.0355529877424134E-4
1.2007289857482364 0.923318124752992 0.21998529105005105 0.02 0.007703804433470719 -0.352795707814213 1.2007277365656552 5.339462379410909E-4
1.2192805155746382 0.9275764913200923 0.21291832835501623 0.02 0.009073946564440154 -0.35334813475174087 1.2192786133811235 6.894275152300195E-4
1.2379143847278902 0.9316934576625968 0.20584831712522345 0.02 0.01054113979780072 -0.35350056148963915 1.237911586045245 8.720391692005596E-4
1.2566277671840844 0.9356691228097125 0.1987832573557835 0.02 0.012101576564101338 -0.35325298847199704 1.2566237688355417 0.0010837633045709463
1.2754178420998967 0.9395037457906152 0.19173114904513788 0.02 0.013751345948295919 -0.3526054155322811 1.275412273427104 0.0013265192790118258
1.2942817970125897 0.9431977456346496 0.18469999220172006 0.02 0.015486441402259521 -0.3515578421708909 1.2942742120426431 0.0016021591273455357
1.3132168310400092 0.9467517013709736 0.17769778681619997 0.02 0.017302768656639274 -0.35011026927600497 1.3132067006903911 0.0019124632391447037
1.332220158080587 0.9501663520288917 0.17073253289590085 0.02 0.019196153813860632 -0.34826269601495596 1.3322068624924959 0.002259136304719505
1.3512890100133383 0.9534425966375659 0.16381223043371307 0.02 0.021162351601510858 -0.34601512310938887 1.3512718310993346 0.0026438035432090785
1.370420639897865 0.9565814942263273 0.15694487943807012 0.02 0.023197053764058263 -0.34336754978214756 1.3703987541919882 0.0030680072253472628
1.3896123251743522 0.9595842638243646 0.15013847990186235 0.02 0.02529589756754505 -0.34031997681038817 1.389584797060734 0.003533203501843319
1.4088613708635702 0.9624522844609018 0.14340103182686192 0.02 0.02745447439199193 -0.3368724037500215 1.4088271462654651 0.004040759547246607
1.4281651127668742 0.9651870951651986 0.13674053521484097 0.02 0.029668338382962324 -0.3330248306010475 1.4281230133673415 0.004591951027348055
1.4475209206662047 0.9677903949665279 0.13016499006646143 0.02 0.031933015132639415 -0.32877725741897734 1.447469638724853 0.005187959896640924
1.466926201524086 0.9702640428940645 0.12368239637683409 0.02 0.03424401036025639 -0.3241296844813668 1.4668642953534055 0.0058298725309324576
1.4863784026836282 0.972610057977108 0.117300754152172 0.02 0.036596818559465116 -0.31908211123310437 1.4863042928363386 0.0065186781982314
1.5058750150685258 0.9748306192448819 0.1110280633886962 0.02 0.03898693158055621 -0.3136345381737904 1.505786981284462 0.007255267869611205
1.5254135763830579 0.9769280657266011 0.10487232408595837 0.02 0.04140984711425649 -0.3077869651368914 1.5253097553347845 0.008040433369859285
1.5449916743120877 0.9789048964514935 0.09884153624462044 0.02 0.04386107704352209 -0.3015393920668963 1.5448700581781167 0.008874866865935523
1.5646069497210655 0.9807637704488892 0.09294369986978523 0.02 0.046336155631125385 -0.2948918187417604 1.5644653856151454 0.009759160689970556
1.5842570998560237 0.9825075067479094 0.08718681495101244 0.02 0.04883064750935428 -0.2878442459386399 1.584093290125056 0.010693807491242536
1.6039398815435815 0.9841390843778886 0.08157888149895598 0.02 0.05134015544026535 -0.28039667260282286 1.6037513849420413 0.01167920071034614
1.6236531143909418 0.9856616423680187 0.07612789950650622 0.02 0.05386032781588957 -0.27254909962248774 1.6234373481342594 0.012715635367190302
1.6433946839858928 0.9870784797475496 0.07084186897654554 0.02 0.056386865868181923 -0.2643015264980342 1.6431489266726227 0.013803309152565613
1.6631625450968064 0.9883930555456777 0.06572878990640518 0.02 0.058915530561458596 -0.2556539535070179 1.6628839404876348 0.014942323812091589
1.6829547248726422 0.9896089887917903 0.06079666230562886 0.02 0.06144214914043679 -0.2466063800388163 1.6826402865011651 0.016132686809385607
1.7027693260429404 0.9907300585149104 0.056053486156004695 0.02 0.06396262131068195 -0.2371588074812081 1.7024159426329886 0.017374313254707043
1.722604530117829 0.9917602037444295 0.05150726147595819 0.02 0.06647292502905225 -0.22731123400232534 1.72220897177066 0.018667028083519773
1.742458600588021 0.9927035235095971 0.0471659882583797 0.02 0.06896912188524895 -0.21706366087892448 1.74201752570012 0.02001056846883673
1.7623298861248118 0.9935642768395425 0.04303766649726981 0.02 0.0714473620576516 -0.20641608805549438 1.7618398489909128 0.021404586450050837
1.7822168237800848 0.9943468827636526 0.0391302962055029 0.02 0.07390388882949196 -0.19536851458834548 1.781674282831904 0.02284865176023795
1.8021179421567308 0.9950559188322994 0.035451803432340334 0.02 0.07633504265048494 -0.18392463865812836 1.8015192687836392 0.02434225483092243
1.8220318634745571 0.9956960658913161 0.03200735295083579 0.02 0.07873726460716231 -0.1722225240752273 1.8213733513735448 0.025884809870065927
1.841957302155551 0.9962719340496973 0.028793407919058822 0.02 0.08110709902958205 -0.1606972515888483 1.8412351771639832 0.027475657782801505
1.8618930617142557 0.9967879779352318 0.025802194276725032 0.02 0.08344119548962485 -0.1495606821166895 1.861103492074762 0.029114069007884442
1.8818380315577645 0.9972484921754399 0.02302571201040493 0.02 0.08573631041323498 -0.13882411331600508 1.8809771385622052 0.030799246364088425
1.9017911837857269 0.9976576113981173 0.020455961133869494 0.02 0.08798930833884391 -0.12848754382677186 1.9008550527417274 0.03253032789888852
1.9217515699903438 0.9980193102308466 0.01808494163646479 0.02 0.09019716284442944 -0.11855097487023514 1.9207362614566976 0.034306389726863326
1.9417183180563722 0.9983374033014192 0.01590465352863113 0.02 0.09235695716556824 -0.10901440539168306 1.940619879290382 0.03612644884581209
1.9616906289611205 0.9986155452374135 0.01390709679971458 0.02 0.0944658845281331 -0.09987783644582748 1.9605051055250637 0.037989465920291274
1.9816677735744523 0.9988572306665944 0.012084271459045226 0.02 0.09652124821903237 -0.0911412670334677 1.9803912210474526 0.03989434802293096
2.0016490894587835 0.9990657942165582 0.010428177498189584 0.02 0.09852046141882304 -0.08280469804278212 2.0002775852016192 0.04183995132514978
2.021633977669085 0.9992444105150655 0.008930814925367514 0.02 0.1004610468201223 -0.07486812864110348 2.020163632591114 0.04382508372999558
2.0416218995528785 0.9993960941896862 0.00758418373103531 0.02 0.10234063605556314 -0.0673315597166102 2.0400488698308963 0.04584850744079416
2.0616123735502443 0.9995236998682877 0.006380283930074171 0.02 0.10415696895937913 -0.06019499004805695 2.0599328722554446 0.04790894146090498
2.0816049719938112 0.9996299221783467 0.0053111155029483825 0.02 0.10590789268509924 -0.05345842135628942 2.0798152805759718 0.05000506401953429
2.1015993179087644 0.9997172957476597 0.004368678465649367 0.02 0.10759136070317929 -0.04712185186495077 2.0996957974982386 0.05213551492141218
2.121595081812842 0.9997881952038767 0.0035449728108538636 0.02 0.10920543170042964 -0.041185282739775175 2.1195741842976816 0.05429889781760455
2.1415919785163355 0.9998448351746791 0.002831998540120395 0.02 0.1107482684029926 -0.035648713536673426 2.1394502573536007 0.05649378239613361
2.1615897639220902 0.9998892702877349 0.0022217556527870386 0.02 0.11221813634431534 -0.030512144366667826 2.1593238846497176 0.05871870649257904
2.181588231825506 0.9999233951707875 0.0017062441526327632 0.02 0.11361340259763042 -0.02577557500771377 2.179194982234111 0.06097217812010251
2.201587210714533 0.9999489444513454 0.0012774640278934157 0.02 0.11493253449326402 -0.021439006236967373 2.1990635106533265 0.06325267742154163
2.22158656056968 0.9999674927573476 9.274153001115337E-4 0.02 0.11617409833807367 -0.0175024363890941 2.2189294713475496 0.06555865854385429
2.2415861696640045 0.9999804547162316 6.480979442002877E-4 0.02 0.11733675815549618 -0.013965867795562303 2.238792903023789 0.06788855143928473
2.261585951363122 0.9999890849558657 4.3151198170221505E-4 0.02 0.11841927446180865 -0.01082929812490363 2.258653877998042 0.07024076359533843
2.2815858409251977 0.9999944781037939 2.696573964122706E-4 0.02 0.1194205030942176 -0.008092729264497223 2.2785124985128857 0.07261368169802235
2.301585792300953 0.9999975687877694 1.5453419877076158E-4 0.02 0.1203393941049893 -0.005756159882075451 2.29836889303393 0.07500567323304531
2.321585774933663 0.9999991316354873 7.814238589531897E-5 0.02 0.12117499073439626 -0.0038195906437721305 2.3182232125229003 0.07741508802951387
2.341585770559152 0.9999997812744521 3.24819482422356E-5 0.02 0.12192642847442892 -0.002283021882654168 2.3380756266913174 0.07984025975185785
2.3615857700058056 0.999999972332688 9.55291179494111E-6 0.02 0.12259293423387305 -0.0011464518223647246 2.357926320236732 0.08227950734590814
2.3815857699945577 0.9999999994376063 1.3552459154908547E-6 0.02 0.12317382561408036 -4.098832939725128E-4 2.377775489062063 0.084731136445247
2.401585769994558 1.000000000000023 2.812083899073059E-8 0.02 0.12366851030484971 -6.63562538250062E-5 2.397623336535822 0.0871934407513867
2.4215857699945578 0.9999999999999787 -2.220446049250313E-12 0.02 0.1240764856212242 -1.406152971838992E-6 2.4174700706467593 0.089664703501033
2.4415857699945582 1.000000000000023 2.220446049250313E-12 0.02 0.12439733816998576 2.220446049250313E-10 2.437315902853689 0.09214319912940427
2.461585769994558 0.9999999999999787 -2.220446049250313E-12 0.02 0.12463074358553691 -2.220446049250313E-10 2.457161047417715 0.09462719498575389
2.4815857699945583 1.000000000000023 2.220446049250313E-12 0.02 0.12477646632005579 2.220446049250313E-10 2.4770057207366607 0.09711495304355024
2.501585769994558 0.9999999999999787 -2.220446049250313E-12 0.02 0.12483435948951258 -2.220446049250313E-10 2.496850140672711 0.09960473160550402
2.5215857699945583 1.000000000000023 2.220446049250313E-12 0.02 0.12480436477696466 2.220446049250313E-10 2.51669452587545 0.10209478700505296
2.5415857699945574 0.9999999999999565 -3.3306690738754696E-12 0.02 0.1246865123940156 -2.7755575615628914E-10 2.536539095102392 0.10458337530593113
2.561585769994558 1.000000000000023 3.3306690738754696E-12 0.02 0.12448092110079223 3.3306690738754696E-10 2.556384066539205 0.1070687540014799
2.5815857699945575 0.9999999999999787 -2.220446049250313E-12 0.02 0.12418779828425563 -2.7755575615628914E-10 2.576229657121667 0.1095491837153402
2.6015857699945584 1.0000000000000453 3.3306690738754696E-12 0.02 0.12380744009412922 2.7755575615628914E-10 2.5960760818616753 0.11202292990518695
2.621585769994558 0.9999999999999787 -3.3306690738754696E-12 0.02 0.12334023163519378 -3.3306690738754696E-10 2.615923553179356 0.11448826457111028
2.6415857699945584 1.000000000000023 2.220446049250313E-12 0.02 0.12278664721418212 2.7755575615628914E-10 2.6357722802431605 0.11694346797018815
2.661585769994558 0.9999999999999787 -2.220446049250313E-12 0.02 0.12214725063897904 -2.220446049250313E-10 2.6556224683205265 0.11938683033882748
2.6815857699945584 1.000000000000023 2.220446049250313E-12 0.02 0.12142269556733427 2.220446049250313E-10 2.6754743181411276 0.12181665362432123
2.701585769994558 0.9999999999999787 -2.220446049250313E-12 0.02 0.12061372590181897 -2.220446049250313E-10 2.6953280252745353 0.1242312532269622
2.7215857699945585 1.000000000000023 2.220446049250313E-12 0.02 0.11972117622726947 2.220446049250313E-10 2.715183779524732 0.12662895975404304
2.741585769994558 0.9999999999999787 -2.220446049250313E-12 0.02 0.11874597228650322 -2.220446049250313E-10 2.735041764343981 0.12900812078697643
2.7615857699945576 0.9999999999999787 0.0 0.02 0.11768913148980706 1.1102230246251565E-10 2.7549021562656124 0.131367102662304
2.781585769994558 1.000000000000023 2.220446049250313E-12 0.02 0.11655176345297674 1.1102230246251565E-10 2.7747651243624154 0.13370429226809638
2.8015857699945577 0.9999999999999787 -2.220446049250313E-12 0.02 0.1153350705586614 -2.220446049250313E-10 2.794630829729412 0.13601809885615682
2.821585769994558 1.000000000000023 2.220446049250313E-12 0.02 0.11404034853543102 2.220446049250313E-10 2.81449942499148 0.13830695587052177
2.8415857699945577 0.9999999999999787 -2.220446049250313E-12 0.02 0.11266898704827658 -2.220446049250313E-10 2.834371053842882 0.14056932279336543
2.861585769994558 1.000000000000023 2.220446049250313E-12 0.02 0.11122247029449896 2.220446049250313E-10 2.854245850616927 0.14280368700821772
2.8815857699945577 0.9999999999999787 -2.220446049250313E-12 0.02 0.10970237759866067 -2.220446049250313E-10 2.8741239398864566 0.14500856568055967
2.901585769994558 1.000000000000023 2.220446049250313E-12 0.02 0.10811038399958273 2.220446049250313E-10 2.8940054361027574 0.14718250765645108
2.9215857699945578 0.9999999999999787 -2.220446049250313E-12 0.02 0.10644826082321039 -2.220446049250313E-10 2.913890443267457 0.1493240953782174
2.9415857699945582 1.000000000000023 2.220446049250313E-12 0.02 0.10471787623425667 2.220446049250313E-10 2.933779054644004 0.15143194681740763
2.961585769994558 0.9999999999999787 -2.220446049250313E-12 0.02 0.10292119575985553 -2.220446049250313E-10 2.953671352510362 0.1535047174244827
2.9815857699945583 1.000000000000023 2.220446049250313E-12 0.02 0.10106028277899404 2.220446049250313E-10 2.973567407949653 0.15554110209402744
3.001585769994558 0.9999999999999787 -2.220446049250313E-12 0.02 0.09913729897070556 -2.220446049250313E-10 2.9934672806860734 0.15753983714523404
3.0215857699945583 1.000000000000023 2.220446049250313E-12 0.02 0.09715450471495621 2.220446049250313E-10 3.0133710189644014 0.15949970231627747
3.041585769994558 0.9999999999999787 -2.220446049250313E-12 0.02 0.0951142594402409 -2.220446049250313E-10 3.0332786594739116 0.1614195227713258
3.0615857699945583 1.000000000000023 2.220446049250313E-12 0.02 0.09301902191210121 2.220446049250313E-10 3.0531902273187996 0.1632981711189074
3.081585769994558 0.9999999999999787 -2.220446049250313E-12 0.02 0.09087135045733 -2.220446049250313E-10 3.073105736035545 0.1651345694400507
3.1015857699945584 1.000000000000023 2.220446049250313E-12 0.02 0.08867390311907707 2.220446049250313E-10 3.0930251876580126 0.16692769132451726
3.121585769994558 0.9999999999999787 -2.220446049250313E-12 0.02 0.08642943773862949 -2.220446049250313E-10 3.1129485728307063 0.16867656391330826
3.1415857699945584 1.000000000000023 2.220446049250313E-12 0.02 0.08414081196027354 2.220446049250313E-10 3.1328758709705506 0.17038026994551767
3.161585769994558 0.9999999999999787 -2.220446049250313E-12 0.02 0.0818109831563272 -2.220446049250313E-10 3.1528070504772865 0.17203794980750123
3.1815857699945584 1.000000000000023 2.220446049250313E-12 0.02 0.0794430082702079 2.220446049250313E-10 3.1727420689923607 0.17364880358225343
3.201585769994558 0.9999999999999787 -2.220446049250313E-12 0.02 0.07704004357620714 -2.220446049250313E-10 3.1926808737059753 0.17521209309681954
3.2215857699945585 1.000000000000023 2.220446049250313E-12 0.02 0.07460534435552892 2.220446049250313E-10 3.2126234017117374 0.1767271439655389
3.241585769994558 0.9999999999999787 -2.220446049250313E-12 0.02 0.07214226448907336 -2.220446049250313E-10 3.2325695804080383 0.17819334762688963
3.2615857699945576 0.9999999999999787 0.0 0.02 0.06965425596842265 1.1102230246251565E-10 3.2525193279451554 0.17961016337172717
3.281585769994558 1.000000000000023 2.220446049250313E-12 0.02 0.0671448683275305 1.1102230246251565E-10 3.2724725537163852 0.18097712036070782
3.3015857699945577 0.9999999999999787 -2.220446049250313E-12 0.02 0.0646177479985513 -2.220446049250313E-10 3.292429158892271 0.18229381962882846
3.321585769994558 1.000000000000023 2.220446049250313E-12 0.02 0.06207663759646082 2.220446049250313E-10 3.312389036995365 0.1835599360749988
3.3415857699945577 0.9999999999999787 -2.220446049250313E-12 0.02 0.05952537513810732 -2.220446049250313E-10 3.3323520745134485 0.18477522043474198
3.361585769994558 1.000000000000023 2.220446049250313E-12 0.02 0.0569678932024091 2.220446049250313E-10 3.352318151548891 0.18593950123425435
3.3815857699945577 0.9999999999999787 -2.220446049250313E-12 0.02 0.054408218039520055 -2.220446049250313E-10 3.3722871425011367 0.1870526867242152
3.401585769994558 1.000000000000023 2.220446049250313E-12 0.02 0.05185046863773616 2.220446049250313E-10 3.392258916779959 0.18811476679197403
3.4215857699945578 0.9999999999999787 -2.220446049250313E-12 0.02 0.04929885575818236 -2.220446049250313E-10 3.4122333395446534 0.18912581485085805
3.4415857699945582 1.000000000000023 2.220446049250313E-12 0.02 0.046757680947954586 2.220446049250313E-10 3.4322102724669183 0.19008598970575563
3.461585769994558 0.9999999999999787 -2.220446049250313E-12 0.02 0.04423133554355911 -2.220446049250313E-10 3.452189574512783 0.19099553739428257
3.4815857699945583 1.000000000000023 2.220446049250313E-12 0.02 0.04172429967723032 2.220446049250313E-10 3.4721711027395186 0.19185479300319314
3.501585769994558 0.9999999999999787 -2.220446049250313E-12 0.02 0.039241141299521255 -2.220446049250313E-10 3.4921547131029174 0.19266418245999978
3.5215857699945583 1.000000000000023 2.220446049250313E-12 0.02 0.03678651523219538 2.220446049250313E-10 3.5121402612701957 0.19342422430011239
3.541585769994558 0.9999999999999787 -2.220446049250313E-12 0.02 0.03436516226603839 -2.220446049250313E-10 3.5321276034334477 0.19413553141016268
3.5615857699945583 1.000000000000023 2.220446049250313E-12 0.02 0.03198190831865763 2.220446049250313E-10 3.552116597118201 0.19479881274853864
3.581585769994558 0.9999999999999787 -2.220446049250313E-12 0.02 0.029641663667685517 -2.220446049250313E-10 3.5721071019810813 0.1954148750445337
3.6015857699945584 1.000000000000023 2.220446049250313E-12 0.02 0.027349422274724956 2.220446049250313E-10 3.5920989805924575 0.1959846244779487
3.621585769994558 0.9999999999999787 -2.220446049250313E-12 0.02 0.02511026121583032 -2.220446049250313E-10 3.61209209919602 0.19650906834126472
3.6415857699945584 1.000000000000023 2.220446049250313E-12 0.02 0.022929340234063136 2.220446049250313E-10 3.6320863284376292 0.19698931668692143
3.661585769994558 0.9999999999999787 -2.220446049250313E-12 0.02 0.020811901428632103 -2.220446049250313E-10 3.6520815440617787 0.19742658396277768
3.6815857699945584 1.000000000000023 2.220446049250313E-12 0.02 0.018763269095658737 2.220446049250313E-10 3.6720776275645957 0.19782219063891734
3.701585769994558 0.9999999999999787 -2.220446049250313E-12 0.02 0.016788849734443972 -2.220446049250313E-10 3.6920744667954555 0.19817756482946702
3.7215857699945585 1.000000000000023 2.220446049250313E-12 0.02 0.014894132231611797 2.220446049250313E-10 3.7120719565046545 0.19849424391348172
3.741585769994558 0.9999999999999787 -2.220446049250313E-12 0.02 0.013084688235266338 -2.220446049250313E-10 3.7320699988254336 0.19877387615908554
3.7615857699945585 1.000000000000023 2.220446049250313E-12 0.02 0.01136617272946129 2.220446049250313E-10 3.7520685036817967 0.1990182223553901
3.781585769994558 0.9999999999999787 -2.220446049250313E-12 0.02 0.009744324817216599 -2.220446049250313E-10 3.7720673891176846 0.19922915745700762
3.8015857699945577 0.9999999999999787 0.0 0.02 0.008224968718832583 1.1102230246251565E-10 3.792066581538212 0.19940867224603354
3.821585769994558 1.000000000000023 2.220446049250313E-12 0.02 0.006814014990262927 1.1102230246251565E-10 3.812066015849017 0.199558875016494
3.8415857699945577 0.9999999999999787 -2.220446049250313E-12 0.02 0.005517461962742179 -2.220446049250313E-10 3.832065635491467 0.1996819932864059
3.861585769994558 1.000000000000023 2.220446049250313E-12 0.02 0.004341397402845844 2.220446049250313E-10 3.8520653923603723 0.19978037554247285
3.8815857699945577 0.9999999999999787 -2.220446049250313E-12 0.02 0.003292000388445168 -2.220446049250313E-10 3.872065246595138 0.19985649302236838
3.901585769994558 1.000000000000023 2.220446049250313E-12 0.02 0.002375543392381871 2.220446049250313E-10 3.892065166233772 0.19991294153936268
3.9215857699945578 0.9999999999999787 -2.220446049250313E-12 0.02 0.0015983945614812395 -2.220446049250313E-10 3.912065126720105 0.19995244335375548
3.9415857699945582 1.000000000000023 2.220446049250313E-12 0.02 9.670201740017148E-4 2.220446049250313E-10 3.932065110251229 0.19997784909512398
3.961585769994558 0.9999999999999787 -2.220446049250313E-12 0.02 4.8798725331206105E-4 -2.220446049250313E-10 3.952065104954151 0.19999213973888894
3.9815857699945583 1.000000000000023 2.220446049250313E-12 0.02 1.679663098679285E-4 2.220446049250313E-10 3.9720651038797485 0.1999984286399934
4.001585769994558 1.0000000000000009 -1.1102230246251565E-12 0.02 1.3734177194260622E-5 -1.6653345369377348E-10 3.99206510380063 0.1999999636256194
4.021585769994559 1.000000000000023 1.1102230246251565E-12 0.02 5.613533332116116E-5 1.1102230246251565E-10 4.0120651037942 0.20000022616096613
4.041585769994558 0.9999999999999787 -2.220446049250313E-12 0.02 3.91767471910609E-4 -1.6653345369377348E-10 4.03206510330016 0.20000420768012028
4.061585769994559 1.000000000000023 2.220446049250313E-12 0.02 0.0010202127895245772 2.220446049250313E-10 4.052065098315709 0.2000178490217907
4.081585769994558 0.9999999999999787 -2.220446049250313E-12 0.02 0.0019298834199520387 -2.220446049250313E-10 4.0720650765336694 0.20004689107637047
4.10158576999456 1.0000000000000675 4.440892098500626E-12 0.02 0.003108913260442936 3.3306690738754696E-10 4.092065013002073 0.20009684006928324
4.121585769994559 0.9999999999999787 -4.440892098500626E-12 0.02 0.0045452168279604965 -4.440892098500626E-10 4.112064866405754 0.2001729625559472
4.14158576999456 1.000000000000023 2.220446049250313E-12 0.02 0.006226545393404503 3.3306690738754696E-10 4.132064576115109 0.20028028154868266
4.161585769994559 0.9999999999999787 -2.220446049250313E-12 0.02 0.008140540271647012 -2.220446049250313E-10 4.152064059728252 0.20042357371801028
4.18158576999456 1.000000000000023 2.220446049250313E-12 0.02 0.010274783213683802 2.220446049250313E-10 4.1720632114168135 0.20060736761283757
4.201585769994559 0.9999999999999787 -2.220446049250313E-12 0.02 0.012616843806658062 -2.220446049250313E-10 4.192061900621896 0.20083594283975983
4.22158576999456 1.000000000000023 2.220446049250313E-12 0.02 0.015154323894370991 2.220446049250313E-10 4.212059971574202 0.20111333014843102
4.2415857699945585 0.9999999999999343 -4.440892098500626E-12 0.02 0.01787489893249361 -3.3306690738754696E-10 4.232057242999784 0.20144331236018348
4.261585769994559 1.000000000000023 4.440892098500626E-12 0.02 0.020766356345164216 4.440892098500626E-10 4.252053508589538 0.2018294260902672
4.2815857699945585 0.9999999999999787 -2.220446049250313E-12 0.02 0.023816630818845996 -3.3306690738754696E-10 4.272048537603776 0.2022749641993788
4.301585769994558 0.9999999999999787 0.0 0.02 0.027013836622668097 1.1102230246251565E-10 4.292042076072876 0.2027829789264748
4.321585769994559 1.000000000000023 2.220446049250313E-12 0.02 0.03034629692546842 1.1102230246251565E-10 4.312033848098736 0.20335628563872393
4.341585769994558 0.9999999999999787 -2.220446049250313E-12 0.02 0.03380257022537703 -2.220446049250313E-10 4.332023557664521 0.20399746715402664
4.361585769994559 1.000000000000023 2.220446049250313E-12 0.02 0.03737147386689066 2.220446049250313E-10 4.352010890393642 0.2047088785682628
4.381585769994558 0.9999999999999787 -2.220446049250313E-12 0.02 0.04104210479653814 -2.220446049250313E-10 4.371995515714464 0.20549265254753635
4.401585769994559 1.000000000000023 2.220446049250313E-12 0.02 0.044803857584734375 2.220446049250313E-10 4.391977089072619 0.20635070502433325
4.421585769994558 0.9999999999999787 -2.220446049250313E-12 0.02 0.04864643981777028 -2.220446049250313E-10 4.411955254243741 0.20728474124838586
4.441585769994559 1.000000000000023 2.220446049250313E-12 0.02 0.052559884958930936 2.220446049250313E-10 4.431929645710906 0.20829626214220265
4.461585769994558 0.9999999999999787 -2.220446049250313E-12 0.02 0.05653456278619451 -2.220446049250313E-10 4.451899891073717 0.209386570912728
4.481585769994559 1.000000000000023 2.220446049250313E-12 0.02 0.060561187521511184 2.220446049250313E-10 4.471865613458853 0.21055677987227556
4.501585769994558 0.9999999999999787 -2.220446049250313E-12 0.02 0.06463082377320606 -2.220446049250313E-10 4.491826433904868 0.21180781742372692
4.521585769994559 1.000000000000023 2.220446049250313E-12 0.02 0.06873489041851288 2.220446049250313E-10 4.511781973697142 0.21314043516699593
4.541585769994558 0.9999999999999787 -2.220446049250313E-12 0.02 0.07286516255754139 -2.220446049250313E-10 4.531731856631836 0.21455521508591208
4.561585769994559 1.000000000000023 2.220446049250313E-12 0.02 0.07701377167312018 2.220446049250313E-10 4.55167571119084 0.21605257677696585
4.581585769994558 0.9999999999999787 -2.220446049250313E-12 0.02 0.0811732041282126 -2.220446049250313E-10 4.57161317259024 0.21763278468193548
4.601585769994559 1.000000000000023 2.220446049250313E-12 0.02 0.08533629813563204 2.220446049250313E-10 4.591543884678776 0.21929595528910079
4.621585769994558 0.9999999999999787 -2.220446049250313E-12 0.02 0.08949623940869089 -2.220446049250313E-10 4.611467502020602 0.22104206430179552
4.641585769994559 1.000000000000023 2.220446049250313E-12 0.02 0.09364655541015265 2.220446049250313E-10 4.631383691112859 0.2228709536569664
4.661585769994558 0.9999999999999787 -2.220446049250313E-12 0.02 0.09778110869941836 -2.220446049250313E-10 4.651292132492785 0.224782338518973
4.681585769994559 1.000000000000023 2.220446049250313E-12 0.02 0.10189408908926412 2.220446049250313E-10 4.671192521730287 0.22677581405068337
4.7015857699945585 0.9999999999999787 -2.220446049250313E-12 0.02 0.10598000506433003 -2.220446049250313E-10 4.69108457087434 0.22885086207964755
4.721585769994559 1.000000000000023 2.220446049250313E-12 0.02 0.11003367442154932 2.220446049250313E-10 4.710968009591364 0.23100685757411954
4.7415857699945585 0.9999999999999787 -2.220446049250313E-12 0.02 0.11405021428126039 -2.220446049250313E-10 4.730842586165066 0.233243074927385
4.761585769994559 1.000000000000023 2.220446049250313E-12 0.02 0.11802503057658997 2.220446049250313E-10 4.750708068361261 0.2355586940368885
4.7815857699945585 0.9999999999999787 -2.220446049250313E-12 0.02 0.1219538070916173 -2.220446049250313E-10 4.770564244007484 0.2379528061479101
4.801585769994558 0.9999999999999787 0.0 0.02 0.1258324942824557 1.1102230246251565E-10 4.790410922000218 0.24042441953784605
4.821585769994559 1.000000000000023 2.220446049250313E-12 0.02 0.12965729767288825 1.1102230246251565E-10 4.810247932254934 0.24297246485470858
4.841585769994558 0.9999999999999787 -2.220446049250313E-12 0.02 0.1334246663083113 -2.220446049250313E-10 4.830075126655475 0.24559580035403472
4.861585769994559 1.000000000000023 2.220446049250313E-12 0.02 0.13713128093157756 2.220446049250313E-10 4.849892378922281 0.2482932167724901
4.881585769994558 0.9999999999999787 -2.220446049250313E-12 0.02 0.14077404224716838 -2.220446049250313E-10 4.86969958494775 0.2510634420284007
4.901585769994559 1.000000000000023 2.220446049250313E-12 0.02 0.14435005918785238 2.220446049250313E-10 4.889496662865446 0.2539051456558257
4.921585769994558 0.9999999999999787 -2.220446049250313E-12 0.02 0.1478566372850043 -2.220446049250313E-10 4.9092835531196215 0.25681694300674557
4.941585769994559 1.000000000000023 2.220446049250313E-12 0.02 0.1512912671520671 2.220446049250313E-10 4.92906021834484 0.2597973991950426
4.961585769994558 0.9999999999999787 -2.220446049250313E-12 0.02 0.15465161315137654 -2.220446049250313E-10 4.948826643229754 0.2628450328081572
4.981585769994559 1.000000000000023 2.220446049250313E-12 0.02 0.15793550227045172 2.220446049250313E-10 4.9685828343345335 0.2659583193853301
5.001585769994558 0.9999999999999787 -2.220446049250313E-12 0.02 0.16114091323100643 -2.220446049250313E-10 4.988328819841083 0.26913569466260157
5.021585769994559 1.000000000000023 2.220446049250313E-12 0.02 0.16426596585609288 2.220446049250313E-10 5.008064649255763 0.2723755575913797
5.041585769994558 0.9999999999999787 -2.220446049250313E-12 0.02 0.16730891071365184 -2.220446049250313E-10 5.027790393070616 0.27567627313599874
5.061585769994559 1.000000000000023 2.220446049250313E-12 0.02 0.17026811904033057 2.220446049250313E-10 5.047506142320623 0.2790361748443708
5.081585769994558 0.9999999999999787 -2.220446049250313E-12 0.02 0.17314207299292084 -2.220446049250313E-10 5.067212008288014 0.28245356723941895
5.101585769994559 1.000000000000023 2.220446049250313E-12 0.02 0.17592935617932415 2.220446049250313E-10 5.086908122005644 0.2859267279785951
5.121585769994558 0.9999999999999787 -2.220446049250313E-12 0.02 0.17862864450766436 -2.220446049250313E-10 5.106594633787767 0.28945390982474667
5.141585769994559 1.000000000000023 2.220446049250313E-12 0.02 0.18123869734273168 2.220446049250313E-10 5.126271712718506 0.29303334242238355
5.161585769994558 0.9999999999999787 -2.220446049250313E-12 0.02 0.18375834898565957 -2.220446049250313E-10 5.145939546240194 0.29666323391118127
5.181585769994559 1.000000000000023 2.220446049250313E-12 0.02 0.18618650044648954 2.220446049250313E-10 5.165598339662708 0.3003417723509496
5.2015857699945585 0.9999999999999787 -2.220446049250313E-12 0.02 0.18852211149517206 -2.220446049250313E-10 5.1852483155112665 0.30406712694681837
5.221585769994559 1.000000000000023 2.220446049250313E-12 0.02 0.1907641930409979 2.220446049250313E-10 5.204889713192082 0.3078374491704112
5.2415857699945585 0.9999999999999787 -2.220446049250313E-12 0.02 0.19291179975460326 -2.220446049250313E-10 5.224522788368059 0.31165087366918937
5.261585769994559 1.000000000000023 2.220446049250313E-12 0.02 0.19496402296614068 2.220446049250313E-10 5.244147812391926 0.31550551903335217
5.2815857699945585 0.9999999999999787 -2.220446049250313E-12 0.02 0.1969199838455412 -2.220446049250313E-10 5.2637650720056115 0.3193994884682377
5.301585769994558 0.9999999999999787 0.0 0.02 0.1987788267770909 1.1102230246251565E-10 5.283374868599219 0.3233308702385948
5.321585769994559 1.000000000000023 2.220446049250313E-12 0.02 0.2005397129989157 1.1102230246251565E-10 5.302977517825861 0.3272977380452337
5.341585769994558 0.9999999999999787 -2.220446049250313E-12 0.02 0.2022018144381954 -2.220446049250313E-10 5.322573349059754 0.33129815123824863
5.361585769994559 1.000000000000023 2.220446049250313E-12 0.02 0.20376430775341714 2.220446049250313E-10 5.342162704969988 0.33533015492524637
5.381585769994558 0.9999999999999787 -2.220446049250313E-12 0.02 0.20522636854582976 -2.220446049250313E-10 5.361745940958021 0.3393917799273674
5.401585769994559 1.000000000000023 2.220446049250313E-12 0.02 0.20658716574380032 2.220446049250313E-10 5.38132342467892 0.34348104263130524
5.421585769994558 0.9999999999999787 -2.220446049250313E-12 0.02 0.20784585614047058 -2.220446049250313E-10 5.400895535638807 0.3475959447399634
5.441585769994559 1.000000000000023 2.220446049250313E-12 0.02 0.209001579057008 2.220446049250313E-10 5.420462664717247 0.35173447289329757
5.461585769994558 0.9999999999999787 -2.220446049250313E-12 0.02 0.21005345111957563 -2.220446049250313E-10 5.440025213652491 0.35589459816935426
5.481585769994559 1.000000000000023 2.220446049250313E-12 0.02 0.21100056114306998 2.220446049250313E-10 5.459583594671665 0.3600742755066327
5.501585769994558 0.9999999999999787 -2.220446049250313E-12 0.02 0.21184196508701358 -2.220446049250313E-10 5.479138229959491 0.36427144298491093
5.521585769994559 1.000000000000023 2.220446049250313E-12 0.02 0.21257668108618932 2.220446049250313E-10 5.498689551351239 0.3684840210484402
5.541585769994558 0.9999999999999787 -2.220446049250313E-12 0.02 0.2132036845169455 -2.220446049250313E-10 5.518237999792442 0.3727099115750661
5.561585769994559 1.000000000000023 2.220446049250313E-12 0.02 0.21372190309985384 2.220446049250313E-10 5.537784024942039 0.3769469968728813
5.581585769994558 0.9999999999999787 -2.220446049250313E-12 0.02 0.21413021201342142 -2.220446049250313E-10 5.55732808478733 0.3811931385771707
5.601585769994559 1.000000000000023 2.220446049250313E-12 0.02 0.21442742899949185 2.220446049250313E-10 5.576870645165675 0.38544617642510276
5.621585769994558 0.9999999999999787 -2.220446049250313E-12 0.02 0.21461230944752074 -2.220446049250313E-10 5.5964121793812325 0.38970392694900297
5.641585769994558 0.9999999999999787 0.0 0.02 0.21468354143578683 1.1102230246251565E-10 5.615953167749094 0.3939641820515363
5.661585769994559 1.0000000000000675 4.440892098500626E-12 0.02 0.21463974071361214 2.220446049250313E-10 5.635494097180895 0.39822470748692945
5.681585769994559 0.9999999999999787 -4.440892098500626E-12 0.02 0.21447944560512777 -4.440892098500626E-10 5.655035460737155 0.40248324123096363
5.7015857699945585 0.9999999999999787 0.0 0.02 0.21420111181655965 2.220446049250313E-10 5.674577757172875 0.40673749174417934
5.721585769994558 0.9999999999999787 0.0 0.02 0.2138031071275559 0.0 5.694121490493918 0.4109851361304156
5.741585769994559 1.0000000000000675 4.440892098500626E-12 0.02 0.213283705948774 2.220446049250313E-10 5.7136671694401215 0.41522381817036763
5.761585769994559 0.9999999999999787 -4.440892098500626E-12 0.02 0.2126410837232252 -4.440892098500626E-10 5.733215307044636 0.4194511462602892
5.7815857699945585 0.9999999999999787 0.0 0.02 0.2118733111567529 2.220446049250313E-10 5.7527664200434145 0.42366469120404443
5.801585769994558 0.9999999999999787 0.0 0.02 0.21097834825115436 0.0 5.772321028374431 0.4278619839074406
5.821585769994558 0.9999999999999787 0.0 0.02 0.20995403812171864 0.0 5.791879654624291 0.43204051294040796
5.841585769994559 1.0000000000000675 4.440892098500626E-12 0.02 0.20879810058595427 2.220446049250313E-10 5.811442823306798 0.4361977219388818
5.861585769994559 0.9999999999999787 -4.440892098500626E-12 0.02 0.2075081254837623 -4.440892098500626E-10 5.831011060322563 0.4403310069169571
5.881585769994558 0.9999999999999787 0.0 0.02 0.2060815657269076 2.220446049250313E-10 5.850584892196363 0.44443771339859045
5.901585769994558 0.9999999999999787 0.0 0.02 0.20451573004409462 0.0 5.870164845324126 0.4485151334138638
5.921585769994559 1.0000000000000675 4.440892098500626E-12 0.02 0.20280777540229933 2.220446049250313E-10 5.889751445153204 0.4525605023384424
5.941585769994559 0.9999999999999787 -4.440892098500626E-12 0.02 0.20095469907712005 -4.440892098500626E-10 5.90934521533582 0.45657099557908504
5.961585769994558 0.9999999999999787 0.0 0.02 0.19895333036437368 2.220446049250313E-10 5.928946676682154 0.4605437250639714
5.981585769994558 0.9999999999999787 0.0 0.02 0.19680032188326113 0.0 5.948556346195126 0.4644757355900219
6.001585769994559 1.0000000000000675 4.440892098500626E-12 0.02 0.19449214047451713 2.220446049250313E-10 5.968174735884733 0.46836400095901415
6.021585769994559 0.9999999999999787 -4.440892098500626E-12 0.02 0.19202505764774447 -4.440892098500626E-10 5.9878023515801315 0.47220541994057047
6.041585769994558 0.9999999999999787 0.0 0.02 0.18939513958879395 2.220446049250313E-10 6.007439691444021 0.4759968119970403
6.061585769994558 0.9999999999999787 0.0 0.02 0.18659823666959952 0.0 6.027087244493071 0.47973491282445363
6.081585769994559 1.0000000000000675 4.440892098500626E-12 0.02 0.18362997242768442 2.220446049250313E-10 6.046745489138848 0.4834163697030654
6.101585769994559 0.9999999999999787 -4.440892098500626E-12 0.02 0.18048573209824859 -4.440892098500626E-10 6.066414891051136 0.48703773651966203
6.121585769994558 0.9999999999999787 0.0 0.02 0.17716065050173357 2.220446049250313E-10 6.086095901553346 0.490595468683449
6.141585769994558 0.9999999999999787 0.0 0.02 0.17364959950076164 0.0 6.105788955040371 0.4940859176477434
6.161585769994559 1.0000000000000675 4.440892098500626E-12 0.02 0.1699471748005591 2.220446049250313E-10 6.125494466784355 0.4975053252852741
6.181585769994559 0.9999999999999787 -4.440892098500626E-12 0.02 0.1660476821925434 -4.440892098500626E-10 6.145212830391315 0.5008498179728789
6.2015857699945585 0.9999999999999787 0.0 0.02 0.16194512333123046 2.220446049250313E-10 6.164944414497009 0.5041154003161672
6.221585769994558 0.9999999999999787 0.0 0.02 0.15763318082012157 0.0 6.184689559877851 0.5072979487123708
6.241585769994559 1.0000000000000675 4.440892098500626E-12 0.02 0.153105202861469 2.220446049250313E-10 6.2044485757174 0.5103932045335193
6.261585769994559 0.9999999999999787 -4.440892098500626E-12 0.02 0.1483541873321219 -4.440892098500626E-10 6.224221735834546 0.5133967670660633
6.2815857699945585 0.9999999999999787 0.0 0.02 0.143372765505835 2.220446049250313E-10 6.244009274055658 0.5163040860798831
6.301585769994559 1.000000000000023 2.220446049250313E-12 0.02 0.13815318523622122 1.1102230246251565E-10 6.263811379746015 0.5191104541884244
6.32158576999456 1.0000000000000675 2.220446049250313E-12 0.02 0.13268729393348433 0.0 6.2836281923905695 0.5218109988374116
6.34158576999456 0.9999999999999787 -4.440892098500626E-12 0.02 0.1269665213222796 -3.3306690738754696E-10 6.303459795715167 0.5244006740135623
6.3615857699945595 0.9999999999999787 0.0 0.02 0.12098186203755024 2.220446049250313E-10 6.323306211536879 0.5268742517098746
6.381585769994559 0.9999999999999787 0.0 0.02 0.11472385851426747 0.0 6.343167392312481 0.5292263130366326
6.401585769994559 0.9999999999999787 0.0 0.02 0.10818258396810809 0.0 6.36304321375043 0.531451239183756
6.42158576999456 1.0000000000000675 4.440892098500626E-12 0.02 0.1013476261568218 2.220446049250313E-10 6.382933465989306 0.5335432020835491
6.44158576999456 0.9999999999999787 -4.440892098500626E-12 0.02 0.09420807195252945 -4.440892098500626E-10 6.402837844246461 0.5354961549358983
6.461585769994559 0.9999999999999787 0.0 0.02 0.08675249314194655 2.220446049250313E-10 6.422755938702058 0.5373038226173332
6.481585769994559 0.9999999999999787 0.0 0.02 0.07896893427474527 0.0 6.442687222604816 0.5389596919545987
6.50158576999456 1.0000000000000675 4.440892098500626E-12 0.02 0.07084490249303266 2.220446049250313E-10 6.4626310402329805 0.5404570021065511
6.52158576999456 0.9999999999999787 -4.440892098500626E-12 0.02 0.06236736053574632 -4.440892098500626E-10 6.482586593142044 0.5417887350069794
6.541585769994559 0.9999999999999787 0.0 0.02 0.05352272354483767 2.220446049250313E-10 6.502552925090548 0.5429476060432792
6.561585769994559 0.9999999999999787 0.0 0.02 0.04429686058211357 0.0 6.5225289055861575 0.5439260551202927
6.58158576999456 1.0000000000000675 4.440892098500626E-12 0.02 0.0346751016262955 2.220446049250313E-10 6.542513212577962 0.5447162383051596
6.60158576999456 0.9999999999999787 -4.440892098500626E-12 0.02 0.02464225216354088 -4.440892098500626E-10 6.562504312330767 0.5453100201707135
6.621585769994559 0.9999999999999787 0.0 0.02 0.014182615722934555 2.220446049250313E-10 6.582500438751345 0.5456989672017523
6.641585769994559 0.9999999999999787 0.0 0.02 0.003280026524835944 0.0 6.602499570835233 0.5458743424680961
6.66158576999456 1.0000000000000675 4.440892098500626E-12 0.02 6.275103201695101 2.220446049250313E-10 6.622499407464185 0.5458271019114813
6.68158576999456 0.9999999999999787 -4.440892098500626E-12 0.02 6.263264570933286 -4.440892098500626E-10 6.642497341570521 0.5455478926587187
6.701585769994559 0.9999999999999787 0.0 0.02 6.250932194547332 2.220446049250313E-10 6.662490431862075 0.5450270537627899
6.721585769994559 0.9999999999999787 0.0 0.02 6.238088628708824 0.0 6.682475372367863 0.5442546199102491
6.74158576999456 1.0000000000000675 4.440892098500626E-12 0.02 6.224716347416172 2.220446049250313E-10 6.70244846129163 0.5432203286108219
6.76158576999456 0.9999999999999787 -4.440892098500626E-12 0.02 6.210797882054142 -4.440892098500626E-10 6.722405567436275 0.5419136315358515
6.781585769994559 0.9999999999999787 0.0 0.02 6.196315987838876 2.220446049250313E-10 6.742342095699812 0.5403237106619774
6.801585769994559 0.9999999999999787 0.0 0.02 6.181253840095379 0.0 6.762252951744208 0.5384394999452862
6.82158576999456 1.0000000000000675 4.440892098500626E-12 0.02 6.1655952635411575 2.220446049250313E-10 6.782132505614675 0.5362497133711284
6.84158576999456 0.9999999999999787 -4.440892098500626E-12 0.02 6.149324996091068 -4.440892098500626E-10 6.801974555982884 0.5337428801030737
6.8615857699945595 0.9999999999999787 0.0 0.02 6.132428989543231 2.220446049250313E-10 6.821772294871803 0.530907387620428
6.881585769994559 0.9999999999999787 0.0 0.02 6.114894747560525 0.0 6.841518274326572 0.5277315335813657
6.901585769994559 0.9999999999999787 0.0 0.02 6.096711701241163 0.0 6.8612043753635295 0.5242035872562079
6.92158576999456 1.0000000000000675 4.440892098500626E-12 0.02 6.077871619186174 2.220446049250313E-10 6.880821781779971 0.5203118609462669
6.94158576999456 0.9999999999999787 -4.440892098500626E-12 0.02 6.05836904931272 -4.440892098500626E-10 6.900360958922376 0.5160447920407205
6.961585769994559 0.9999999999999787 0.0 0.02 6.038201785186833 2.220446049250313E-10 6.919811640029536 0.5113910357499964
6.981585769994559 0.9999999999999787 0.0 0.02 6.017371348383394 0.0 6.939162821256604 0.5063395685261198
7.00158576999456 1.0000000000000675 4.440892098500626E-12 0.02 5.99588347389766 2.220446049250313E-10 6.958402768004673 0.5008798014760054
7.02158576999456 0.9999999999999787 -4.440892098500626E-12 0.02 5.97374858362539 -4.440892098500626E-10 6.977519033968367 0.49500170285377193
7.041585769994559 0.9999999999999787 0.0 0.02 5.9509822294396875 2.220446049250313E-10 6.9964984946468505 0.488695928116925
7.061585769994559 0.9999999999999787 0.0 0.02 5.927605483768434 0.0 7.015327397558249 0.48195395519684087
7.08158576999456 1.0000000000000675 4.440892098500626E-12 0.02 5.903645254725333 2.220446049250313E-10 7.033991429975528 0.4747682223215713
7.10158576999456 0.9999999999999787 -4.440892098500626E-12 0.02 5.879134501131004 -4.440892098500626E-10 7.052475805198676 0.4671322649358252
7.121585769994559 0.9999999999999787 0.0 0.02 5.854112323316256 2.220446049250313E-10 7.070765367679353 0.45904084771632264
7.141585769994559 0.9999999999999787 0.0 0.02 5.828623908458694 0.0 7.088844716159903 0.45049008742420443
7.16158576999456 1.0000000000000675 4.440892098500626E-12 0.02 5.802720312857947 2.220446049250313E-10 7.10669834366516 0.44147756187931303
7.18158576999456 0.9999999999999787 -4.440892098500626E-12 0.02 5.776458070698862 -4.440892098500626E-10 7.124310791715053 0.4320024005667212
7.201585769994559 0.9999999999999787 0.0 0.02 5.749898626732804 2.220446049250313E-10 7.141666815492186 0.42206535255116134
7.221585769994559 0.9999999999999787 0.0 0.02 5.723107600034659 0.0 7.158751555761139 0.41166882799067156
7.24158576999456 1.0000000000000675 4.440892098500626E-12 0.02 5.6961538964104586 2.220446049250313E-10 7.1755507125295885 0.4008169104924773
7.26158576999456 0.9999999999999787 -4.440892098500626E-12 0.02 5.6691086966108495 -4.440892098500626E-10 7.192050715212013 0.38951533856065274
7.2815857699939635 0.9999999999701803 -1.48991929904696E-9 0.02 5.642044356406605 -7.427392034742297E-8 7.208238883711547 0.377771455808621
7.301585769813091 0.9999999909563684 -4.506905959544838E-7 0.02 5.615033260885896 -2.2460033832771842E-5 7.224103575066775 0.36559413100016697
7.321585767555526 0.9999998871217386 -5.191731489162521E-6 0.02 5.588146680511299 -2.3705204466040186E-4 7.2396343098130735 0.35299365122790444
7.341585756627836 0.9999994536155299 -2.1675310435398387E-5 0.02 5.561453674103175 -8.241789473117933E-4 7.254821874508684 0.33998159188521276
7.361585722540731 0.999998295644744 -5.7898539296274976E-5 0.02 5.535020079212515 -0.0018111614430438294 7.26965839861939 0.3265706673741567
7.381585639709051 0.999995858416014 -1.2186143649728365E-4 0.02 5.508907625967376 -0.0031981448600504336 7.284137403978764 0.3127745679790271
7.401585468251769 0.9999914271358712 -2.2156400714123947E-4 0.02 5.4831732002907945 -0.004985128532197791 7.298253827210761 0.29860778780478486
7.421585150791994 0.9999841270112775 -3.650062296856049E-4 0.02 5.457868275496448 -0.0071721111272182725 7.3120040150452565 0.2840854501597339
7.4415846092569655 0.9999729232485599 -5.601881358785477E-4 0.02 5.433038517819231 -0.009759095309647137 7.3253856953527094 0.26922313472543663
7.461583741678057 0.9999566210545652 -8.15109699736638E-4 0.02 5.408723564619529 -0.01274607819290452 7.338397926049659 0.25403671169812175
7.4815824189907785 0.9999338656360823 -0.0011377709241422451 0.02 5.384956964345683 -0.016133061220280354 7.351041025428044 0.2385421865800635
7.5015804818347736 0.999903142199754 -0.00153617181641863 0.02 5.361766261308448 -0.019920044613819243 7.363316487597897 0.22275555861996216
7.521577737353813 0.9998627759519874 -0.002018312388329946 0.02 5.339173203517809 -0.024107028595565794 7.37522688706818 0.20669269469236423
7.541573955995809 0.9998109320997983 -0.002592192609451871 0.02 5.317194050071309 -0.028694011056096258 7.386775776072465 0.19036921988484906
7.561568868312805 0.9997456158497897 -0.003265812500430343 0.02 5.295839955666405 -0.03368099454892359 7.397967577132755 0.17380042660263234
7.581562161760977 0.9996646724085956 -0.004047172059706838 0.02 5.2751174042865365 -0.039067977963824774 7.408807476360742 0.1570011984825484
7.601553477500632 0.9995657869827479 -0.0049442712923841725 0.02 5.2550286771996 -0.04485496163386671 7.419301316734495 0.13998595312837164
7.621542407196216 0.9994464847792095 -0.005965110176919808 0.02 5.235572330357629 -0.051041944226781766 7.429455496821403 0.12276859754646213
7.641528489816307 0.9993041310045303 -0.007117688733959682 0.02 5.216743671449451 -0.057628927851993694 7.439276873620634 0.10536249935388847
7.661511208433616 0.999135930865469 -0.008410006953063487 0.02 5.19853521995082 -0.06461591095519026 7.448772673028957 0.08778046846269488
7.681489987024985 0.9989389295684603 -0.009850064850436269 0.02 5.180937144701087 -0.07200289486863909 7.457950406775687 0.07003475082399274
7.701464187271394 0.998710012320414 -0.011445862402315043 0.02 5.163937669015932 -0.07978987759393874 7.466817798123621 0.05213702923757363
7.721433105357953 0.9984459043279603 -0.01320539962268441 0.02 5.147523443156402 -0.08797686101846836 7.475382714472163 0.03409843335815671
7.741395968773911 0.9981431707978938 -0.015136676503324509 0.02 5.131679878979034 -0.09656384403200491 7.4836531084086815 0.015929554356684694
7.7613519331126435 0.9977982169366406 -0.01724769306266083 0.02 5.116391448644803 -0.10555082796681603 7.491636965724721 -0.0023595346733295552
7.781300078871663 0.9974072879509688 -0.019546449283591727 0.02 5.101641946403717 -0.11493781104654488 7.499342260909275 -0.020759255611392635
7.801239408252618 0.9969664690477664 -0.022040945160117786 0.02 5.087414716282266 -0.12472479382630297 7.5067769190148725 -0.03926049921884939
7.821168841961288 0.9964716854335087 -0.024739180712884945 0.02 5.073692848111548 -0.13491177763835793 7.513948783254211 -0.05785459650181041
7.841087216007585 0.9959187023148353 -0.02764915593367334 0.02 5.060459342312674 -0.14549876103941983 7.520865588908897 -0.07653329115890001
7.860993278505557 0.9953031248985944 -0.03077887081204267 0.02 5.047697249888728 -0.15648574391846637 7.527534941072155 -0.09528870884974378
7.8808856864850005 0.9946203989721791 -0.03413629632076365 0.02 5.035389787410693 -0.16787127543604896 7.5339642972654435 -0.114113327664848
7.9007630034773895 0.9938658496194464 -0.037727467636639034 0.02 5.0235204296298255 -0.17955856579376928 7.540160954476027 -0.13299995078473964
7.920623700407867 0.9930348465238659 -0.04155015477902424 0.02 5.012072983420088 -0.1911343571192603 7.546132039565334 -0.15194168032127092
7.940466158624363 0.992122910824822 -0.045596784952195435 0.02 5.001031643409024 -0.20233150865855976 7.551884503686414 -0.17093189630854683
7.960288673097547 0.9911257236591808 -0.04985935828205612 0.02 4.990381034807498 -0.2131286664930343 7.5574251185898 -0.1899642361422777
7.980089455620809 0.9900391261631114 -0.05432987480347151 0.02 4.980106245489909 -0.22352582607076954 7.562760474435995 -0.20903257414420423
7.999866638010274 0.9888591194732399 -0.059000334493575224 0.02 4.970192847109258 -0.2335229845051856 7.5678969798381255 -0.22813100485293408
8.019618275304785 0.9875818647255397 -0.06386273738501203 0.02 4.960626910002635 -0.24312014457184006 7.572840862204485 -0.24725382420436975
8.03934234896592 0.9862036830567966 -0.06890908343715196 0.02 4.951395009543281 -0.2523173026069969 7.577598170072 -0.2663955154681578
8.059036770077986 0.984721055603277 -0.07413137267597847 0.02 4.942484228964685 -0.26111446194132526 7.582174775239699 -0.285550732464304
8.078699382548013 0.9831306235013493 -0.07952160509638873 0.02 4.933882155714397 -0.26951162102051285 7.586576376577151 -0.3047142879414508
8.098327966305762 0.9814291878874393 -0.08507178069550037 0.02 4.925576876070156 -0.277508779955582 7.590808503372532 -0.3238811390857334
8.117920240503722 0.9796137098979862 -0.09077389947265146 0.02 4.917556964932171 -0.285105938857555 7.594876520061868 -0.3430463783697985
8.137473866717107 0.977681310669265 -0.09661996143606189 0.02 4.909811475471091 -0.292303098170521 7.59878563016409 -0.3622052206206671
8.156986452143865 0.9756292713379189 -0.10260196656730614 0.02 4.902329924946793 -0.2991002565622125 7.6025408814812625 -0.38135299599542977
8.176455552804665 0.9734550330399827 -0.10871191489680854 0.02 4.895102281122458 -0.3054974164751201 7.606147170470077 -0.40048513937148206
8.19587867674291 0.9711561969122151 -0.11494180638838003 0.02 4.88811894648528 -0.31149457457857466 7.6096092473228545 -0.4195971837525409
8.215253287224725 0.9687305240907662 -0.12128364107244494 0.02 4.88137074272977 -0.3170917342032453 7.612931720625179 -0.4386847522703771
8.234576805938971 0.9661759357123323 -0.12772941892169598 0.02 4.874848893919205 -0.3222888924625522 7.616119062463369 -0.4577435536463645
8.253846616197228 0.9634905129128235 -0.13427113997543927 0.02 4.868545010911669 -0.3270860526871644 7.619175612773482 -0.4767693744195218
8.27306006613381 0.9606724968291402 -0.14090080418416306 0.02 4.862451074428996 -0.3314832104361898 7.622105584277936 -0.4957580757872206
8.292214471905757 0.957720288597308 -0.14761041159161437 0.02 4.856559419170049 -0.33548037037256506 7.6249130668738605 -0.5147055885603882
8.311307120892838 0.9546324493540759 -0.1543919621616041 0.02 4.850862717977584 -0.33907752849948736 7.627602031997334 -0.5336079092858603
8.330335274897546 0.9514077002354071 -0.1612374559334384 0.02 4.845353966321128 -0.34227468859171495 7.630176336861288 -0.552461097025515
8.34929617334511 0.9480449223781662 -0.16813889286204642 0.02 4.840026467298403 -0.34507184643040034 7.63263972849272 -0.5712612702870372
8.368187036483477 0.9445431569183427 -0.17508827299117513 0.02 4.8348738167035235 -0.34746900645643564 7.634995847793409 -0.5900046058389743
8.38700506858333 0.94090160499265 -0.1820775962846355 0.02 4.829889889527405 -0.34946616467301794 7.6372482330073765 -0.608687334619735
8.405747461138079 0.9371196277374594 -0.18909886275952914 0.02 4.8250688257827115 -0.3510633237446825 7.639400323573638 -0.627305742327481
8.424411396063855 0.9331967462888002 -0.19614407243295773 0.02 4.8204050179297155 -0.35226048367142937 7.641455463327463 -0.6458561664768419
8.442994048899527 0.9291326417836032 -0.2032052252598504 0.02 4.815893098164742 -0.353057641344634 7.643416903847111 -0.6643349962832259
8.461492592006682 0.9249271553577465 -0.21027432129283596 0.02 4.811527926485096 -0.3534548016492778 7.64528780753223 -0.6827386719934587
8.479904197769644 0.9205802881480984 -0.21734336048240266 0.02 4.807304579486482 -0.35345195947833474 7.647071250443728 -0.7010636836161273
8.498226041795458 0.9160922012907413 -0.2244043428678566 0.02 4.803218339124242 -0.353049119272697 7.648770225232102 -0.7193065722944365
8.516455306113903 0.9114632159222147 -0.2314492684263314 0.02 4.7992646826831376 -0.3522462779237401 7.650387643623764 -0.7374639289462726
8.53458918237748 0.9066938131788937 -0.23847013716604692 0.02 4.795439272671481 -0.3510434369857762 7.651926339009744 -0.7555323956142972
8.552624875061424 0.9017846341971669 -0.24545894908634125 0.02 4.7917379476361 -0.3494405960147162 7.653389068718852 -0.7735086650481795
8.570559604663691 0.8967364801133471 -0.25240770419099334 0.02 4.78815671313532 -0.3474377552326047 7.654778516289469 -0.791389481872891
8.588390610904971 0.8915503120640267 -0.2593084024660186 0.02 4.784691733143203 -0.34503491375126316 7.656097293621142 -0.8091716441078636
8.60611515592868 0.8862272511854563 -0.2661530439285187 0.02 4.781339322323083 -0.3422320731250039 7.6573479428424935 -0.8268520026108019
8.623730527500962 0.8807685786140773 -0.27293362856894987 0.02 4.778095938105402 -0.3390292320215593 7.65853293830345 -0.8444274637442442
8.641234042210687 0.8751757354862555 -0.27964215639109113 0.02 4.774958173704087 -0.3354263911070632 7.659654688257915 -0.8618949893696339
8.658623048669456 0.8694503229384587 -0.28627062738983966 0.02 4.771922751049761 -0.3314235499374263 7.660715536619384 -0.8792515994158745
8.675894930711596 0.8635941021069904 -0.2928110415734153 0.02 4.768986514411385 -0.32702070917878245 7.661717764503765 -0.8964943728037944
8.693047110594167 0.8576089941285225 -0.2992553989233926 0.02 4.766146424233074 -0.32221786749886405 7.662663591733734 -0.9136204491549569
8.710077052196944 0.8514970801388522 -0.3055956994835185 0.02 4.763399551340565 -0.31701502800629555 7.663555178248308 -0.9306270303426858
8.726982264222444 0.845260601275033 -0.31182394319095863 0.02 4.760743071392925 -0.31141218537200643 7.664394625459483 -0.9475113825281445
8.743760303395907 0.838901958673155 -0.31793213009390087 0.02 4.758174259589452 -0.3054093451471118 7.665183977549603 -0.9642708385844145
8.760408777665303 0.8324237134697654 -0.3239122601694788 0.02 4.755690485884416 -0.29900650377889804 7.665925222633417 -0.9809027991413035
8.77692534940132 0.8258285868008919 -0.32975633344367594 0.02 4.753289210263041 -0.29220366370985573 7.666620293927095 -0.9974047349814328
8.793307738597386 0.8191194598032858 -0.33545634988030315 0.02 4.750967978275014 -0.28500082183136044 7.667271070858267 -1.0137741895347159
8.809553726069653 0.8122993736133566 -0.3410043094964621 0.02 4.748724416885448 -0.2773979808079474 7.667879380102356 -1.030008780934047
8.825661156657 0.8053715293673491 -0.34639221230037265 0.02 4.74655623054708 -0.26939514019552746 7.668446996575984 -1.0461062041637945
8.841627942421034 0.7983392882016993 -0.3516120582824911 0.02 4.744461197527553 -0.26099229910592214 7.668975644379847 -1.062064232956095
8.857452065846092 0.7912061712528562 -0.3566558474421555 0.02 4.742437166215548 -0.2521894579832207 7.669466997760626 -1.077880723478131
8.873131583039234 0.7839758596571045 -0.36151557978758575 0.02 4.740482052028114 -0.24298661727151227 7.669922681935847 -1.0935536149907403
8.888664626930254 0.7766521945510085 -0.36618325530479723 0.02 4.738593834034632 -0.2333837758605739 7.670344274003613 -1.1090809341866856
8.904049410471673 0.7692391770709683 -0.3706508740020098 0.02 4.736770552181692 -0.2233809348606286 7.670733303722059 -1.1244607962535123
8.919284229838734 0.7617409683530418 -0.3749104358963251 0.02 4.735010304429913 -0.21297809471576556 7.671091254325812 -1.139691407994533
8.934367467629416 0.7541618895340996 -0.3789539409471132 0.02 4.733311244124096 -0.20217525253940494 7.67141956330236 -1.1547710704268812
8.949297596064332 0.7465064217457851 -0.3827733894157248 0.02 4.731671577495905 -0.19097242343057985 7.671719623152686 -1.1696981816028178
8.964073180006116 0.738779197089201 -0.3863612328292021 0.02 4.73008956138503 -0.17939217067386437 7.671992782121526 -1.1844712388030918
8.97869287779991 0.7309848896897009 -0.3897153699750078 0.02 4.72856350126559 -0.167706857290284 7.672240344890196 -1.1990888390688907
8.993155438830726 0.7231280515408223 -0.39284190744393044 0.02 4.7270917497654175 -0.15632687344613316 7.672463573218171 -1.2135496758383095
9.007459700333985 0.7152130751629571 -0.3957488188932601 0.02 4.725672705152313 -0.14534557246648205 7.672663686633452 -1.2278525363090986
9.021604584195524 0.707244193076928 -0.39844410430145416 0.02 4.724304810057678 -0.13476427040970407 7.672841863128342 -1.2419962968361127
9.035589093751577 0.6992254778026563 -0.4009357637135835 0.02 4.722986550078064 -0.12458297060646828 7.672999239912591 -1.2559799198648143
9.049412310588806 0.6911608418614712 -0.4032317970592558 0.02 4.72171645247697 -0.11480166728361496 7.673136914185147 -1.2698024502485554
9.06307339134427 0.6830540377731786 -0.40534020441462815 0.02 4.720493084924164 -0.10542036776861607 7.673255943931363 -1.283463011542013
9.076571564505448 0.6749086580589037 -0.40726898571374903 0.02 4.719315054215224 -0.09643906495604426 7.673357348746903 -1.2969608029329571
9.08990612721022 0.6667281352386034 -0.409026141015012 0.02 4.718181005080616 -0.08785776506314846 7.673442110673072 -1.310295095626746
9.103076442046882 0.65851574183311 -0.41061967027467006 0.02 4.71708961907242 -0.07967646298290276 7.673511175045321 -1.3234652287165387
9.116081933854142 0.6502745903629759 -0.4120575735067078 0.02 4.716039613347904 -0.07189516160188703 7.673565451363844 -1.336470606707862
9.128922086521113 0.6420076333485625 -0.41334785072066893 0.02 4.7150297396380285 -0.06451386069805665 7.673605814162466 -1.349310695292417
9.141596439787323 0.6337176633104846 -0.4144985019038927 0.02 4.7140587831224305 -0.0575325591611886 7.673633103891752 -1.3619850187041036
9.154104586042708 0.625407312769255 -0.41551752706148193 0.02 4.713125561469003 -0.05095125787946131 7.673648127800907 -1.3744931554463793
9.166446167127615 0.617079054245373 -0.41641292619409853 0.02 4.712228923782472 -0.044769956630830166 7.673651660826737 -1.3868347356255142
9.178620871132805 0.6087352002595026 -0.41719269929352265 0.02 4.711367749676604 -0.03898865497120596 7.673644446480372 -1.3990094371160493
9.190628429199442 0.6003779033318501 -0.41786484638262067 0.02 4.7105409483242155 -0.03360735445490093 7.673627197733815 -1.411016982457101
9.202468612319107 0.5920091559832308 -0.41843736743096827 0.02 4.709747457559832 -0.02862605241737981 7.67360059790306 -1.4228571354780366
9.214141228133785 0.5836307907339133 -0.4189182624658727 0.02 4.708986243036453 -0.02404475174522247 7.6735653015282725 -1.4345296975581154
9.22564611773588 0.5752444801047751 -0.4193155314569097 0.02 4.708256297322227 -0.019863449551849044 7.673521935244452 -1.4460345052564862
9.236983152468204 0.5668517366161474 -0.4196371744313865 0.02 4.707556639170499 -0.016082148723839396 7.673471098651632 -1.4573714257344064
9.248152230723969 0.5584539127882593 -0.4198911913944059 0.02 4.7068863126648495 -0.0127008481509705 7.673413365169399 -1.4685403545427085
9.25915327474681 0.5500522011420372 -0.4200855823111027 0.02 4.706244386498895 -0.009719545834840915 7.673349282888159 -1.479541211731267
9.269986227430767 0.5416476341978615 -0.4202283472087842 0.02 4.705629953235825 -0.007138244884075107 7.673279375407892 -1.4903739386822232
9.280651049120294 0.5332410844763658 -0.42032748607478965 0.02 4.705042128598586 -0.004956943300271632 7.673204142666124 -1.5010384948667082
9.291147714410252 0.5248332644979037 -0.4203909989231036 0.02 4.704480050786976 -0.003175642415698121 7.673124061754544 -1.511534854561536
9.30147620894591 0.5164247267829047 -0.42042688574994713 0.02 4.703942879817793 -0.0017943413421761534 7.6730395877232755 -1.5218630035743712
9.311636526222955 0.5080158638522292 -0.4204431465337777 0.02 4.703429796894099 -8.130391915273094E-4 7.672951154373538 -1.532022935841162
9.321628664390085 0.4996069083564869 -0.4204477747871138 0.02 4.702940003770872 -2.3141266680681838E-4 7.67285917503251 -1.5420146505296428
9.331452623508149 0.4911979559031998 -0.420447622664355 0.02 4.702472722153487 7.6061379417069475E-6 7.672764043315149 -1.5518381489660962
9.34110840572922 0.4827891110535276 -0.4204422424836096 0.02 4.702027192974889 2.6900903726811976E-4 7.6726661338386055 -1.5614934347199205
9.350596018155965 0.4743806213372892 -0.42042448581192104 0.02 4.701602675595643 8.878335844286767E-4 7.67256580288327 -1.5709805165201787
9.359915476040655 0.46597289423448984 -0.4203863551399678 0.02 4.7011984470528105 0.001906533597662019 7.672463389020041 -1.5802994116276867
9.369066805985142 0.4575664972243487 -0.420319850507056 0.02 4.700813801403443 0.0033252316455900655 7.672359213717684 -1.5894501485643338
9.378050049140871 0.4491621577864535 -0.42021697189476015 0.02 4.700448049098166 0.00514393061479268 7.672253581917685 -1.598432770565959
9.386865264408875 0.4407607634002275 -0.4200697193113001 0.02 4.700100516423585 0.007362629173002233 7.672146782588045 -1.6072473388394188
9.395512531639781 0.4323633615452849 -0.41987009274713216 0.02 4.699770545015925 0.009981328208397144 7.672039089260982 -1.615893935415646
9.403991954833797 0.4239711597008089 -0.41961009222379886 0.02 4.69945749140498 0.01300002616666518 7.671930760544894 -1.6243726665374838
9.41230366534073 0.41558552534661786 -0.419281717709552 0.02 4.699160726612263 0.016418725712341598 7.671822040619357 -1.6326836659409165
9.42044782505997 0.40720798596201035 -0.4188769692303751 0.02 4.698879635807034 0.020237423958846534 7.671713159717887 -1.6408270978002586
9.4284246296405 0.39884022902647587 -0.41838784677672436 0.02 4.698613617992002 0.02445612268253683 7.671604334590873 -1.6488031600194049
9.436234311680888 0.3904841020194283 -0.4178063503523788 0.02 4.698362085733906 0.029074821217278668 7.671495768955873 -1.6566120873851966
9.443877143929297 0.3821416124204724 -0.41712447994779467 0.02 4.6981244649258915 0.034093520229205865 7.671387653932269 -1.6642541548785827
9.45135344248348 0.3738149277091374 -0.416334235566751 0.02 4.697900194592128 0.039512219052184605 7.671280168466743 -1.671729680734545
9.458663569990772 0.3655063753646104 -0.41542761722634935 0.02 4.697688726718411 0.045330917020081074 7.671173479744738 -1.679039029655626
9.465807938848108 0.3572184428668024 -0.41439662489040074 0.02 4.697489526112457 0.05154961679743053 7.671067743591156 -1.68618261598765
9.472787014402005 0.34895377769483815 -0.41323325859821125 0.02 4.6973020702860815 0.05816831460947469 7.670963104858071 -1.6931609070401359
9.479601318148571 0.34071518732829986 -0.4119295183269145 0.02 4.697125849367469 0.06518701356483803 7.670859697805611 -1.6999744261636385
9.486251430933503 0.33250563924660526 -0.4104774040847303 0.02 4.696960366032953 0.0726057121092083 7.6707576464727625 -1.7066237558403432
9.492737996152094 0.3243282609295406 -0.40886891585323326 0.02 4.696805135445514 0.08042441157485314 7.670657065031358 -1.7131095412304589
9.499061722949214 0.3161863398560172 -0.4070960536761703 0.02 4.6966596852290525 0.08864310885314808 7.6705580581429444 -1.719432492905742
9.505223389419339 0.30808332350620304 -0.405150817490707 0.02 4.696523555433323 0.09726180927316364 7.670460721292171 -1.725593390494956
9.511223845806517 0.30002281935894715 -0.4030252073627949 0.02 4.6963962985271275 0.10628050639560627 7.670365141122138 -1.7315930855958563
9.517064017704401 0.2920085948941775 -0.4007112232384813 0.02 4.696277479390435 0.1156992062156803 7.670271395754418 -1.7374325050736907
9.522744909256222 0.2840445775910361 -0.3982008651570723 0.02 4.696166675316434 0.12551790407044905 7.670179555102621 -1.7431126541753623
9.52826760635481 0.2761348549293885 -0.3954861330823789 0.02 4.696063476010863 0.13573660373467078 7.670089681171389 -1.7486346199642249
9.533633279842576 0.26828367438831435 -0.39255902705370715 0.02 4.695967483604073 0.14635530143358721 7.670001828355279 -1.7539995741734267
9.538843188711525 0.26049544344743936 -0.3894115470437498 0.02 4.695878312649215 0.15737400049786743 7.669916043716906 -1.7592087767457438
9.54389868328389 0.252774728618288 -0.3860357414575688 0.02 4.695795590128449 0.1687902793090501 7.669832367264766 -1.7642635787965073
9.54880120745393 0.24512620850201117 -0.3824260058138407 0.02 4.695718955463921 0.18048678218640646 7.66975083223282 -1.7691654248837243
9.553552297515695 0.23755450308824422 -0.37858527068834746 0.02 4.695648060566177 0.19203675627466055 7.66967146540552 -1.7739158519907394
9.55815357908678 0.23006407855419297 -0.37452122670256216 0.02 4.695582569888655 0.2032021992892652 7.669594287472021 -1.778516486258007
9.562606763908317 0.2226592410768724 -0.37024187386602847 0.02 4.69552216044561 0.21396764182668448 7.6695193133686494 -1.7829690399175109
9.566913646645 0.21534413683417242 -0.3657552121349994 0.02 4.6954665218012295 0.22433308655145368 7.669446552616244 -1.7872753079859547
9.571076101685065 0.20812275200325914 -0.361069241545664 0.02 4.695415356023975 0.23429852946676988 7.669376009643242 -1.7914371652274486
9.5750960799403 0.20099891276172954 -0.35619196207647974 0.02 4.6953683776154165 0.24386397345921296 7.669307684103995 -1.7954565627914936
9.578975605646034 0.19397628528672328 -0.351131373750313 0.02 4.695325313407006 0.25302941630833686 7.669241571181766 -1.7993355251296652
9.582716773161156 0.1870583757560773 -0.3458954765322986 0.02 4.695285902432127 0.26179486090072146 7.669177661883882 -1.8030761467271226
9.586321743768096 0.18024853034699362 -0.3404922704541846 0.02 4.695249895770922 0.2701603039056977 7.669115943323352 -1.8066805889752546
9.589792742472836 0.17354993523701623 -0.3349297554988695 0.02 4.695217056372519 0.27812574776575616 7.66905639899159 -1.8101510769066567
9.593132054804906 0.1669656166034983 -0.3292159316758969 0.02 4.695187158853416 0.2856911911486293 7.668999009017764 -1.813489896046842
9.596342023617384 0.16049844062386853 -0.3233587989814879 0.02 4.695159989275547 0.29285663472045087 7.668943750418036 -1.8166993891976493
9.599425045886898 0.15415111347572008 -0.3173663574074226 0.02 4.695135344904646 0.2996220787032655 7.668890597333306 -1.8197819532373056
9.602383569513625 0.14792618133636637 -0.3112466069676856 0.02 4.695113033950491 0.3059875219868502 7.668839521255341 -1.8227400359522472
9.605220090121291 0.14182603038328523 -0.305007547654057 0.02 4.6950928752915395 0.31195296568142794 7.668790491243629 -1.825576132777033
9.60793714785717 0.13585288679394125 -0.29865717946719883 0.02 4.69507469818372 0.31751840934290954 7.668743474129057 -1.8282927836827245
9.610537324192082 0.13000881674560816 -0.2922035024166547 0.02 4.6950583419573215 0.3226838525272058 7.668698434710039 -1.8308925699049536
9.613023238720404 0.12429572641607933 -0.28565451647644124 0.02 4.6950436557014585 0.3274492970106735 7.668655335936448 -1.8333781107990157
9.615397545960052 0.11871536198242438 -0.2790182216827475 0.02 4.695030497939173 0.3318147396846882 7.668614139085445 -1.8357520606090116
9.6176629321525 0.11326930962241022 -0.2723026180007082 0.02 4.695018736293878 0.33578018410196364 7.668574803927203 -1.838017105281719
9.619822112062762 0.10795899551307997 -0.2655157054665125 0.02 4.6950082471491035 0.3393456267097861 7.668537288882278 -1.840175959257594
9.621877825779405 0.10278568583217407 -0.2586654840452951 0.02 4.694998915302688 0.3425110710608692 7.668501551169679 -1.8422313623083786
9.623832835514548 0.09775048675715325 -0.25175995375104065 0.02 4.694990633617497 0.34527651471272236 7.668467546948278 -1.844186076298801
9.625689922403856 0.09285434446537622 -0.24480711458885196 0.02 4.69498330266944 0.34764195810943477 7.668435231449722 -1.846042882003773
9.62745188330654 0.0880980451341884 -0.23781496655939094 0.02 4.694976830394521 0.349607401473051 7.668404559104415 -1.8478045759131472
9.629121527605362 0.08348221494109964 -0.23079150965443773 0.02 4.694971131736222 0.35117284524766035 7.668375483660965 -1.8494739670309996
9.630701674006637 0.07900732006378419 -0.22374474386577248 0.02 4.694966128294429 0.35233828943326273 7.6683479582993055 -1.8510538736760875
9.632195147340223 0.07467366667928133 -0.21668266922514334 0.02 4.694961747977189 0.35310373203145673 7.6683219357380885 -1.8525471202828812
9.633604775359528 0.0704814009652388 -0.209613285702126 0.02 4.694957924656374 0.3534691761508668 7.668297368336614 -1.8539565342031803
9.63493338554151 0.06643050909911352 -0.20254459330626418 0.02 4.694954597828409 0.35343461979309154 7.668274208191818 -1.8552849425078783
9.636183801886677 0.06252081725834913 -0.19548459203821977 0.02 4.694951712281037 0.3530000634022201 7.668252407230682 -1.8565351687887686
9.637358841719081 0.058751991620198396 -0.1884412819075365 0.02 4.694949217767095 0.35216550653416334 7.668231917298439 -1.8577100299602327
9.638461312486331 0.055123538362522595 -0.18142266288379005 0.02 4.694947068686156 0.35093095118732265 7.668212690243054 -1.8588123330569009
9.639494008559577 0.05163480366228157 -0.17443673501205126 0.02 4.694945223774836 0.34929639358693976 7.668194677996125 -1.8598448720337408
9.64045970803352 0.04828497369713247 -0.1674914982574549 0.02 4.6949436458064575 0.34726183772981756 7.6681778326505725 -1.8608104245739974
9.641361169526412 0.045073074644630395 -0.16059495262510382 0.02 4.694942301300763 0.3448272816175546 7.668162106535629 -1.861711748886094
9.642201128980053 0.041997972682050744 -0.15375509812898258 0.02 4.694941160244213 0.3419927248060617 7.668147452289364 -1.8625515804967259
9.642982296459792 0.039058373986922135 -0.14697993475643045 0.02 4.6949401958212835 0.33875816862760644 7.668133822928487 -1.8633326290695595
9.643707352954523 0.03625282473658231 -0.14027746251699114 0.02 4.694939384157323 0.33512361197196583 7.668121171916816 -1.8640575751863893
9.644378947176696 0.033579711108622234 -0.13365568139800388 0.02 4.69493870407312 0.3310890559493629 7.6681094532312954 -1.864729067162375
9.644999692362301 0.03103725928026435 -0.12712259141789417 0.02 4.694938136851568 0.3266544990054854 7.668098621426961 -1.8653497178350784
9.645572163070888 0.028623535429339597 -0.12068619254623769 0.02 4.694937666016509 0.32181994358282395 7.668088631700112 -1.8659221013749028
9.646098891985542 0.026336445732688674 -0.11435448483254618 0.02 4.694937277123943 0.3165853856845757 7.668079439950526 -1.8664487500827815
9.64658236671291 0.024173736368382492 -0.10813546821530906 0.02 4.694936957565557 0.3109508308618558 7.668071002842634 -1.8669321511879235
9.64702502658318 0.02213299351350173 -0.10203714274403808 0.02 4.694936696384608 0.3049162735635491 7.6680632778657145 -1.867374743647847
9.647429259450089 0.0202116433454691 -0.09606750840163159 0.02 4.694936484104016 0.2984817171203247 7.668056223393313 -1.8677789149537072
9.647797398490928 0.018406952041960523 -0.09023456517542883 0.02 4.694936312566512 0.2916471613101379 7.668049798742015 -1.86814699793006
9.648131719006532 0.0167160257801946 -0.08454631308829619 0.02 4.694936174786658 0.28441260435663196 7.6680439642298115 -1.8684812675302538
9.648434435221287 0.015135810737731958 -0.07901075212313202 0.02 4.694936064814414 0.2767780482582083 7.668038681233767 -1.8687839376427335
9.648707697083125 0.013663093091942358 -0.07363588228948004 0.02 4.694935977609957 0.26874349168259926 7.668033912247503 -1.869057157887209
9.648953587063533 0.01229449902035995 -0.06842970357912037 0.02 4.694935908929378 0.2603089355179833 7.668029620938233 -1.8693030104182695
9.64917411695754 0.011026494700328016 -0.06340021600159673 0.02 4.6949358552208285 0.25147437887618196 7.668025772203574 -1.8695235067252514
9.649371224683726 0.00985538630935423 -0.05855541954868926 0.02 4.694935813530689 0.2422398226453737 7.668022332228204 -1.8697205844314986
9.649546771084221 0.008777320024755397 -0.05390331422994166 0.02 4.694935781419236 0.23260526593738007 7.66801926854024 -1.8698961040958448
9.649702536724707 0.0077882820242791695 -0.04945190002381139 0.02 4.694935756885328 0.22257071030651332 7.668016550067583 -1.8700518460128175
9.649840218694406 0.006884098484949419 -0.04520917696648752 0.02 4.694935738299559 0.21213615286619358 7.668014147194074 -1.8701895070131334
9.649961427406097 0.00606043558457614 -0.041183145018663936 0.02 4.694935724345316 0.20130159739117914 7.6680120318156195 -1.8703106972642696
9.65006768339641 0.005312799515611033 -0.03738180344825537 0.02 4.694935713967179 0.19006707852042837 7.668010177396198 -1.8704169370713257
9.650160414369003 0.004636548629655124 -0.033812544297795455 0.02 4.694935706326075 0.17846295752299568 7.668008559019631 -1.870509653920615
9.650240954647321 0.004027013915930411 -0.030476735686235656 0.02 4.694935700760484 0.16679043057798992 7.668007153399215 -1.8705901819323245
9.650310547764027 0.0034796558352923057 -0.027367904031905255 0.02 4.694935696753255 0.1554415827165201 7.668005938832609 -1.8706597644497476
9.65037034965509 0.002990094553112499 -0.02447806410899034 0.02 4.694935693903715 0.14449199614574582 7.668004895146144 -1.8707195572327089
9.650421431859792 0.0025541102351311906 -0.021799215899065416 0.02 4.69493569190441 0.1339424104962461 7.668004003639 -1.8707706316573474
9.650464784720732 0.0021676430470130015 -0.019323359405909457 0.02 4.694935690521863 0.12379282465779795 7.6680032470273956 -1.870813977915483
9.650501320583816 0.0018267931541693372 -0.017042494642183215 0.02 4.6949356895807535 0.11404323818631212 7.668002609388741 -1.8708505082139795
9.65053187699827 0.0015278207227353846 -0.014948621571697629 0.02 4.694935688951029 0.10469365352427928 7.66800207610582 -1.8708810599745467
9.650557219916625 0.0012671459177049371 -0.013033740251522374 0.02 4.694935688537489 0.09574406600876273 7.668001633810928 -1.8709063990330874
9.65057804689473 0.0010413489052396585 -0.01128985062326393 0.02 4.694935688271451 0.08719448141292219 7.668001270330053 -1.8709272228391438
9.650594990291745 8.471698508039083E-4 -0.009708952721787512 0.02 4.694935688104145 0.07904489507382095 7.6680009746270095 -1.8709441636555948
9.650608620470143 6.815089198752844E-4 -0.008283046546431194 0.02 4.694935688001545 0.07129530876781587 7.668000736747599 -1.8709577917580507
9.65061944899571 5.414262783887125E-4 -0.007004132074328595 0.02 4.694935687940364 0.06394572360512996 7.66800054776377 -1.8709686186343888
9.650627931837546 4.241420917594496E-4 -0.005864209331463144 0.02 4.694935687905012 0.05699613714327256 7.668000399717766 -1.8709771001842517
9.650634472568061 3.2703652577126263E-4 -0.004855278299409349 0.02 4.694935687885296 0.05044655160268974 7.668000285566279 -1.8709836399185817
9.65063942556298 2.4764974595470335E-4 -0.003969338990827964 0.02 4.694935687874737 0.044296965429069246 7.668000199124597 -1.8709885921591434
9.650643099201337 1.8368191785356203E-4 -0.003198391405057066 0.02 4.694935687869338 0.0385473792885449 7.668000135010769 -1.8709922652379858
9.650645759065487 1.329932074689566E-4 -0.0025344355192302714 0.02 4.694935687866722 0.03319779429133973 7.668000088589739 -1.8709949246970237
9.650647631141089 9.360378010470072E-5 -0.001969471368212794 0.02 4.694935687865533 0.02824820755087387 7.668000055917516 -1.8709967964875014
9.650648905017118 6.369380143311787E-5 -0.0014954989335791424 0.02 4.69493568786503 0.02369862173168258 7.668000033685312 -1.8709980701695172
9.650649737085862 4.1603437228587836E-5 -0.0011045182102265017 0.02 4.694935687864836 0.01954903616763204 7.66800001916371 -1.8709989021115334
9.650650253742926 2.583285318991102E-5 -7.885292019338408E-4 0.02 4.694935687864771 0.015799450414633043 7.6680000101468 -1.8709994186899073
9.650650554587218 1.5042214585037073E-5 -5.395319302436974E-4 0.02 4.69493568786475 0.01244986358450717 7.668000004896347 -1.8709997194883752
9.650650715620968 8.051687494514681E-6 -3.495263545261196E-4 0.02 4.694935687864746 0.00950027878587889 7.6680000020859165 -1.870999880497607
9.650650792449712 3.8414372127704155E-6 -2.1051251408721328E-4 0.02 4.694935687864744 0.006950692021945315 7.668000000745073 -1.8709999573146436
9.650650823482305 1.5516296691941989E-6 -1.1449037717881083E-4 0.02 4.694935687864744 0.004801106845420122 7.668000000203477 -1.8709999883425137
9.65065083313091 4.824302735073616E-7 -5.3459969784341865E-5 0.02 4.694935687864744 0.0030515203697234483 7.668000000035088 -1.8709999979896474
9.650650835011007 9.400480394106125E-8 -1.9421273478315015E-5 0.02 4.694935687864744 0.0017019348153013425 7.668000000002275 -1.870999999869458
9.650650835141382 6.518785511389069E-9 -4.374300921483609E-6 0.02 4.694935687864744 7.523486278415703E-4 7.667999999999999 -1.8709999999998124
9.650650835141576 9.681144774731365E-12 -3.254552183307169E-7 0.02 4.694935687864745 2.0244228515764462E-4 7.667999999999996 -1.8710000000000078
9.650650835141576 0.0 -4.840572387365683E-10 0.02 4.694935687864745 1.6248558054599016E-5 7.667999999999996 -1.8710000000000078
