2.666666666666667E-11 1.3333333333333335E-9 6.666666666666667E-8 0.02 0.0 3.3333333333333333E-6 2.6666666676791857E-11 2.0194839173657902E-28
8.533333333333335E-10 4.133333333333334E-8 2.0000000000000003E-6 0.02 0.0 9.666666666666668E-5 8.533333333507052E-10 6.462348535570529E-27
6.479999999999999E-9 2.8133333333333326E-7 1.1999999999999995E-5 0.02 0.0 4.999999999999998E-4 6.480000000035222E-9 0.0
2.730666666666667E-8 1.0413333333333335E-6 3.800000000000001E-5 0.02 6.283185307179586 0.0013000000000000008 2.7306666666832303E-8 -2.0679515313825692E-25
8.333333333333335E-8 2.801333333333334E-6 8.800000000000002E-5 0.02 6.283185307179586 0.002500000000000001 8.333333333379543E-8 -4.963083675318166E-24
2.0735999999999997E-7 6.20133333333333E-6 1.699999999999998E-4 0.02 6.283185307179585 0.004099999999999988 2.0736000000115498E-7 -7.940933880509066E-23
4.4818666666666683E-7 1.2041333333333343E-5 2.9200000000000065E-4 0.02 6.283185307179581 0.006100000000000042 4.4818666666916754E-7 -8.07328277851755E-22
8.738133333333335E-7 2.1281333333333332E-5 4.6199999999999947E-4 0.02 6.283185307179566 0.008499999999999942 8.738133333381873E-7 -5.98878763488392E-21
1.5746399999999998E-6 3.504133333333331E-5 6.879999999999989E-4 0.02 6.28318530717952 0.011299999999999973 1.5746400000087661E-6 -3.5045988192646677E-20
2.6666666666666673E-6 5.4601333333333376E-5 9.780000000000032E-4 0.02 6.283185307179394 0.01450000000000021 2.666666666681485E-6 -1.7025362239811437E-19
4.294693333333333E-6 8.140133333333328E-5 0.0013399999999999953 0.02 6.28318530717909 0.018099999999999606 4.2946933333571845E-6 -7.111370987791885E-19
6.635519999999999E-6 1.1704133333333331E-4 0.0017820000000000015 0.02 6.2831853071784005 0.02210000000000031 6.635520000036744E-6 -2.6229434002913478E-18
9.901146666666668E-6 1.6328133333333344E-4 0.0023120000000000063 0.02 6.283185307176946 0.026500000000000242 9.901146666721195E-6 -8.714063203115428E-18
1.4341973333333339E-5 2.2204133333333353E-4 0.002938000000000005 0.02 6.283185307174047 0.031299999999999925 1.434197333341148E-5 -2.648449679915543E-17
2.0249999999999994E-5 2.9540133333333276E-4 0.0036679999999999612 0.02 6.283185307168542 0.03649999999999782 2.025000000010806E-5 -7.454864023727185E-17
2.7962026666666672E-5 3.8560133333333387E-4 0.004510000000000056 0.02 6.283185307158528 0.04210000000000472 2.7962026666810193E-5 -1.9627722739484505E-16
3.786285333333334E-5 4.950413333333335E-4 0.00547199999999998 0.02 6.283185307140975 0.048099999999996236 3.786285333351415E-5 -4.873077954342924E-16
5.038847999999999E-5 6.262813333333325E-4 0.006561999999999952 0.02 6.283185307111204 0.054499999999998605 5.038848000021012E-5 -1.1485665120814642E-15
6.602930666666667E-5 7.82041333333334E-4 0.007788000000000071 0.02 6.283185307062163 0.061300000000005926 6.602930666687619E-5 -2.584469469761163E-15
8.533333333333335E-5 9.652013333333341E-4 0.009158000000000006 0.02 6.283185306983468 0.06849999999999677 8.533333333353561E-5 -5.578478522486833E-15
1.0890935999999998E-4 0.0011788013333333314 0.010679999999999863 0.02 6.283185306860133 0.07609999999999284 1.0890936000049053E-4 -1.1597208348539719E-14
1.3743018666666665E-4 0.0014260413333333334 0.012362000000000104 0.02 6.283185306670915 0.08410000000001203 1.3743018666723613E-4 -2.3302474384226564E-14
1.7163581333333336E-4 0.0017102813333333355 0.0142120000000001 0.02 6.283185306386199 0.09249999999999979 1.7163581333382155E-4 -4.539171976117827E-14
2.1233663999999997E-4 0.0020350413333333306 0.016237999999999756 0.02 6.283185305965317 0.10129999999998282 2.123366400009564E-4 -8.594577008630769E-14
2.6041666666666666E-4 0.0024040013333333347 0.018448000000000204 0.02 6.283185305353178 0.11050000000002239 2.6041666666757685E-4 -1.5854487251591547E-13
3.168366933333334E-4 0.0028210013333333354 0.020850000000000035 0.02 6.283185304476094 0.12009999999999156 3.168366933343403E-4 -2.855274203921246E-13
3.8263752000000016E-4 0.0032900413333333393 0.023452000000000195 0.02 6.283185303236626 0.130100000000008 3.8263752000165547E-4 -5.029199407998505E-13
4.5894314666666684E-4 0.003815281333333334 0.026261999999999727 0.02 6.283185301507314 0.1404999999999766 4.5894314666875035E-4 -8.67774378558988E-13
5.469639733333331E-4 0.004401041333333315 0.029287999999999037 0.02 6.283185299123067 0.15129999999996552 5.469639733357134E-4 -1.468924083118748E-12
6.479999999237241E-4 0.00505180132951955 0.03253799980931179 0.02 6.2831852958720145 0.1624999904656376 6.479999999256824E-4 -2.4425316708987822E-12
7.634438505853905E-4 0.005772192533083317 0.036019560178188324 0.02 6.283185291484585 0.17407801844382675 7.634438505885402E-4 -3.994269365671481E-12
8.947816399846582E-4 0.006566889469963389 0.03973484684400359 0.02 6.283185285620646 0.18576433329076344 8.947816399873754E-4 -6.430531034420407E-12
0.0010435905448563944 0.007440445243586809 0.04367778868117102 0.02 6.2831852778545985 0.1971470918583712 0.0010435905448608102 -1.0201740439832324E-11
0.0012115356150738674 0.008397253510873648 0.04784041336434192 0.02 6.2831852676581965 0.20813123415854526 0.0012115356150787667 -1.5961699125518862E-11
0.0014003665736487458 0.00944154792874392 0.05221472089351362 0.02 6.283185254380869 0.21871537645858502 0.0014003665736516593 -2.4647950794634034E-11
0.0016119146167310962 0.010577402154117519 0.05679271126867993 0.02 6.283185237227345 0.22889951875831524 0.0016119146167383957 -3.75893624630615E-11
0.0018480892136093917 0.011808729843914775 0.061566384489862826 0.02 6.28318521523239 0.23868366105914487 0.001848089213617925 -5.664857038317761E-11
0.002110874906710499 0.013139284655055376 0.06652774055703001 0.02 6.283185187232453 0.24806780335835907 0.002110874906719675 -8.440862762980166E-11
0.0024023281115996904 0.014572660244459561 0.07166877947020929 0.02 6.2831851518340605 0.2570519456589641 0.002402328111608414 -1.244151413837269E-10
0.0027245739169806348 0.016112290269047216 0.07698150122938274 0.02 6.283185107378768 0.2656360879586726 0.002724573916988785 -1.814874222043003E-10
0.003079802884695404 0.017761448385738468 0.08245790583456258 0.02 6.283185051904516 0.27382023025899205 0.0030798028847094975 -2.6211470147141647E-10
0.003470267849724467 0.01952324825145314 0.08808999328573357 0.02 6.283184983103251 0.28160437255854914 0.0034702678497365463 -3.7495632415466586E-10
0.0038982807201867 0.02140064352311164 0.09386976358292508 0.02 6.2831848982746585 0.28898851485957555 0.003898280720204079 -5.314680054553655E-10
0.004366209277339373 0.02339642785763366 0.0997892167261009 0.02 6.2831847942759245 0.2959726571587912 0.004366209277350448 -7.466797596346851E-10
0.004876473975578159 0.025513234911939305 0.10584035271528225 0.02 6.283184667467389 0.3025567994590673 0.004876473975597691 -1.0401549799970468E-9
0.005431544742437132 0.027753538342948626 0.11201517155046604 0.02 6.283184513654058 0.30874094175918976 0.005431544742447848 -1.4371643625057766E-9
0.006033937778588764 0.030119651807581627 0.11830567323165009 0.02 6.2831843280228785 0.31452508405920215 0.006033937778614363 -1.9701129359622413E-9
0.006686212357843926 0.03261372896275808 0.12470385775882278 0.02 6.2831841050757715 0.3199092263586348 0.006686212357869854 -2.680263361839845E-9
0.0073909676271519 0.0352377634653987 0.13120172513203068 0.02 6.283183838558399 0.324893368660395 0.007390967627175368 -3.6198039055123157E-9
0.008150839406600358 0.03799358897242288 0.13779127535120914 0.02 6.2831835213846805 0.32947751095892264 0.00815083940661858 -4.854315021566441E-9
0.008968496989415374 0.040882879140750804 0.1444645084163962 0.02 6.283183145557119 0.33366165325935254 0.00896849698942838 -6.465694327487635E-9
0.009846639941961425 0.043907147627302544 0.151213424327587 0.02 6.283182702082976 0.3374457955595406 0.009846639941996655 -8.555605825904568E-9
0.010787994903741386 0.047067748088998065 0.15803002308477607 0.02 6.283182180886414 0.3408299378594534 0.010787994903763504 -1.1249525537558418E-8
0.011795312387396535 0.050365874182757474 0.1649063046879704 0.02 6.28318157071674 0.343814080159717 0.011795312387432097 -1.470146218976974E-8
0.012871363578706546 0.05380255956550055 0.17183426913715374 0.02 6.283180859052875 0.3463982224591669 0.012871363578739966 -1.9099438198534602E-8
0.014018937136589502 0.057378677894147787 0.17880591643236188 0.02 6.283180032004266 0.34858236476040666 0.014018937136613252 -2.4671822860633345E-8
0.015240835993101878 0.06109494282561878 0.18581324657354972 0.02 6.283179074208453 0.35036650705939226 0.015240835993101689 -3.1694616328703E-8
0.01653987415343854 0.06495190801683307 0.19284825956071422 0.02 6.283177968725524 0.3517506493582248 0.01653987415338543 -4.049978954609977E-8
0.01791887349593279 0.06894996712471252 0.19990295539397268 0.02 6.2831766969297576 0.3527347916629231 0.01791887349586526 -5.148479175886428E-8
0.019380660572056303 0.07308935380617564 0.20696933407315585 0.02 6.283175238398752 0.3533189339591583 0.019380660571947896 -6.512334343512262E-8
0.020928063406419145 0.07737014171814212 0.21403939559832413 0.02 6.283173570800402 0.3535030762584143 0.020928063406222563 -8.197763830611327E-8
0.022563908296769804 0.08179224451753293 0.22110513996954073 0.02 6.2831716697780715 0.3532872185608299 0.022563908296437545 -1.0271208369027826E-7
0.024291016613995162 0.08635541586126792 0.22815856718674948 0.02 6.283169508834403 0.3526713608604376 0.024291016613481427 -1.281087132116738E-7
0.026112201602120494 0.09105924940626657 0.2351916772499324 0.02 6.283167059214181 0.3516555031591456 0.02611220160136465 -1.5908441028324345E-7
0.02803026517830949 0.09590317880944985 0.24219647015916376 0.02 6.283164289786716 0.3502396454615683 0.028030265177185834 -1.9671008430217213E-7
0.03004799473286423 0.10088647772773691 0.24916494591435343 0.02 6.283161166928268 0.34842378775948313 0.030047994731219635 -2.4223194414999157E-7
0.032168159929225185 0.10600825981804778 0.25608910451554306 0.02 6.283157654405018 0.34620793005948197 0.03216815992682351 -2.970950152992452E-7
0.03439350950397125 0.11126747873730324 0.262960945962773 0.02 6.283153713257152 0.34359207236149547 0.034393509500602985 -3.629690473916543E-7
0.0367267680668197 0.11666292814242266 0.269772470255971 0.02 6.283149301684639 0.34057621465990173 0.036726768062207246 -4.4177695851131335E-7
0.03917063290062623 0.12219324169032639 0.27651567739518657 0.02 6.2831443749353095 0.33716035696077784 0.03917063289415073 -5.357259603541893E-7
0.04172777076138489 0.127856893037933 0.2831825673803301 0.02 6.283138885195871 0.3333444992571766 0.04172777075250406 -6.47341505071071E-7
0.04440081467822821 0.13365219584216617 0.2897651402116591 0.02 6.28313278148651 0.3291286415664507 0.04440081466612309 -7.795041893363455E-7
0.04719236075342707 0.13957730375994298 0.2962553958888406 0.02 6.283126009559756 0.3245127838590739 0.047192360736979584 -9.354897445735394E-7
0.05010496496239074 0.14563021044818325 0.30264533441201336 0.02 6.283118511804303 0.31949692615863834 0.05010496494003833 -1.1190122334906426E-6
0.0531411399536669 0.15180874956380805 0.3089269557812399 0.02 6.283110227154498 0.31408106846132766 0.05314113992373082 -1.3342705626208894E-6
0.05630335184894165 0.1581105947637374 0.31509225999646756 0.02 6.283101091006223 0.3082652107613826 0.05630335180906359 -1.5859984077624088E-6
0.05959401704303947 0.16453325970489097 0.3211332470576783 0.02 6.283091035139899 0.3020493530605378 0.05959401699006966 -1.8795176347560089E-6
0.06301549900392325 0.1710740980441893 0.32704191696491663 0.02 6.283079987651358 0.2954334953619159 0.063015498933832 -2.220795280820625E-6
0.06657010507269427 0.17773030343855092 0.33281026971808125 0.02 6.283067872891349 0.2884176376582309 0.0665701049805842 -2.616504142519821E-6
0.07026008326359222 0.18449890954489734 0.3384303053173207 0.02 6.283054611414417 0.28100177996197295 0.07026008314303715 -3.074086994707924E-6
0.0740876190639952 0.19137679002014935 0.34389402376260036 0.02 6.283040119937903 0.27318592226398264 0.07408761890720826 -3.6018244411444716E-6
0.07805483223441967 0.19836065852122317 0.3491934250536913 0.02 6.283024311311859 0.2649700645545455 0.07805483203112241 -4.208906370335025E-6
0.08216377360852056 0.2054470687050447 0.35432050919107644 0.02 6.283007094500567 0.25635420686925814 0.08216377334615868 -4.905506962317105E-6
0.0864164218930911 0.21263241422852658 0.35926727617409393 0.02 6.282988374576454 0.2473383491508746 0.08641642155593157 -5.702863159490722E-6
0.09081468046806306 0.21991292874859805 0.3640257260035737 0.02 6.282968052727096 0.23792249147398803 0.09081468003654136 -6.613356482009641E-6
0.09536037418650647 0.22728468592217096 0.36858785867864563 0.02 6.28294602627604 0.22810663375359697 0.09536037363645375 -7.650598031378429E-6
0.10005524617462988 0.2347435994061703 0.3729456741999662 0.02 6.2829221887181195 0.21789077606602925 0.10005524547651565 -8.829516487770216E-6
0.10490095463178012 0.24228542285751192 0.3770911725670817 0.02 6.282896429769958 0.20727491835577372 0.10490095374901494 -1.0166448865422083E-5
0.10989906963044252 0.24990574993312004 0.38101635378040566 0.02 6.282868635436268 0.19625906066619847 0.10989906851878577 -1.167923374883334E-5
0.11505106993477573 0.25760001521666076 0.3847132641770362 0.02 6.282838688092485 0.18484551983152797 0.1150510685398674 -1.3387306691785804E-5
0.12035834074248647 0.2653635403855367 0.3881762584437981 0.02 6.282806466578643 0.17314971333809437 0.12035833899827006 -1.5311797758124808E-5
0.12582217483250882 0.27319170450111757 0.39140820577904245 0.02 6.282771846287238 0.16159736676221725 0.1258221726597133 -1.7475632036466002E-5
0.13144377563751344 0.28108004025023114 0.39441678745567865 0.02 6.28273469924891 0.15042908383181008 0.1314437729401132 -1.990363292863652E-5
0.13722426044389427 0.2890242403190413 0.39721000344050683 0.02 6.282694894224607 0.13966079924140895 0.13722425710646716 -2.262262759680951E-5
0.14316466359176835 0.29702015739370424 0.3997958537331481 0.02 6.282652296804494 0.12929251463206226 0.14316465947657794 -2.5661554359934433E-5
0.1492659396749759 0.30506380416037704 0.4021823383336398 0.02 6.282606769513143 0.1193242300245867 0.1492659346176472 -2.905157186546166E-5
0.1555289667410806 0.31315135330523547 0.4043774572429215 0.02 6.282558171920471 0.10975594546408507 0.15552896054579513 -3.282616986270692E-5
0.16195454949136898 0.3212791375144186 0.4063892104591571 0.02 6.282506360757934 0.1005876608117795 0.16195454192596836 -3.702128140424012E-5
0.168543422480851 0.329443649474101 0.4082255979841187 0.02 6.28245119003943 0.09181937624808123 0.16854341327089306 -4.1675396303578194E-5
0.17529625331825974 0.33764154187043705 0.409894619816803 0.02 6.282392511186355 0.08345109163421238 0.17529624214025644 -4.682967568350044E-5
0.1822136458660514 0.3458696273895834 0.41140427595731666 0.02 6.282330173156264 0.0754828070256841 0.18221363233979268 -5.2528067454831254E-5
0.18929614344040555 0.35412487871770704 0.4127625664061829 0.02 6.282264022574547 0.06791452244331309 0.18929612712026908 -5.881742257381195E-5
0.19654423201122487 0.3624044285409661 0.41397749116295346 0.02 6.2821939038685555 0.06074623783852706 0.1965442123763586 -6.574761193605706E-5
0.20395834340213517 0.37070556954551526 0.41505705022745754 0.02 6.282119659403598 0.05397795322520382 0.20395831984555296 -7.337164377698747E-5
0.21153885849048562 0.3790257544175224 0.41600924360035707 0.02 6.2820411296202225 0.04760966864497673 0.21153883030678233 -8.174578146133427E-5
0.21928611040734844 0.3873625958431409 0.4168420712809262 0.02 6.281958153172212 0.04164138402845685 0.2192860767781617 -9.092966155890662E-5
0.22720038773751908 0.3957138665085319 0.4175635332695493 0.02 6.281870567064704 0.03607309943115533 0.22720034771626652 -1.0098641212382548E-4
0.2352819377195163 0.40407749909986135 0.418181629566472 0.02 6.281778206791885 0.030904814846133277 0.23528189021400067 -1.1198277110655366E-4
0.24353096944558192 0.4124515863032807 0.41870436017096835 0.02 6.281680906473694 0.026136530224818433 0.24353091319888928 -1.2398920485280455E-4
0.251947657061681 0.42083438080495333 0.41913972508363095 0.02 6.281578498990983 0.02176824563313029 0.25194759063141803 -1.3708002666190135E-4
0.2605321429675019 0.42922429529104467 0.4194957243045666 0.02 6.281470816118652 0.01779996104678272 0.2605320646999554 -1.5133351539384568E-4
0.26928454101645594 0.4376199024477029 0.4197803578329107 0.02 6.2813576886561195 0.014231676417203465 0.26928444902177956 -1.66832034158175E-4
0.27820493971567795 0.4460199349611005 0.4200016256698802 0.02 6.281238946554753 0.011063391848475934 0.2782048318394964 -1.8366214911133896E-4
0.2872934054260257 0.45442328551738853 0.42016752781440236 0.02 6.281114419041776 0.008295107226108378 0.2872932792147566 -2.019147484309744E-4
0.29654998556208034 0.4628290068027313 0.4202860642671391 0.02 6.280983934740004 0.00592682263683697 0.2965498382318472 -2.2168516158671547E-4
0.3059747117921459 0.4712363115032786 0.42036523502736456 0.02 6.2808473217833205 0.003958538011272772 0.30597454018544074 -2.430732789776499E-4
0.3155676032382502 0.4796445723052156 0.4204130400968509 0.02 6.280704407927035 0.002390253474315873 0.3155674037858685 -2.6618367215347494E-4
0.32532866967614377 0.488053321894677 0.4204374794730681 0.02 6.280555020653185 0.001221968810860563 0.3253284383480818 -2.911257147248554E-4
0.33525791473530037 0.49646225295783 0.42044655315764956 0.02 6.280398987270046 4.536842290736587E-4 0.3352576469908319 -3.180137042264261E-4
0.3453553390208111 0.5048712142755374 0.4204480658853704 0.02 6.280236135006991 7.563638604324296E-5 0.34535502975513005 -3.469669849103206E-4
0.3556209416310428 0.5132801305115842 0.4204458118023391 0.02 6.280066291130197 -1.1270415156694469E-4 0.355620585113365 -3.781100668715613E-4
0.3660547181753521 0.5216888272154663 0.4204348351941056 0.02 6.279889283116084 -5.488304116729736E-4 0.3660543079841244 -4.115727335811843E-4
0.3766566576093722 0.5300969717010051 0.4204072242769419 0.02 6.279704938852043 -0.0013805458581872543 0.37665618656214905 -4.4749014141940574E-4
0.3874267390350135 0.5385040712820643 0.4203549790529615 0.02 6.27951308684736 -0.0026122611990198052 0.38742619911201237 -4.8600291336202417E-4
0.39836492850046273 0.5469094732724611 0.4202700995198372 0.02 6.279313556453882 -0.0042439766562152315 0.3983643107619496 -5.272572262255242E-4
0.4094711758001836 0.5553123649860436 0.4201445856791275 0.02 6.279106178096482 -0.006275692035484504 0.4094704702973406 -5.71404890747737E-4
0.42074541127491677 0.5637117737366582 0.4199704375307256 0.02 6.278890783513377 -0.008707407420094349 0.4207446069538401 -6.186034237511476E-4
0.43218754261167963 0.5721065668381431 0.41973965507424715 0.02 6.278667206006296 -0.011539122823922554 0.43218662721015133 -6.690161116061251E-4
0.4437974516437661 0.5804954516043237 0.4194442383090302 0.02 6.278435280700449 -0.014770838260846908 0.4437964115804412 -7.228120641822149E-4
0.45557499115074734 0.5888769753490619 0.41907618723691087 0.02 6.278194844814248 -0.01840255360596732 0.455573811406404 -7.801662584476163E-4
0.4675199816584709 0.5972495253861787 0.4186275018558394 0.02 6.277945737938642 -0.02243426905357282 0.4675186456490768 -8.41259570850756E-4
0.47963220823906155 0.6056113290295317 0.4180901821676519 0.02 6.277687802325897 -0.026865984409374377 0.4796306976818582 -9.062787976003676E-4
0.4919114173109204 0.6139604535929433 0.41745622817057626 0.02 6.277420883187815 -0.031697699853783234 0.4919097120761811 -9.754166618821357E-4
0.5043573134387258 0.6222948063902695 0.4167176398663097 0.02 6.277144829002784 -0.036929415213327044 0.5043553913974155 -0.0010488718071678602
0.5169695561334327 0.6306121347353422 0.41586641725363527 0.02 6.276859491831706 -0.04256113063372258 0.5169673929956318 -0.001126848775583205
0.5297477566522726 0.6389100259419966 0.41489456033272365 0.02 6.27656472764253 -0.048592846045580895 0.5297453257906026 -0.0012095579703469798
0.5426914747987542 0.6471859073240827 0.4137940691043007 0.02 6.2762603966427095 -0.05502456142114642 0.5426887470646116 -0.0012972156013756966
0.5558002157226629 0.655437046195434 0.4125569435675658 0.02 6.275946363619353 -0.06185627683674699 0.5557971592562362 -0.0013900436130201074
0.5690734267200609 0.6636605498698989 0.4111751837232447 0.02 6.275622498287 -0.06908799221605477 0.5690700067386233 -0.00148826959280271
0.5825104940332869 0.6718533656613013 0.4096407895701204 0.02 6.275288675641669 -0.07671970765621428 0.5825066726201101 -0.001592126660405202
0.5961107396509565 0.6800122808834796 0.4079457611089188 0.02 6.274944776321563 -0.08475142306008099 0.596106475527052 -0.0017018533356093352
0.6098734181079629 0.6881339228503203 0.406082098342031 0.02 6.274590686973376 -0.09318313834438818 0.6098686663916811 -0.0018176933843299312
0.6237977132854752 0.6962147588756129 0.40404180126463185 0.02 6.27422630062346 -0.10201485386995834 0.6237924252472042 -0.0019398956417610996
0.6378827352109394 0.7042510962732118 0.40181686987994514 0.02 6.273851517053795 -0.11124656923433562 0.6378768580084923 -0.0020687138114509687
0.6521275168580785 0.7122390823569524 0.3993993041870314 0.02 6.273466243181337 -0.12087828464568684 0.6521209932655653 -0.002204406239544765
0.6665310109468922 0.7201747044406848 0.3967811041866165 0.02 6.27307039344047 -0.13091000002074527 0.6665237790724448 -0.0023472356630845834
0.6810920867436572 0.7280537898382511 0.39395426987831605 0.02 6.272663890167662 -0.14134171541502205 0.6810840797353552 -0.0024974689314493925
0.6958095268609269 0.735872005863486 0.3909108012617457 0.02 6.272246663987469 -0.1521734308285172 0.6958006726019709 -0.002655376700034247
0.7106820240578079 0.7436248598440498 0.38764269902819004 0.02 6.271818654199045 -0.1634051116777835 0.7106722448512572 -0.002821233095281525
0.7257081782769391 0.7513077109565613 0.3841425556255773 0.02 6.2713798091552695 -0.1750071701306366 0.725697390520384 -0.0029953153530114796
0.7408864960706382 0.7589158896849524 0.38040893641955176 0.02 6.270930086568678 -0.18668096030127757 0.7408746099211172 -0.0031779034563758288
0.7562153931780377 0.7664448553699743 0.37644828425109633 0.02 6.270469453713025 -0.19803260842277126 0.7562023122108348 -0.0033692797901713617
0.7716931977188556 0.7738902270408965 0.37226858354610926 0.02 6.269997887588654 -0.20898503524935386 0.7716788185718189 -0.003569728788252853
0.7873181533933943 0.7812477837269349 0.3678778343019218 0.02 6.269515375067674 -0.21953746220937376 0.7873023654093084 -0.003779536568734712
0.8030884226825409 0.78851346445733 0.36328403651975094 0.02 6.269021913019349 -0.22968988910854193 0.8030711075396476 -0.003998990557539543
0.8190020900477678 0.7956833682613462 0.3584951902008138 0.02 6.268517508414888 -0.2394423159468584 0.81898312138287 -0.004228379101435781
0.8350571651311317 0.802753754168195 0.35351929534244153 0.02 6.2680021784112805 -0.24879474291861214 0.8350364081594709 -0.0044679910716013405
0.8512515859552742 0.8097210412071232 0.34836435194640636 0.02 6.267475950414159 -0.2577471698017586 0.8512288970839268 -0.004718115458694251
0.867583222123422 0.8165818084073906 0.3430383600133702 0.02 6.266938862119327 -0.2662995966518089 0.867558448559608 -0.004979040960629781
0.8840498780193863 0.823332794798215 0.33754931954121936 0.02 6.266390961532762 -0.27445202360754095 0.8840228573759443 -0.005251055564268928
0.900649296007563 0.8299708994088384 0.33190523053117094 0.02 6.2658323069691235 -0.28220445050242127 0.9006198559050002 -0.005534446122207347
0.9173791596329334 0.8364931812685161 0.3261140929838868 0.02 6.265262967028644 -0.28955687736420543 0.9173471172997623 -0.005829497925974619
0.9342370968210628 0.8428968594064723 0.3201839068978085 0.02 6.264683020552358 -0.29650930430391575 0.9342022586971193 -0.006136494277012718
0.9512206830781017 0.8491793128519443 0.3141226722735979 0.02 6.264092556556216 -0.3030617312105299 0.951182844412172 -0.006455716056535582
0.9683274446907854 0.8553380806341826 0.30793838911191695 0.02 6.26349167414354 -0.30921415808404795 0.9682863891446882 -0.006787441296008452
0.9855548619264339 0.8613708617824289 0.30163905741231734 0.02 6.262880482396549 -0.314966584979981 0.9855103611829383 -0.007131944749383147
1.002900372232952 0.8672755153258993 0.2952326771735181 0.02 6.262259100247371 -0.3203190119399624 1.0028521856015078 -0.007489497468408934
1.02036137343883 0.8730500602939006 0.2887272484000669 0.02 6.26162765632816 -0.3252714386725586 1.0203092474732465 -0.007860366382839663
1.0379352269531417 0.8786926757155866 0.28213077108429907 0.02 6.260986288801416 -0.3298238657883923 1.0378788950760205 -0.008244813886587259
1.0556192609655466 0.8842017006202463 0.2754512452329827 0.02 6.260335145170989 -0.3339762925658185 1.0555584430936744 -0.008643097431203887
1.073410773646289 0.8895756340371208 0.2686966708437266 0.02 6.259674382073454 -0.33772871946280425 1.0733451758338097 -0.009055469128609647
1.0913070363461972 0.8948131349954092 0.2618750479144172 0.02 6.259004165051614 -0.3410811464654717 1.0912363504296207 -0.009482175363753613
1.1093052967966852 0.8999130225244012 0.2549943764496021 0.02 6.258324668309505 -0.344033573240754 1.1092292000596795 -0.009923456419362847
1.1274027823097517 0.9048742756533223 0.24806265644605752 0.02 6.257636074450669 -0.3465860001772292 1.127320937155613 -0.010379546113461986
1.1455967029779794 0.909696033411389 0.24108788790333513 0.02 6.2569385741997054 -0.34873842713611936 1.1455087566164641 -0.010850671451439038
1.1638842548745367 0.9143775948278643 0.2340780708237622 0.02 6.256232366107853 -0.35049085397864665 1.163789839029207 -0.01133705229398426
1.1822626232531765 0.918918418931991 0.2270412052063353 0.02 6.255517656244216 -0.35184328087134453 1.182161353874251 -0.011838901041620949
1.2007289857482364 0.923318124752992 0.21998529105005105 0.02 6.254794657871978 -0.352795707814213 1.2006204627540402 -0.012356422338069502
1.2192805155746382 0.9275764913200923 0.21291832835501623 0.02 6.254063591111952 -0.35334813475174087 1.2191643226061915 -0.012889812792627228
1.2379143847278902 0.9316934576625968 0.20584831712522345 0.02 6.253324682593609 -0.35350056148963915 1.2377900889206366 -0.013439260723208897
1.2566277671840844 0.9356691228097125 0.1987832573557835 0.02 6.252578165094376 -0.35325298847199704 1.2564949189636108 -0.014004945921244079
1.2754178420998967 0.9395037457906152 0.19173114904513788 0.02 6.2518242771686 -0.3526054155322811 1.2752759749969564 -0.01458703943913904
1.2942817970125897 0.9431977456346496 0.18469999220172006 0.02 6.251063262766776 -0.3515578421708909 1.2941304275020462 -0.01518570340155205
1.3132168310400092 0.9467517013709736 0.17769778681619997 0.02 6.2502953708465645 -0.35011026927600497 1.3130554583943157 -0.01580109084095775
1.332220158080587 0.9501663520288917 0.17073253289590085 0.02 6.249520854975451 -0.34826269601495596 1.3320482642574256 -0.016433345559275128
1.3512890100133383 0.9534425966375659 0.16381223043371307 0.02 6.248739972927712 -0.34601512310938887 1.3511060595551765 -0.017082602015002155
1.370420639897865 0.9565814942263273 0.15694487943807012 0.02 6.247952986275062 -0.34336754978214756 1.3702260798622827 -0.017748985237895698
1.3896123251743522 0.9595842638243646 0.15013847990186235 0.02 6.247160159973198 -0.34031997681038817 1.3894055850841773 -0.018432610770864638
1.4088613708635702 0.9624522844609018 0.14340103182686192 0.02 6.246361761944506 -0.3368724037500215 1.4086418626847186 -0.01913358464027748
1.4281651127668742 0.9651870951651986 0.13674053521484097 0.02 6.245558062658747 -0.3330248306010475 1.4279322309020568 -0.019852003354479425
1.4475209206662047 0.9677903949665279 0.13016499006646143 0.02 6.244749334711667 -0.32877725741897734 1.447274041979109 -0.02058795393188674
1.466926201524086 0.9702640428940645 0.12368239637683409 0.02 6.243935852403495 -0.3241296844813668 1.4666646853853154 -0.02134151395816948
1.4863784026836282 0.972610057977108 0.117300754152172 0.02 6.243117891318126 -0.31908211123310437 1.4861015910347006 -0.022112751672942688
1.5058750150685258 0.9748306192448819 0.1110280633886962 0.02 6.242295727903375 -0.3136345381737904 1.5055822325147268 -0.022901726086730675
1.5254135763830579 0.9769280657266011 0.10487232408595837 0.02 6.241469639054362 -0.3077869651368914 1.5251041303002428 -0.023708487127313382
1.5449916743120877 0.9789048964514935 0.09884153624462044 0.02 6.240639901699788 -0.3015393920668963 1.5446648549807132 -0.024533075816613195
1.5646069497210655 0.9807637704488892 0.09294369986978523 0.02 6.239806792393122 -0.2948918187417604 1.564262030475381 -0.025375524477072198
1.5842570998560237 0.9825075067479094 0.08718681495101244 0.02 6.238970586908877 -0.2878442459386399 1.5838933372537807 -0.026235856968121474
1.6039398815435815 0.9841390843778886 0.08157888149895598 0.02 6.238131559845249 -0.28039667260282286 1.6035565155526277 -0.027114088952201187
1.6236531143909418 0.9856616423680187 0.07612789950650622 0.02 6.237289984233882 -0.27254909962248774 1.623249368591811 -0.02801022819019948
1.6433946839858928 0.9870784797475496 0.07084186897654554 0.02 6.236446131157601 -0.2643015264980342 1.642969765789063 -0.028924274865984173
1.6631625450968064 0.9883930555456777 0.06572878990640518 0.02 6.23560026937696 -0.2556539535070179 1.6627156459733714 -0.029856221939658353
1.6829547248726422 0.9896089887917903 0.06079666230562886 0.02 6.234752664966385 -0.2466063800388163 1.6824850205961672 -0.03080605552906096
1.7027693260429404 0.9907300585149104 0.056053486156004695 0.02 6.233903580960662 -0.2371588074812081 1.7022759769415319 -0.03177375531907846
1.722604530117829 0.9917602037444295 0.05150726147595819 0.02 6.233053277012524 -0.22731123400232534 1.7220866813338538 -0.032759294998146296
1.742458600588021 0.9927035235095971 0.0471659882583797 0.02 6.232202009061974 -0.21706366087892448 1.7419153823445996 -0.03376264272142167
1.7623298861248118 0.9935642768395425 0.04303766649726981 0.02 6.231350029018116 -0.20641608805549438 1.7617604139957646 -0.03478376159985981
1.7822168237800848 0.9943468827636526 0.0391302962055029 0.02 6.230497584453999 -0.19536851458834548 1.7816201989619969 -0.03582261021459798
1.8021179421567308 0.9950559188322994 0.035451803432340334 0.02 6.229644918316373 -0.18392463865812836 1.801493251742101 -0.03687914315434687
1.8220318634745571 0.9956960658913161 0.03200735295083579 0.02 6.228792268697043 -0.1722225240752273 1.8213781807224168 -0.03795331151617996
1.841957302155551 0.9962719340496973 0.028793407919058822 0.02 6.227939868767344 -0.1606972515888483 1.8412736867673665 -0.03904506323152246
1.8618930617142557 0.9967879779352318 0.025802194276725032 0.02 6.227087946798871 -0.1495606821166895 1.8611785601123674 -0.04015434329543878
1.8818380315577645 0.9972484921754399 0.02302571201040493 0.02 6.22623672620064 -0.13882411331600508 1.8810916771694552 -0.04128109398009604
1.9017911837857269 0.9976576113981173 0.020455961133869494 0.02 6.225386425568304 -0.12848754382677186 1.9010119973305568 -0.04242525503607619
1.9217515699903438 0.9980193102308466 0.01808494163646479 0.02 6.224537258744583 -0.11855097487023514 1.920938559771152 -0.0435867638810197
1.9417183180563722 0.9983374033014192 0.01590465352863113 0.02 6.223689434890227 -0.10901440539168306 1.9408704802536816 -0.04476555577495302
1.9616906289611205 0.9986155452374135 0.01390709679971458 0.02 6.222843158564765 -0.09987783644582748 1.9608069479307018 -0.04596156398173967
1.9816677735744523 0.9988572306665944 0.012084271459045226 0.02 6.221998629816329 -0.0911412670334677 1.9807472221479399 -0.047174719916155156
2.0016490894587835 0.9990657942165582 0.010428177498189584 0.02 6.2211560442798355 -0.08280469804278212 2.000690629247228 -0.04840495327612607
2.021633977669085 0.9992444105150655 0.008930814925367514 0.02 6.220315593282801 -0.07486812864110348 2.020636559369244 -0.04965219215971957
2.0416218995528785 0.9993960941896862 0.00758418373103531 0.02 6.219477463958065 -0.0673315597166102 2.040584463256862 -0.050916363166573345
2.0616123735502443 0.9995236998682877 0.006380283930074171 0.02 6.218641839362769 -0.06019499004805695 2.0605338490578458 -0.052197391483371214
2.0816049719938112 0.9996299221783467 0.0053111155029483825 0.02 6.21780889860284 -0.05345842135628942 2.0804842791282114 -0.05349520095318051
2.1015993179087644 0.9997172957476597 0.004368678465649367 0.02 6.216978816962316 -0.04712185186495077 2.100435366836072 -0.05480971412841398
2.121595081812842 0.9997881952038767 0.0035449728108538636 0.02 6.216151766036902 -0.041185282739775175 2.12038677336441 -0.05614085230713321
2.1415919785163355 0.9998448351746791 0.002831998540120395 0.02 6.215327913870933 -0.035648713536673426 2.140338204516767 -0.0574885355528138
2.1615897639220902 0.9998892702877349 0.0022217556527870386 0.02 6.214507425097348 -0.030512144366667826 2.1602894075195773 -0.058852682697055986
2.181588231825506 0.9999233951707875 0.0017062441526327632 0.02 6.213690461079709 -0.02577557500771377 2.180240167829676 -0.06023321132574713
2.201587210714533 0.9999489444513454 0.0012774640278934157 0.02 6.212877180056035 -0.021439006236967373 2.200190305936846 -0.06163003774796727
2.22158656056968 0.9999674927573476 9.274153001115337E-4 0.02 6.212067737283389 -0.0175024363890941 2.2201396741728017 -0.06304307694842373
2.2415861696640045 0.9999804547162316 6.480979442002877E-4 0.02 6.211262285183108 -0.013965867795562303 2.2400881535147064 -0.0644722425226394
2.261585951363122 0.9999890849558657 4.3151198170221505E-4 0.02 6.21046097348559 -0.01082929812490363 2.260035650395284 -0.06591744659581278
2.2815858409251977 0.9999944781037939 2.696573964122706E-4 0.02 6.209663949374561 -0.008092729264497223 2.279982093507975 -0.06737859972464597
2.301585792300953 0.9999975687877694 1.5453419877076158E-4 0.02 6.208871357629804 -0.005756159882075451 2.2999274306178985 -0.06885561078304758
2.321585774933663 0.9999991316354873 7.814238589531897E-5 0.02 6.2080833407682166 -0.0038195906437721305 2.319871625369134 -0.07034838683119933
2.341585770559152 0.9999997812744521 3.24819482422356E-5 0.02 6.2073000391823285 -0.002283021882654168 2.3398146540964424 -0.0718568329687757
2.3615857700058056 0.999999972332688 9.55291179494111E-6 0.02 6.206521591276031 -0.0011464518223647246 2.3597565026349345 -0.07338085217206819
2.3815857699945577 0.9999999994376063 1.3552459154908547E-6 0.02 6.205748133596828 -4.098832939725128E-4 2.379697163132641 -0.07492034511563667
2.401585769994558 1.000000000000023 2.812083899073059E-8 0.02 6.204979800962112 -6.63562538250062E-5 2.3996366309180512 -0.07647520998286081
2.4215857699945578 0.9999999999999787 -2.220446049250313E-12 0.02 6.204216726546341 -1.406152971838992E-6 2.4195749022821635 -0.07804534233400767
2.4415857699945582 1.000000000000023 2.220446049250313E-12 0.02 6.203459041900058 2.220446049250313E-10 2.439511973975509 -0.07963063510096963
2.461585769994558 0.9999999999999787 -2.220446049250313E-12 0.02 6.202706876949647 -2.220446049250313E-10 2.4594478432006737 -0.0812309786196479
2.4815857699945583 1.000000000000023 2.220446049250313E-12 0.02 6.201960359996796 2.220446049250313E-10 2.479382507615735 -0.08284626066319355
2.501585769994558 0.9999999999999787 -2.220446049250313E-12 0.02 6.201219617718107 -2.220446049250313E-10 2.499315965337686 -0.08447636647526546
2.5215857699945583 1.000000000000023 2.220446049250313E-12 0.02 6.200484775164879 2.220446049250313E-10 2.5192482149448154 -0.08612117880321653
2.5415857699945574 0.9999999999999565 -3.3306690738754696E-12 0.02 6.199755955762985 -2.7755575615628914E-10 2.539179255480441 -0.08778057793140086
2.561585769994558 1.000000000000023 3.3306690738754696E-12 0.02 6.199033281312984 3.3306690738754696E-10 2.5591090864535984 -0.08945444171423579
2.5815857699945575 0.9999999999999787 -2.220446049250313E-12 0.02 6.198316871990235 -2.7755575615628914E-10 2.5790377078437334 -0.09114264560960011
2.6015857699945584 1.0000000000000453 3.3306690738754696E-12 0.02 6.197606846345368 2.7755575615628914E-10 2.5989651200989754 -0.09284506271169202
2.621585769994558 0.9999999999999787 -3.3306690738754696E-12 0.02 6.196903321304587 -3.3306690738754696E-10 2.6188913241426346 -0.09456156378457978
2.6415857699945584 1.000000000000023 2.220446049250313E-12 0.02 6.196206412170514 2.7755575615628914E-10 2.6388163213681173 -0.09629201729475548
2.661585769994558 0.9999999999999787 -2.220446049250313E-12 0.02 6.1955162326226585 -2.220446049250313E-10 2.658740113648069 -0.09803628944490221
2.6815857699945584 1.000000000000023 2.220446049250313E-12 0.02 6.194832894718627 2.220446049250313E-10 2.678662703325736 -0.09979424420610546
2.701585769994558 0.9999999999999787 -2.220446049250313E-12 0.02 6.194156508894785 -2.220446049250313E-10 2.69858409322561 -0.10156574335173041
2.7215857699945585 1.000000000000023 2.220446049250313E-12 0.02 6.193487183967709 2.220446049250313E-10 2.7185042866444027 -0.10335064648955071
2.741585769994558 0.9999999999999787 -2.220446049250313E-12 0.02 6.192825027135198 -2.220446049250313E-10 2.7384232873582435 -0.10514881109528643
2.7615857699945576 0.9999999999999787 0.0 0.02 6.192170143977798 1.1102230246251565E-10 2.7583410996181117 -0.10696009254507094
2.781585769994558 1.000000000000023 2.220446049250313E-12 0.02 6.191522638460245 1.1102230246251565E-10 2.7782577281505554 -0.1087843441483568
2.8015857699945577 0.9999999999999787 -2.220446049250313E-12 0.02 6.190882612932997 -2.220446049250313E-10 2.7981731781592165 -0.11062141718087043
2.821585769994558 1.000000000000023 2.220446049250313E-12 0.02 6.190250168134136 2.220446049250313E-10 2.8180874553177793 -0.11247116091673967
2.8415857699945577 0.9999999999999787 -2.220446049250313E-12 0.02 6.189625403190884 -2.220446049250313E-10 2.8380005657778997 -0.11433342266196869
2.861585769994558 1.000000000000023 2.220446049250313E-12 0.02 6.189008415621819 2.220446049250313E-10 2.8579125161581485 -0.11620804778611232
2.8815857699945577 0.9999999999999787 -2.220446049250313E-12 0.02 6.188399301338669 -2.220446049250313E-10 2.8778233135491984 -0.11809487975541863
2.901585769994558 1.000000000000023 2.220446049250313E-12 0.02 6.1877981546484895 2.220446049250313E-10 2.8977329655091735 -0.11999376016500968
2.9215857699945578 0.9999999999999787 -2.220446049250313E-12 0.02 6.187205068255927 -2.220446049250313E-10 2.9176414800590336 -0.12190452877101002
2.9415857699945582 1.000000000000023 2.220446049250313E-12 0.02 6.186620133265279 2.220446049250313E-10 2.93754886568691 -0.12382702352348396
2.961585769994558 0.9999999999999787 -2.220446049250313E-12 0.02 6.186043439183099 -2.220446049250313E-10 2.957455131337259 -0.12576108059786706
2.9815857699945583 1.000000000000023 2.220446049250313E-12 0.02 6.185475073920436 2.220446049250313E-10 2.977360286413728 -0.1277065344276595
3.001585769994558 0.9999999999999787 -2.220446049250313E-12 0.02 6.1849151237953786 -2.220446049250313E-10 2.9972643407747634 -0.12966321773636982
3.0215857699945583 1.000000000000023 2.220446049250313E-12 0.02 6.184363673535727 2.220446049250313E-10 3.0171673047260366 -0.13163096156908113
3.041585769994558 0.9999999999999787 -2.220446049250313E-12 0.02 6.183820806281401 -2.220446049250313E-10 3.0370691890247006 -0.1336095953251261
3.0615857699945583 1.000000000000023 2.220446049250313E-12 0.02 6.183286603587305 2.220446049250313E-10 3.0569700048688495 -0.13559894678924367
3.081585769994558 0.9999999999999787 -2.220446049250313E-12 0.02 6.182761145426046 -2.220446049250313E-10 3.0768697638940767 -0.13759884216336876
3.1015857699945584 1.000000000000023 2.220446049250313E-12 0.02 6.182244510190562 2.220446049250313E-10 3.0967684781746576 -0.1396091060988294
3.121585769994558 0.9999999999999787 -2.220446049250313E-12 0.02 6.181736774697137 -2.220446049250313E-10 3.1166661602123966 -0.1416295617272419
3.1415857699945584 1.000000000000023 2.220446049250313E-12 0.02 6.181238014188191 2.220446049250313E-10 3.1365628229342737 -0.14366003069222077
3.161585769994558 0.9999999999999787 -2.220446049250313E-12 0.02 6.180748302335107 -2.220446049250313E-10 3.1564584796906803 -0.1457003331810905
3.1815857699945584 1.000000000000023 2.220446049250313E-12 0.02 6.180267711241289 2.220446049250313E-10 3.1763531442452138 -0.14775028795566822
3.201585769994558 0.9999999999999787 -2.220446049250313E-12 0.02 6.179796311445062 -2.220446049250313E-10 3.196246830771259 -0.14980971238366775
3.2215857699945585 1.000000000000023 2.220446049250313E-12 0.02 6.179334171922587 2.220446049250313E-10 3.216139553849441 -0.1518784224701329
3.241585769994558 0.9999999999999787 -2.220446049250313E-12 0.02 6.178881360090952 -2.220446049250313E-10 3.236031328457415 -0.1539562328880077
3.2615857699945576 0.9999999999999787 0.0 0.02 6.178437941811164 1.1102230246251565E-10 3.255922169964596 -0.15604295700914397
3.281585769994558 1.000000000000023 2.220446049250313E-12 0.02 6.178003981391056 1.1102230246251565E-10 3.2758120941305795 -0.15813840693563158
3.3015857699945577 0.9999999999999787 -2.220446049250313E-12 0.02 6.177579541588422 -2.220446049250313E-10 3.2957011170937283 -0.16024239353002914
3.321585769994558 1.000000000000023 2.220446049250313E-12 0.02 6.177164683614017 2.220446049250313E-10 3.315589255365041 -0.16235472644607182
3.3415857699945577 0.9999999999999787 -2.220446049250313E-12 0.02 6.176759467134476 -2.220446049250313E-10 3.3354765258257024 -0.164475214159706
3.361585769994558 1.000000000000023 2.220446049250313E-12 0.02 6.1763639502753875 2.220446049250313E-10 3.3553629457166485 -0.1666036639992065
3.3815857699945577 0.9999999999999787 -2.220446049250313E-12 0.02 6.175978189624281 -2.220446049250313E-10 3.3752485326315695 -0.1687398821755865
3.401585769994558 1.000000000000023 2.220446049250313E-12 0.02 6.175602240233563 2.220446049250313E-10 3.3951333045107503 -0.17088367381302888
3.4215857699945578 0.9999999999999787 -2.220446049250313E-12 0.02 6.175236155623435 -2.220446049250313E-10 3.4150172796352596 -0.17303484297928812
3.4415857699945582 1.000000000000023 2.220446049250313E-12 0.02 6.174879987784859 2.220446049250313E-10 3.4349004766167575 -0.1751931927155524
3.461585769994558 0.9999999999999787 -2.220446049250313E-12 0.02 6.174533787182435 -2.220446049250313E-10 3.4547829143900395 -0.1773585250665284
3.4815857699945583 1.000000000000023 2.220446049250313E-12 0.02 6.174197602757207 2.220446049250313E-10 3.474664612207705 -0.1795306411106947
3.501585769994558 0.9999999999999787 -2.220446049250313E-12 0.02 6.173871481929503 -2.220446049250313E-10 3.494545589630731 -0.18170934099004246
3.5215857699945583 1.000000000000023 2.220446049250313E-12 0.02 6.173555470601702 2.220446049250313E-10 3.514425866519926 -0.18389442393984654
3.541585769994558 0.9999999999999787 -2.220446049250313E-12 0.02 6.173249613160968 -2.220446049250313E-10 3.5343054630272968 -0.1860856883183604
3.5615857699945583 1.000000000000023 2.220446049250313E-12 0.02 6.172953952481876 2.220446049250313E-10 3.5541843995903495 -0.1882829316367735
3.581585769994558 0.9999999999999787 -2.220446049250313E-12 0.02 6.172668529929059 -2.220446049250313E-10 3.5740626969215104 -0.19048595058856832
3.6015857699945584 1.000000000000023 2.220446049250313E-12 0.02 6.17239338535977 2.220446049250313E-10 3.593940375999704 -0.19269454107905448
3.621585769994558 0.9999999999999787 -2.220446049250313E-12 0.02 6.172128557126383 -2.220446049250313E-10 3.6138174580612805 -0.19490849825476983
3.6415857699945584 1.000000000000023 2.220446049250313E-12 0.02 6.171874082078805 2.220446049250313E-10 3.6336939645928656 -0.1971276165330395
3.661585769994558 0.9999999999999787 -2.220446049250313E-12 0.02 6.171629995566855 -2.220446049250313E-10 3.653569917321458 -0.1993516896311718
3.6815857699945584 1.000000000000023 2.220446049250313E-12 0.02 6.171396331442573 2.220446049250313E-10 3.6734453382049863 -0.20158051059564971
3.701585769994558 0.9999999999999787 -2.220446049250313E-12 0.02 6.171173122062436 -2.220446049250313E-10 3.693320249423339 -0.20381387183132194
3.7215857699945585 1.000000000000023 2.220446049250313E-12 0.02 6.170960398289509 2.220446049250313E-10 3.7131946733692143 -0.20605156513052242
3.741585769994558 0.9999999999999787 -2.220446049250313E-12 0.02 6.170758189495501 -2.220446049250313E-10 3.733068632639917 -0.2082933817022471
3.7615857699945585 1.000000000000023 2.220446049250313E-12 0.02 6.170566523562773 2.220446049250313E-10 3.7529421500263016 -0.21053911220096283
3.781585769994558 0.9999999999999787 -2.220446049250313E-12 0.02 6.170385426886231 -2.220446049250313E-10 3.77281524850391 -0.21278854675561498
3.8015857699945577 0.9999999999999787 0.0 0.02 6.170214924375153 1.1102230246251565E-10 3.7926879512230145 -0.21504147499846954
3.821585769994558 1.000000000000023 2.220446049250313E-12 0.02 6.1700550394549065 1.1102230246251565E-10 3.8125602814999344 -0.21729768609405659
3.8415857699945577 0.9999999999999787 -2.220446049250313E-12 0.02 6.169905794068592 -2.220446049250313E-10 3.8324322628067216 -0.21955696876789127
3.861585769994558 1.000000000000023 2.220446049250313E-12 0.02 6.169767208678591 2.220446049250313E-10 3.8523039187611063 -0.2218191113351838
3.8815857699945577 0.9999999999999787 -2.220446049250313E-12 0.02 6.169639302268013 -2.220446049250313E-10 3.872175273116856 -0.22408390172956338
3.901585769994558 1.000000000000023 2.220446049250313E-12 0.02 6.1695220923420555 2.220446049250313E-10 3.892046349753555 -0.22635112753170172
3.9215857699945578 0.9999999999999787 -2.220446049250313E-12 0.02 6.169415594929244 -2.220446049250313E-10 3.911917172667519 -0.22862057599803554
3.9415857699945582 1.000000000000023 2.220446049250313E-12 0.02 6.1693198245826055 2.220446049250313E-10 3.9317877659610008 -0.2308920340892665
3.961585769994558 0.9999999999999787 -2.220446049250313E-12 0.02 6.169234794380707 -2.220446049250313E-10 3.951658153832183 -0.23316528849892398
3.9815857699945583 1.000000000000023 2.220446049250313E-12 0.02 6.169160515928619 2.220446049250313E-10 3.9715283605651703 -0.2354401256819041
4.001585769994558 1.0000000000000009 -1.1102230246251565E-12 0.02 6.16909699935875 -1.6653345369377348E-10 3.991398410519689 -0.23771633188295466
4.021585769994559 1.000000000000023 1.1102230246251565E-12 0.02 6.169044253331599 1.1102230246251565E-10 4.011268328121351 -0.23999369316520522
4.041585769994558 0.9999999999999787 -2.220446049250313E-12 0.02 6.169002285036382 -1.6653345369377348E-10 4.031138137851023 -0.2422719954385799
4.061585769994559 1.000000000000023 2.220446049250313E-12 0.02 6.16897110019157 2.220446049250313E-10 4.051007864234655 -0.24455102448824628
4.081585769994558 0.9999999999999787 -2.220446049250313E-12 0.02 6.168950703045303 -2.220446049250313E-10 4.070877531833046 -0.2468305660030495
4.10158576999456 1.0000000000000675 4.440892098500626E-12 0.02 6.168941096375707 3.3306690738754696E-10 4.090747165231582 -0.2491104056039305
4.121585769994559 0.9999999999999787 -4.440892098500626E-12 0.02 6.1689422814911 -4.440892098500626E-10 4.110616789030014 -0.25139032887234747
4.14158576999456 1.000000000000023 2.220446049250313E-12 0.02 6.168954258230087 3.3306690738754696E-10 4.130486427832092 -0.2536701213786714
4.161585769994559 0.9999999999999787 -2.220446049250313E-12 0.02 6.16897702496155 -2.220446049250313E-10 4.150356106235247 -0.25594956871059216
4.18158576999456 1.000000000000023 2.220446049250313E-12 0.02 6.169010578584525 2.220446049250313E-10 4.170225848820365 -0.2582284565015321
4.201585769994559 0.9999999999999787 -2.220446049250313E-12 0.02 6.169054914527975 -2.220446049250313E-10 4.190095680141522 -0.2605065704590609
4.22158576999456 1.000000000000023 2.220446049250313E-12 0.02 6.169110026750451 2.220446049250313E-10 4.209965624715721 -0.2627836963933195
4.2415857699945585 0.9999999999999343 -4.440892098500626E-12 0.02 6.169175907739647 -3.3306690738754696E-10 4.229835707012422 -0.2650596202454241
4.261585769994559 1.000000000000023 4.440892098500626E-12 0.02 6.1692525485118495 4.440892098500626E-10 4.249705951443533 -0.26733412811594226
4.2815857699945585 0.9999999999999787 -2.220446049250313E-12 0.02 6.169339938611275 -3.3306690738754696E-10 4.269576382353155 -0.2696070062933476
4.301585769994558 0.9999999999999787 0.0 0.02 6.169438066109309 1.1102230246251565E-10 4.289447024007509 -0.2718780412825174
4.321585769994559 1.000000000000023 2.220446049250313E-12 0.02 6.1695469176036335 1.1102230246251565E-10 4.309317900584745 -0.2741470198332341
4.341585769994558 0.9999999999999787 -2.220446049250313E-12 0.02 6.169666478217253 -2.220446049250313E-10 4.329189036164346 -0.27641372896866107
4.361585769994559 1.000000000000023 2.220446049250313E-12 0.02 6.169796731597421 2.220446049250313E-10 4.349060454717683 -0.27867795601397755
4.381585769994558 0.9999999999999787 -2.220446049250313E-12 0.02 6.169937659914459 -2.220446049250313E-10 4.368932180097807 -0.2809394886249491
4.401585769994559 1.000000000000023 2.220446049250313E-12 0.02 6.170089243860489 2.220446049250313E-10 4.388804236029666 -0.2831981148165778
4.421585769994558 0.9999999999999787 -2.220446049250313E-12 0.02 6.170251462648047 -2.220446049250313E-10 4.40867664609999 -0.28545362299174576
4.441585769994559 1.000000000000023 2.220446049250313E-12 0.02 6.170424294008615 2.220446049250313E-10 4.4285494337468965 -0.287705801969859
4.461585769994558 0.9999999999999787 -2.220446049250313E-12 0.02 6.17060771419106 -2.220446049250313E-10 4.448422622250973 -0.28995444101569734
4.481585769994559 1.000000000000023 2.220446049250313E-12 0.02 6.170801697959966 2.220446049250313E-10 4.468296234725241 -0.29219932986817443
4.501585769994558 0.9999999999999787 -2.220446049250313E-12 0.02 6.171006218593904 -2.220446049250313E-10 4.488170294106009 -0.2944402587692351
4.521585769994559 1.000000000000023 2.220446049250313E-12 0.02 6.171221247883572 2.220446049250313E-10 4.50804482314213 -0.29667701849262124
4.541585769994558 0.9999999999999787 -2.220446049250313E-12 0.02 6.171446756129882 -2.220446049250313E-10 4.527919844386092 -0.29890940037288405
4.561585769994559 1.000000000000023 2.220446049250313E-12 0.02 6.171682712141953 2.220446049250313E-10 4.547795380184948 -0.3011371963344256
4.581585769994558 0.9999999999999787 -2.220446049250313E-12 0.02 6.17192908323503 -2.220446049250313E-10 4.567671452670968 -0.30336019892055804
4.601585769994559 1.000000000000023 2.220446049250313E-12 0.02 6.172185835228318 2.220446049250313E-10 4.587548083752754 -0.3055782013226635
4.621585769994558 0.9999999999999787 -2.220446049250313E-12 0.02 6.17245293244272 -2.220446049250313E-10 4.60742529510413 -0.3077909974091575
4.641585769994559 1.000000000000023 2.220446049250313E-12 0.02 6.172730337698545 2.220446049250313E-10 4.627303108157384 -0.30999838175499456
4.661585769994558 0.9999999999999787 -2.220446049250313E-12 0.02 6.173018012313122 -2.220446049250313E-10 4.647181544093591 -0.3122001496708982
4.681585769994559 1.000000000000023 2.220446049250313E-12 0.02 6.173315916098365 2.220446049250313E-10 4.667060623834972 -0.31439609723287815
4.7015857699945585 0.9999999999999787 -2.220446049250313E-12 0.02 6.173624007358214 -2.220446049250313E-10 4.68694036803289 -0.3165860213113211
4.721585769994559 1.000000000000023 2.220446049250313E-12 0.02 6.1739422428861035 2.220446049250313E-10 4.706820797062456 -0.31876971960087297
4.7415857699945585 0.9999999999999787 -2.220446049250313E-12 0.02 6.174270577962327 -2.220446049250313E-10 4.726701931013163 -0.32094699064994325
4.761585769994559 1.000000000000023 2.220446049250313E-12 0.02 6.174608966351374 2.220446049250313E-10 4.746583789681949 -0.32311763389053616
4.7815857699945585 0.9999999999999787 -2.220446049250313E-12 0.02 6.174957360299133 -2.220446049250313E-10 4.7664663925609645 -0.32528144966756983
4.801585769994558 0.9999999999999787 0.0 0.02 6.17531571053018 1.1102230246251565E-10 4.786349758833438 -0.32743823926914306
4.821585769994559 1.000000000000023 2.220446049250313E-12 0.02 6.175683966244944 1.1102230246251565E-10 4.806233907364958 -0.3295878049563664
4.841585769994558 0.9999999999999787 -2.220446049250313E-12 0.02 6.176062075116859 -2.220446049250313E-10 4.826118856695927 -0.33172994999338734
4.861585769994559 1.000000000000023 2.220446049250313E-12 0.02 6.176449983289421 2.220446049250313E-10 4.846004625031205 -0.3338644786771817
4.881585769994558 0.9999999999999787 -2.220446049250313E-12 0.02 6.176847635373325 -2.220446049250313E-10 4.865891230236087 -0.33599119636809244
4.901585769994559 1.000000000000023 2.220446049250313E-12 0.02 6.177254974443528 2.220446049250313E-10 4.885778689828955 -0.3381099095200814
4.921585769994558 0.9999999999999787 -2.220446049250313E-12 0.02 6.1776719420362145 -2.220446049250313E-10 4.905667020971254 -0.3402204257107617
4.941585769994559 1.000000000000023 2.220446049250313E-12 0.02 6.178098478145848 2.220446049250313E-10 4.925556240462229 -0.3423225536720117
4.961585769994558 0.9999999999999787 -2.220446049250313E-12 0.02 6.178534521222192 -2.220446049250313E-10 4.94544636473335 -0.344416103320621
4.981585769994559 1.000000000000023 2.220446049250313E-12 0.02 6.178980008167288 2.220446049250313E-10 4.965337409840778 -0.34650088578879856
5.001585769994558 0.9999999999999787 -2.220446049250313E-12 0.02 6.179434874332384 -2.220446049250313E-10 4.9852293914565085 -0.34857671345461644
5.021585769994559 1.000000000000023 2.220446049250313E-12 0.02 6.179899053515001 2.220446049250313E-10 5.005122324865867 -0.3506433999731883
5.041585769994558 0.9999999999999787 -2.220446049250313E-12 0.02 6.1803724779559275 -2.220446049250313E-10 5.0250162249613854 -0.35270076030753417
5.061585769994559 1.000000000000023 2.220446049250313E-12 0.02 6.180855078336093 2.220446049250313E-10 5.044911106231791 -0.3547486107590135
5.081585769994558 0.9999999999999787 -2.220446049250313E-12 0.02 6.181346783773711 -2.220446049250313E-10 5.064806982761925 -0.3567867689989592
5.101585769994559 1.000000000000023 2.220446049250313E-12 0.02 6.181847521821313 2.220446049250313E-10 5.084703868227275 -0.3588150540998175
5.121585769994558 0.9999999999999787 -2.220446049250313E-12 0.02 6.182357218462634 -2.220446049250313E-10 5.1046017758823945 -0.3608332865657373
5.141585769994559 1.000000000000023 2.220446049250313E-12 0.02 6.182875798109869 2.220446049250313E-10 5.124500718562557 -0.3628412883645784
5.161585769994558 0.9999999999999787 -2.220446049250313E-12 0.02 6.183403183600747 -2.220446049250313E-10 5.144400708677934 -0.3648388829592173
5.181585769994559 1.000000000000023 2.220446049250313E-12 0.02 6.183939296195539 2.220446049250313E-10 5.164301758203439 -0.366825895338493
5.2015857699945585 0.9999999999999787 -2.220446049250313E-12 0.02 6.184484055574414 -2.220446049250313E-10 5.1842038786811315 -0.36880215204947503
5.221585769994559 1.000000000000023 2.220446049250313E-12 0.02 6.185037379834601 2.220446049250313E-10 5.204107081213178 -0.3707674812288494
5.2415857699945585 0.9999999999999787 -2.220446049250313E-12 0.02 6.1855991854875825 -2.220446049250313E-10 5.224011376455024 -0.37272171263439086
5.261585769994559 1.000000000000023 2.220446049250313E-12 0.02 6.186169387456598 2.220446049250313E-10 5.243916774617637 -0.37466467767739425
5.2815857699945585 0.9999999999999787 -2.220446049250313E-12 0.02 6.186747899073869 -2.220446049250313E-10 5.2638232854582485 -0.37659620945403083
5.301585769994558 0.9999999999999787 0.0 0.02 6.18733463207811 1.1102230246251565E-10 5.2837309182790015 -0.378516142777544
5.321585769994559 1.000000000000023 2.220446049250313E-12 0.02 6.187929496612162 1.1102230246251565E-10 5.303639681927675 -0.38042431421069006
5.341585769994558 0.9999999999999787 -2.220446049250313E-12 0.02 6.188532401220319 -2.220446049250313E-10 5.323549584785952 -0.3823205620970446
5.361585769994559 1.000000000000023 2.220446049250313E-12 0.02 6.189143252846272 2.220446049250313E-10 5.343460634776082 -0.38420472659412225
5.381585769994558 0.9999999999999787 -2.220446049250313E-12 0.02 6.1897619568307 -2.220446049250313E-10 5.363372839353093 -0.3860766497051656
5.401585769994559 1.000000000000023 2.220446049250313E-12 0.02 6.1903884169090935 2.220446049250313E-10 5.383286205502675 -0.38793617531152713
5.421585769994558 0.9999999999999787 -2.220446049250313E-12 0.02 6.191022535209843 -2.220446049250313E-10 5.403200739744307 -0.3897831492055844
5.441585769994559 1.000000000000023 2.220446049250313E-12 0.02 6.19166421225196 2.220446049250313E-10 5.423116448120607 -0.391617419122419
5.461585769994558 0.9999999999999787 -2.220446049250313E-12 0.02 6.1923133469435045 -2.220446049250313E-10 5.443033336205643 -0.3934388347732957
5.481585769994559 1.000000000000023 2.220446049250313E-12 0.02 6.19296983657955 2.220446049250313E-10 5.462951409096287 -0.3952472478776145
5.501585769994558 0.9999999999999787 -2.220446049250313E-12 0.02 6.193633576840634 -2.220446049250313E-10 5.482870671415282 -0.39704251219597786
5.521585769994559 1.000000000000023 2.220446049250313E-12 0.02 6.194304461791163 2.220446049250313E-10 5.502791127310097 -0.3988244835629044
5.541585769994558 0.9999999999999787 -2.220446049250313E-12 0.02 6.194982383877854 -2.220446049250313E-10 5.522712780449611 -0.4005930199193832
5.561585769994559 1.000000000000023 2.220446049250313E-12 0.02 6.195667233928585 2.220446049250313E-10 5.542635634029884 -0.4023479813462666
5.581585769994558 0.9999999999999787 -2.220446049250313E-12 0.02 6.196358901150879 -2.220446049250313E-10 5.562559690765836 -0.40408923009643993
5.601585769994559 1.000000000000023 2.220446049250313E-12 0.02 6.197057273131135 2.220446049250313E-10 5.582484952901297 -0.40581663062863427
5.621585769994558 0.9999999999999787 -2.220446049250313E-12 0.02 6.197762235833301 -2.220446049250313E-10 5.6024114221999675 -0.4075300496395862
5.641585769994558 0.9999999999999787 0.0 0.02 6.198473673598334 1.1102230246251565E-10 5.622339099954838 -0.40922935609781996
5.661585769994559 1.0000000000000675 4.440892098500626E-12 0.02 6.199191469143226 2.220446049250313E-10 5.642267986982494 -0.4109144212761403
5.681585769994559 0.9999999999999787 -4.440892098500626E-12 0.02 6.199915503560606 -4.440892098500626E-10 5.662198083629629 -0.4125851187851781
5.7015857699945585 0.9999999999999787 0.0 0.02 6.200645656318156 2.220446049250313E-10 5.68212938977106 -0.4142413246062234
5.721585769994558 0.9999999999999787 0.0 0.02 6.201381805258387 0.0 5.702061904814082 -0.41588291712459635
5.741585769994559 1.0000000000000675 4.440892098500626E-12 0.02 6.202123826598421 2.220446049250313E-10 5.721995627699239 -0.4175097771627175
5.761585769994559 0.9999999999999787 -4.440892098500626E-12 0.02 6.202871594929987 -4.440892098500626E-10 5.741930556903437 -0.41912178801336736
5.7815857699945585 0.9999999999999787 0.0 0.02 6.203624983219544 2.220446049250313E-10 5.761866690442634 -0.4207188354729096
5.801585769994558 0.9999999999999787 0.0 0.02 6.204383862808526 0.0 5.781804025874456 -0.4223008078744913
5.821585769994558 0.9999999999999787 0.0 0.02 6.205148103413795 0.0 5.801742560302078 -0.42386759612133573
5.841585769994559 1.0000000000000675 4.440892098500626E-12 0.02 6.205917573128172 2.220446049250313E-10 5.821682290377048 -0.4254190937199278
5.861585769958695 0.9999999982067909 -8.966383191477689E-8 0.02 6.2066921384197915 -4.48341364034377E-6 5.8416232122680105 -0.4269551968105771
5.881585769002781 0.9999999522043002 -2.3001245352816113E-6 0.02 6.207471664101147 -1.1052303516834172E-4 5.861565320854084 -0.4284758041392911
5.901585762827803 0.9999996912510856 -1.3047660729625932E-5 0.02 6.208256013228162 -5.37376809717216E-4 5.881508607169913 -0.429980816902228
5.921585740539378 0.9999988855787567 -4.0283616442593484E-5 0.02 6.20904504697165 -0.0013617977856483776 5.901453055237495 -0.4314701385567996
5.9415856814477515 0.999997045418688 -9.200800343833748E-5 0.02 6.209838624484231 -0.0025862193497872 5.92139863887733 -0.43294367464664196
5.961585551867807 0.9999935210027733 -1.762207957334283E-4 0.02 6.210636602764 -0.004210639614754541 5.941345318519905 -0.43440133264235103
5.9815853019190595 0.999987502562627 -3.009220073124652E-4 0.02 6.211438836515321 -0.006235060578951845 5.961293038014429 -0.43584302179802104
6.001584862325654 0.999978020329717 -4.741116454987093E-4 0.02 6.212245178007475 -0.008659481909312206 5.981241721439563 -0.4372686530241377
6.021584141216368 0.99996394453572 -7.037896998518534E-4 0.02 6.213055476931402 -0.011483902717657202 6.001191269909876 -0.4386781387765776
6.041583020924612 0.9999439854122105 -9.979561754747124E-4 0.02 6.213869580255434 -0.014708323781142951 6.021141558385824 -0.44007139296243236
6.06158135478843 0.9999166931908832 -0.0013646110663678712 0.02 6.214687332080189 -0.018332744544657942 6.041092432478292 -0.4414483308621551
6.081578963950498 0.9998804581033749 -0.0018117543754136989 0.02 6.215508573493605 -0.022357165452291383 6.061043705257638 -0.44280886906883243
6.101575634158119 0.9998335103810874 -0.0023473861143763486 0.02 6.216333142426299 -0.026781586948132485 6.080995154056896 -0.44415292544393553
6.121571112563236 0.9997739202558531 -0.002979506261713283 0.02 6.217160873508235 -0.03160600736684671 6.100946517279595 -0.4454804190902967
6.14156510452242 0.9996995979591805 -0.003716114833629547 0.02 6.217991597926963 -0.0368304285958132 6.120897491202353 -0.4467912703416586
6.161557270396877 0.9996082937228312 -0.004565211817464387 0.02 6.218825143288363 -0.04245484919174203 6.140847726781065 -0.44808540076934533
6.181547222352439 0.9994975977781095 -0.005534797236084188 0.02 6.219661333480292 -0.048479270930990026 6.160796826453675 -0.44936273320551584
6.201534521159578 0.9993649403569727 -0.006632871056844181 0.02 6.220499988539948 -0.054903691037999636 6.180744340944509 -0.45062319178323323
6.221518672993394 0.9992075916907872 -0.007867433309272087 0.02 6.221340924525538 -0.061728112621395326 6.200689766067571 -0.45186670199300283
6.241499126233622 0.9990226620113951 -0.009246483969604924 0.02 6.222183953392929 -0.06895253301664184 6.220632539529508 -0.45309319075566645
6.261475268264625 0.9988071015501365 -0.01077802306292952 0.02 6.22302888287801 -0.07657695466622982 6.240572037733018 -0.4543025865114365
6.2814464222754 0.9985577005387825 -0.012470050567703339 0.02 6.2238755163854 -0.08460137523869093 6.260507572579482 -0.45549481932474173
6.30141184405958 0.9982710892090019 -0.014330566489029195 0.02 6.224723652884265 -0.0930257960662928 6.28043838827214 -0.4566698210046158
6.321370718815428 0.9979437377923617 -0.016367570832009903 0.02 6.2255730868119095 -0.10185021714903542 6.300363658118936 -0.45782752524023046
6.341322157945834 0.9975719565203267 -0.01858906360174828 0.02 6.226423607985877 -0.11107463848691879 6.320282481335552 -0.45896786775116155
6.361265195858328 0.9971518956247039 -0.021003044781142677 0.02 6.22727500152529 -0.12069905896971989 6.340193879848621 -0.46009078645193746
6.381198786765069 0.9966795453370203 -0.023617514384177696 0.02 6.22812704778213 -0.13072348015175095 6.360096795098962 -0.4611962216303256
6.401121801482847 0.9961507358889232 -0.02644047240485392 0.02 6.228979522283221 -0.14114790103381125 6.379990084845494 -0.46228411613883125
6.421033024233089 0.995561137512091 -0.02947991884161283 0.02 6.229832195683621 -0.1519723218379454 6.399872519969491 -0.46335441559876606
6.440931149442055 0.9949062604483139 -0.032743853188854644 0.02 6.230684833732089 -0.16319671736209074 6.419742781277925 -0.46440706861612924
6.460814778762489 0.9941814660217041 -0.036239721330488806 0.02 6.23153719725901 -0.1747934070817081 6.439599456531163 -0.46544202702023724
6.480682420431681 0.9933820834596041 -0.03996912810499964 0.02 6.232389042277976 -0.18647033872554175 6.459441039802321 -0.4664592462300933
6.500532491816313 0.9925035692315731 -0.043925711401548995 0.02 6.233240120238152 -0.1978291648274677 6.479265934021164 -0.4674586857763835
6.520363322605287 0.9915415394487148 -0.048101489142915455 0.02 6.234090178318496 -0.208788887068323 6.499072454167226 -0.4684403098346802
6.5401731580097415 0.9904917702227234 -0.0524884612995713 0.02 6.234938959735885 -0.2193486078327922 6.518858830473887 -0.469404087734413
6.559960161963042 0.9893501976650398 -0.05707862788417728 0.02 6.235786204066027 -0.22950832923029907 6.5386232116310286 -0.47034999444223735
6.5797224203207865 0.9881129178872072 -0.061863988891630584 0.02 6.2366316475768135 -0.2392680503726652 6.558363667992955 -0.4712780110194488
6.599457944060794 0.9867761870003822 -0.0668365443412533 0.02 6.237475023573164 -0.24862777248113588 6.578078194785136 -0.47218812505249647
6.619164672483122 0.9853364211164006 -0.07198829419907682 0.02 6.238316062752994 -0.2575874928911759 6.597764715317353 -0.47308033105635794
6.638840476410054 0.9837901963465789 -0.07731123849108457 0.02 6.239154493573141 -0.26614721460038737 6.61742108419302 -0.47395463084975975
6.658483161386102 0.9821342488024243 -0.08279737720773284 0.02 6.239990042624821 -0.2743069358324135 6.637045090522841 -0.4748110339021704
6.678090470878005 0.9803654745951462 -0.08843871036390283 0.02 6.240822435017775 -0.2820666578084996 6.656634461141166 -0.4756495576520307
6.697660089474737 0.9784809298365893 -0.09422723792784637 0.02 6.241651394772167 -0.2894263781971773 6.676186863822641 -0.4764702277957688
6.717189646087497 0.9764778306379895 -0.1001549599299878 0.02 6.2424766452172715 -0.2963861001070711 6.695699910496652 -0.477273078547218
6.736676717149716 0.9743535531109515 -0.1062138763519016 0.02 6.243297909396583 -0.30294582109569035 6.715171160470969 -0.4780581528676656
6.756118829817052 0.9721056333668265 -0.11239598720624855 0.02 6.244114910477641 -0.30910554271734725 6.7345981236462285 -0.47882550266562623
6.775513465167394 0.969731767517068 -0.11869329248792582 0.02 6.2449273721665515 -0.3148652640838634 6.753978263742147 -0.4795751889670915
6.794858061400858 0.9672298116732314 -0.1250977921918306 0.02 6.2457350191253305 -0.3202249851952388 6.773309001513647 -0.4803072820553824
6.814150017039796 0.9645977819468854 -0.13160148631730095 0.02 6.246537577391987 -0.32518470627351803 6.792587717977829 -0.48102186158146204
6.8333866941287775 0.961833854449079 -0.13819637489032033 0.02 6.247334774801548 -0.32974442865096876 6.811811757632249 -0.4817190166441161
6.852565421434613 0.9589363652917626 -0.14487445786581787 0.02 6.248126341407778 -0.3339041487748773 6.830978431682272 -0.4823988458408436
6.871683497646335 0.9559038105861006 -0.1516277352830997 0.02 6.248912009903852 -0.3376638708640911 6.850085021259905 -0.48306145728912997
6.890738194575211 0.9527348464438035 -0.15844820711485852 0.02 6.249691516041718 -0.34102359158794116 6.86912878065209 -0.48370696861907175
6.909726760354732 0.9494282889760619 -0.16532787338707777 0.02 6.250464599048377 -0.3439833136109627 6.88810694052043 -0.48433550693718413
6.928646422640621 0.9459831142944353 -0.17225873408133197 0.02 6.251231002038669 -0.34654303471270964 6.907016711126924 -0.48494720876238284
6.947494391810831 0.9423984585104961 -0.17923278919695917 0.02 6.251990472423064 -0.34870275578136045 6.925855285554107 -0.4855422199343471
6.966267864165544 0.9386736177356525 -0.18624203874217926 0.02 6.252742762310024 -0.3504624772610043 6.94461984293412 -0.4861206954953825
6.984964025127172 0.9348080480814147 -0.1932784827118894 0.02 6.253487628901001 -0.35182219848550744 6.963307551663727 -0.48668279954578275
7.003580052440351 0.9308013656589509 -0.20033412112319127 0.02 6.254224834878207 -0.35278192056509283 6.981915572633543 -0.487228705074381
7.022113119371957 0.9266533465802862 -0.20740095393323443 0.02 6.254954148782934 -0.3533416405021583 7.00044106244108 -0.4877585937642151
7.040560397911083 0.9223639269563044 -0.21447098119908858 0.02 6.25567534538487 -0.35350136329270754 7.018881176622799 -0.48827265577528745
7.0589190619690605 0.9179332028988796 -0.22153620287124198 0.02 6.256388206039648 -0.35326108360766995 7.037233072860011 -0.4887710895041025
7.077186290579446 0.9133614305192772 -0.22858861898011895 0.02 6.2570925190358295 -0.35262080544384844 7.055493914212544 -0.4892541013225582
7.095359271098028 0.9086490259290869 -0.23562022950951444 0.02 6.25778807992826 -0.35158052646977467 7.07366087232535 -0.48972190529577
7.113435202402821 0.9037965652396451 -0.24262303447208922 0.02 6.258474691858561 -0.35014024812873856 7.091731130650255 -0.4901747228811669
7.131411298094072 0.898804784562568 -0.24958903385385867 0.02 6.259152165861122 -0.3482999690884725 7.109701887662537 -0.49061278260945046
7.149284789694253 0.8936745800090407 -0.25651022767636533 0.02 6.259820321153939 -0.3460596911253333 7.127570360076525 -0.49103631974886347
7.167052929848072 0.8884070076909723 -0.26337861590342015 0.02 6.260478985413274 -0.3434194113527411 7.145333786053823 -0.49144557595382177
7.18471299552246 0.8830032837193968 -0.27018619857877013 0.02 6.261127995032161 -0.34037913376749884 7.162989428424112 -0.49184079889976584
7.2022622912065835 0.8774647842061611 -0.2769249756617853 0.02 6.261767195360959 -0.33693885415075897 7.180534577889201 -0.4922222419048652
7.21969815211183 0.8717930452623257 -0.2835869471917718 0.02 6.262396440930333 -0.3330985764993244 7.197966556238251 -0.4925901635405952
7.2370179473718235 0.8659897629996749 -0.29016411313254054 0.02 6.263015595655252 -0.32885829703843683 7.215282719551957 -0.49294482723210553
7.254219083242415 0.8600567935295622 -0.29664847350563406 0.02 6.263624533020234 -0.32421801865467614 7.2324804614170635 -0.49328650085022263
7.271299006301685 0.853996152963532 -0.30303202830150866 0.02 6.264223136244319 -0.3191777397937301 7.249557216123203 -0.4936154562959528
7.288255206649941 0.8478100174127867 -0.309306777537266 0.02 6.264811298426643 -0.3137374617878663 7.266510461878913 -0.4939319690796322
7.305085221109723 0.8415007229890747 -0.31546472118559876 0.02 6.2653889226707 -0.30789718241663877 7.283337724003465 -0.4942363178953021
7.321786636425799 0.8350707658038026 -0.32149785926360863 0.02 6.265955922188639 -0.3016569039004935 7.300036578142959 -0.4945287841926561
7.338357092465166 0.8285228019683899 -0.3273981917706337 0.02 6.26651222038354 -0.29501662535125206 7.316604653458402 -0.4948096517469814
7.354794285417055 0.8218596475944473 -0.3331577186971302 0.02 6.267057750911212 -0.28797634632482527 7.333039635838013 -0.49507920622942714
7.371095970992917 0.8150842787930657 -0.3387684400690816 0.02 6.267592457719839 -0.28053606859756997 7.349339271088026 -0.4953377347781684
7.38725996762644 0.8081998316761485 -0.3442223558458579 0.02 6.268116295068446 -0.27269578883881707 7.365501368133475 -0.4955855255723341
7.403284159673538 0.801209602354902 -0.3495114660623244 0.02 6.268629227523756 -0.26445551082332486 7.381523802217864 -0.4958228674098043
7.419166500612356 0.7941170469409009 -0.3546277707000556 0.02 6.26913122993531 -0.2558152318865581 7.39740451809553 -0.4960500492900709
7.434905016243265 0.7869257815454667 -0.35956326977171216 0.02 6.269622287389388 -0.24677495358282897 7.4131415332308706 -0.49626736000358285
7.450497807888869 0.7796395822802005 -0.36430996326330956 0.02 6.270102395141328 -0.2373346745798699 7.4287329409863485 -0.49647508772849547
7.4659430555940025 0.7722623852566723 -0.3688598511764063 0.02 6.270571558527295 -0.22749439565483698 7.444176913826092 -0.49667351963633366
7.481239021325726 0.7647982865861547 -0.3732049335258836 0.02 6.2710297928547005 -0.21725411747386403 7.45947170649963 -0.4968629415071476
7.496384052173327 0.7572515423800663 -0.37733721030441814 0.02 6.27147712327263 -0.20661383892672802 7.474615659238782 -0.49704363735562096
7.511376583548329 0.7496265687501058 -0.3812486814980254 0.02 6.271913584622095 -0.19557355968036205 7.489607200948592 -0.4972158890688422
7.5262151423578185 0.7419279404744739 -0.38493141378159734 0.02 6.272339221265906 -0.18413661417859828 7.504444852368113 -0.4973799760563673
7.540898349116498 0.7341603379339645 -0.3883801270254672 0.02 6.272754086870221 -0.17243566219349304 7.519127228183133 -0.4975361749028735
7.555424916591946 0.7263283737724002 -0.3915982080782143 0.02 6.273158244074092 -0.1609040526373562 7.533653035647518 -0.4976847590026081
7.569793646702651 0.7184365055352693 -0.3945934118565475 0.02 6.273551764106435 -0.14976018891665888 7.548021071484467 -0.49782599820276896
7.5840034273180095 0.7104890307679135 -0.39737373836779 0.02 6.27393472639935 -0.13901632556212462 7.562230218668511 -0.49796015847480696
7.598053229058329 0.7024900870159723 -0.3999471875970606 0.02 6.2743072182023845 -0.1286724614635304 7.576279443216393 -0.4980875016143129
7.6119421020948215 0.6944436518246278 -0.4023217595672257 0.02 6.274669334198327 -0.11872859850825535 7.590167790976633 -0.4982082849684344
7.625669172949611 0.6863535427394929 -0.4045054542567428 0.02 6.275021176121334 -0.10918473447585342 7.603894384417751 -0.4983227611899553
7.639233641295732 0.6782234173060342 -0.40650627167293507 0.02 6.2753628523782465 -0.10004087080961455 7.61745841941878 -0.49843117801705894
7.652634776757128 0.6700567730697937 -0.4083322118120236 0.02 6.275694477673705 -0.09129700695442722 7.6308591620561455 -0.4985337780778156
7.665871915708646 0.6618569475759006 -0.40999127469465435 0.02 6.276016172639875 -0.08295314413153676 7.644095945392864 -0.49863079871839033
7.678944458076048 0.6536271183700926 -0.41149146029040296 0.02 6.2763280634713885 -0.07500927978743022 7.657168166267532 -0.49872247185400803
7.6918518641360025 0.6453703029977387 -0.4128407686176949 0.02 6.276630281566092 -0.06746541636459824 7.670075282083233 -0.49880902384160575
7.70459365131609 0.6370893590043725 -0.4140471996683104 0.02 6.2769229631721855 -0.060321552530773204 7.682816807596659 -0.49889067537321014
7.717169390994797 0.6287869839353366 -0.41511875345179305 0.02 6.2772062490422575 -0.053577689174133525 7.6953923117074625 -0.4989676413889827
7.729578705301518 0.6204657153360493 -0.41606342996436396 0.02 6.277480284094693 -0.04723382562854539 7.707801414247778 -0.49904013100893313
7.7418212639165604 0.6121279307521377 -0.4168892291955828 0.02 6.2777452170829 -0.04128996156094189 7.720043782772083 -0.49910834748230953
7.753896780871138 0.6037758477288602 -0.41760415116387506 0.02 6.2780012002727155 -0.03574609841461296 7.7321191293472875 -0.4991724881536404
7.765805011347376 0.5954115238119062 -0.4182161958476982 0.02 6.278248389128351 -0.03060223419115715 7.744027207341871 -0.49923274444444443
7.777545748478304 0.587036856546419 -0.4187333632743595 0.02 6.27848694200726 -0.025858371333065122 7.7557678082197965 -0.49928930184968706
7.789118820147867 0.5786535834781503 -0.41916365341343464 0.02 6.2787170198640085 -0.021514506953757007 7.767340758329535 -0.4993423399479476
7.800524085790914 0.5702632821523501 -0.41951506629001045 0.02 6.278938785963518 -0.017570643828790367 7.778745915694768 -0.49939203242442415
7.811761433193207 0.5618673701146548 -0.41979560188476484 0.02 6.279152405603814 -0.014026779737719153 7.789983166805646 -0.4994385471058625
7.822830775291412 0.5534671049102435 -0.4200132602205642 0.02 6.279358045848548 -0.010882916789967112 7.801052423416291 -0.49948204600651086
7.833732046973108 0.545063584084815 -0.42017604127142505 0.02 6.279555875269007 -0.00813905254304359 7.811953619328811 -0.4995226853842057
7.844465201876784 0.5366577451837884 -0.42029194505133205 0.02 6.279746063696267 -0.005795188995350031 7.822686707194413 -0.4995606158058449
7.855030209191836 0.5282503657525695 -0.4203689715609471 0.02 6.279928781982911 -0.003851325480752621 7.833251655299566 -0.4995959822213264
7.865427050458567 0.5198420633365508 -0.42041512080093213 0.02 6.280104201774839 -0.002307461999251359 7.843648444366363 -0.4996289240452989
7.875655716368192 0.5114332954812895 -0.42043839276306727 0.02 6.280272495292618 -0.0011635981067570356 7.853877064338604 -0.49965957524584115
7.885716203562839 0.5030243597323292 -0.42044678744801445 0.02 6.280433835122836 -4.1973424735886056E-4 7.863937511184489 -0.4996880644395173
7.8956085115383745 0.4946153987767765 -0.4204480477776329 0.02 6.280588394020404 -6.301648092232881E-5 7.873829783788094 -0.49971451499222236
7.905332641325815 0.4862064893720319 -0.42044547023722956 0.02 6.280736344746889 1.2887702016683988E-4 7.883553882626883 -0.4997390451292943
7.914888597630311 0.4777978152247897 -0.42043370736211116 0.02 6.280877859964087 5.881437559196456E-4 7.893109811906846 -0.49976176805632977
7.924276392006103 0.46938971878960345 -0.4204048217593126 0.02 6.2810131121386945 0.0014442801399283667 7.902497582733622 -0.4997827920818645
7.933496046056522 0.4609827025209512 -0.4203508134326128 0.02 6.281142273441446 0.002700416334988631 7.911717216306503 -0.4998022207389899
7.942547594633989 0.4525774288733686 -0.4202636823791295 0.02 6.281265515640736 0.004356552674167347 7.920768747115396 -0.499820152906116
7.951431089040018 0.444174720301449 -0.4201354285959802 0.02 6.28138300999103 0.006412689157464513 7.929652226137162 -0.499836682927032
7.960146600225213 0.4357755592597101 -0.4199580520869439 0.02 6.281494927116494 0.008868825451813223 7.938367724032255 -0.4998519007304678
7.968694221989268 0.42738108820277176 -0.41972355284691787 0.02 6.281601436890239 0.011724962001302686 7.94691533434157 -0.4998658919492733
7.977074074180971 0.41899260958513374 -0.41942393088190144 0.02 6.281702708309638 0.01498109825082139 7.955295176683555 -0.4998787380393652
7.985286305898196 0.41061158586126467 -0.41905118619345316 0.02 6.281798909368183 0.01863723442241394 7.963507399951302 -0.4998905163984839
7.993331098687912 0.4022396394857797 -0.41859731877424977 0.02 6.281890206924353 0.022693370960169545 7.971552185509829 -0.4999013004848572
8.001208669746177 0.3938785529132627 -0.4180543286258498 0.02 6.281976766568039 0.027149507419998997 7.979429750395543 -0.49991115993580704
8.008919275118142 0.38553026859826645 -0.41741421574981175 0.02 6.282058752484962 0.032005643801902295 7.987140350512148 -0.499920160686297
8.016463212898046 0.37719688899517934 -0.4166689801543555 0.02 6.282136327319718 0.03726177977281253 7.994684283829064 -0.49992836508740246
8.023840826429218 0.368880676558625 -0.4158106218277169 0.02 6.2822096520379365 0.04291791633193043 8.002061893579585 -0.49993583202470626
8.031052507504086 0.36058405374337354 -0.41483114076257266 0.02 6.28227888578815 0.04897405325721138 8.009273571461335 -0.4999426170365419
8.03809869956416 0.3523096030036754 -0.41372253698490624 0.02 6.2823441857638915 0.05543018888332085 8.016319760831776 -0.4999487724320136
8.044979900900042 0.3440600667941496 -0.41247681047629214 0.02 6.282405707066645 0.06228632543070489 8.023200959907939 -0.49995434740870043
8.051696667851429 0.3358383475693394 -0.41108596124050933 0.02 6.282463602570237 0.06954246178914048 8.029917724967094 -0.49995938816996743
8.058249618007109 0.3276475077839791 -0.4095419892680141 0.02 6.2825180227871655 0.07719859862476142 8.036470673542471 -0.4999639380417292
8.064639433404956 0.31949076989237213 -0.407836894580349 0.02 6.282569115737549 0.08525473438325548 8.042860487624374 -0.49996803758854147
8.07086686373194 0.31137151634919036 -0.4059626771590885 0.02 6.282617026821222 0.09371087106302411 8.049087916859381 -0.4999717247289
8.076932729524117 0.3032932896088525 -0.4039113370168934 0.02 6.2826618986935205 0.10256700710975508 8.05515378174805 -0.4999750348495544
8.08283792536664 0.2952597921261457 -0.4016748741353382 0.02 6.2827038711453795 0.11182314407776062 8.061058976845047 -0.4999780009187034
8.088583423093748 0.2872748863554264 -0.3992452885359654 0.02 6.282743080988252 0.12147927996863928 8.066804473959383 -0.49998065359790766
8.094170274988771 0.279342594751153 -0.39661458021367224 0.02 6.282779661944374 0.1315354161146587 8.07239132535238 -0.49998302135251804
8.099599616984134 0.2714670997681523 -0.3937747491500332 0.02 6.282813744542927 0.14199155318195267 8.077820666937809 -0.4999851305604737
8.104872671861349 0.2636527438607317 -0.3907177953710317 0.02 6.2828454560225655 0.15284768895007517 8.083093721481443 -0.49998700561928505
8.109990752450402 0.2559040294526582 -0.3874357204036727 0.02 6.282874920240782 0.16410374836794972 8.088211801800082 -0.49998866905103223
8.11495526453544 0.2482256042519282 -0.3839212600365016 0.02 6.282902257588986 0.17572301835855342 8.09317631366672 -0.49999014160511207
8.119767707198191 0.24062213313751357 -0.38017355572073086 0.02 6.282927584902526 0.18738521578853806 8.097988756153383 -0.4999914423580662
8.124429670140618 0.23309814712133559 -0.3761993008088993 0.02 6.282951015367957 0.19871274559157825 8.102650718954818 -0.4999925888105819
8.12894283048873 0.22565801740563884 -0.3720064857848371 0.02 6.2829726584439705 0.20964075120311065 8.107163879190344 -0.4999935969824546
8.13330894959259 0.21830595519301 -0.3676031106314426 0.02 6.282992619798621 0.22016875766972532 8.111529998204498 -0.49999448150530035
8.1375298698263 0.21104601168548953 -0.36299717537602305 0.02 6.283011001262218 0.23029676277097622 8.11575091836706 -0.4999952557127266
8.141607511388017 0.20388207808581527 -0.3581966799837133 0.02 6.283027900795254 0.2400247696154878 8.119828559872893 -0.4999959317276964
8.14554386909994 0.19681788559617885 -0.3532096244818206 0.02 6.283043412470665 0.2493527750946356 8.123764917540681 -0.4999965205468391
8.149341009208323 0.189857005419114 -0.34804400885324327 0.02 6.283057626469777 0.2582807814288657 8.127562057614647 -0.4999970321215527
8.153001066183455 0.18300284875660822 -0.34270783312528863 0.02 6.283070629091167 0.266808786397732 8.131222114562751 -0.4999974754357139
8.156526239519684 0.1762586668114352 -0.33720909725865056 0.02 6.283082502771762 0.2749367933319036 8.134747287878167 -0.4999978585799151
8.159918790535402 0.1696275507859113 -0.33155580127619544 0.02 6.283093326119381 0.282664799122756 8.1381398388778 -0.4999981888221333
8.163181039173045 0.16311243188216196 -0.325755945187467 0.02 6.283103173956026 0.28999280443642306 8.141402087503131 -0.49999847267478303
8.166315360799102 0.15671608130283232 -0.31981752896648175 0.02 6.283112117371123 0.2969208110492616 8.144536409119723 -0.49999871595813844
8.169324183004102 0.15044111025002138 -0.313748552640547 0.02 6.283120223783979 0.30344881629673637 8.147545231317622 -0.49999892386011763
8.172209982402633 0.14428996992652543 -0.3075570161747976 0.02 6.283127557014706 0.3095768232874718 8.150431030710752 -0.4999991009924993
8.174975281433321 0.13826495153441698 -0.3012509196054225 0.02 6.283134177362836 0.3153048284687543 8.153196329737241 -0.49999925144354
8.17762264515884 0.13236818627593294 -0.2948382629242019 0.02 6.283140141692912 0.3206328340610298 8.15584369345973 -0.4999993788271643
8.180154678065913 0.12660164535365226 -0.28832704611403415 0.02 6.283145503526307 0.32556084050838763 8.158375726364497 -0.4999994863287309
8.182574020865314 0.12096713997005182 -0.28172526918002205 0.02 6.283150313138546 0.3300888467006047 8.160795069162297 -0.4999995767475209
8.18488334729186 0.11546632132732881 -0.2750409321361502 0.02 6.283154617661443 0.33421685219359176 8.163104395587611 -0.49999965253603423
8.18708536090442 0.11010068062802247 -0.268282034965317 0.02 6.283158461189337 0.3379448585416611 8.165306409199214 -0.4999997158362303
8.189182791885903 0.10487154907412588 -0.26145657769482966 0.02 6.283161884888784 0.3412728635243667 8.167403840180034 -0.499999768512859
8.191178393843272 0.09978009786841824 -0.2545725602853821 0.02 6.283164927111033 0.3442008704723776 8.169399442136918 -0.49999981218396183
8.193074940607536 0.09482733821322142 -0.24763798275984072 0.02 6.283167623506671 0.3467288762770693 8.171295988900852 -0.49999984824876725
8.194875223033751 0.09001412131075526 -0.24066084512330832 0.02 6.283170007141835 0.3488568818266202 8.173096271326827 -0.49999987791304457
8.19658204580102 0.08534113836340396 -0.23364914736756504 0.02 6.283172108615404 0.35058488778716423 8.174803094093951 -0.4999999022121304
8.198198224212492 0.08080892057362732 -0.2266108894888319 0.02 6.2831739561766335 0.3519128939366567 8.17641927250532 -0.499999922031716
8.199726580995367 0.07641783914378308 -0.21955407149221173 0.02 6.2831755758427015 0.3528408998310084 8.177947629288091 -0.49999993812658905
8.201169943100894 0.07216810527630457 -0.21248669337392556 0.02 6.283176991515681 0.3533689059143086 8.179390991393609 -0.4999999511374497
8.202531138504359 0.0680597701732566 -0.20541675515239888 0.02 6.283178225098469 0.3534969110763342 8.180752186796996 -0.4999999616059382
8.203812993005108 0.06409272503749008 -0.19835225678832558 0.02 6.283179296609245 0.3532249182036651 8.182034041297753 -0.4999999699880271
8.20501832702653 0.06026670107104337 -0.1913011983223356 0.02 6.28318022429406 0.3525529232994984 8.183239375319141 -0.49999997666590895
8.206149952416055 0.056581269476296825 -0.18427157973732733 0.02 6.2831810247371775 0.35148092925041396 8.18437100070865 -0.49999998195848827
8.207210669245173 0.053035841455884025 -0.17727140102063998 0.02 6.283181712968845 0.3500089358343672 8.185431717537767 -0.4999999861306275
8.20820326260941 0.04962966821189241 -0.17030866219958085 0.02 6.283182302570169 0.34813694105295667 8.186424310902002 -0.49999998940124485
8.209130499428348 0.04636184094684026 -0.1633913632526074 0.02 6.283182805774846 0.345864947348673 8.187351547720944 -0.4999999919503839
8.209995125245609 0.043231290863054994 -0.1565275041892633 0.02 6.283183233567481 0.343192953167204 8.188216173538208 -0.4999999939253394
8.210799861028867 0.0402367891629396 -0.14972508500576964 0.02 6.283183595778299 0.34012095917468343 8.189020909321481 -0.4999999954459815
8.211547399969843 0.03737694704879502 -0.1429921057072292 0.02 6.283183901174063 0.3366489649270221 8.189768448262454 -0.4999999966093092
8.212240404284307 0.03465021572317539 -0.13633656628098123 0.02 6.283184157545058 0.3327769713123985 8.19046145257691 -0.49999999749335666
8.21288150201207 0.03205488638817755 -0.12976646674989212 0.02 6.283184371788006 0.32850497655445565 8.191102550304675 -0.49999999816053303
8.213473283816999 0.02958909024641798 -0.12328980708797843 0.02 6.283184549984826 0.3238329830956843 8.191694332109606 -0.49999999866042727
8.214018299787003 0.027250798500233486 -0.11691458730922477 0.02 6.283184697477191 0.318760988937683 8.192239348079621 -0.49999999903219305
8.21451905623404 0.025037822351858807 -0.11064880741873395 0.02 6.283184818936819 0.31328899452454095 8.192740104526656 -0.4999999993065344
8.214978012494115 0.022947813003693085 -0.10450046740828611 0.02 6.28318491843151 0.30741700052239196 8.193199060786732 -0.49999999950735047
8.215397577727282 0.020978261658388675 -0.0984775672652205 0.02 6.283184999486933 0.30114500715328063 8.193618626019905 -0.499999999653121
8.215780107717642 0.01912649951796297 -0.09258810702128528 0.02 6.283185065144204 0.2944730121967609 8.19400115601026 -0.4999999997580134
8.216127901673339 0.01738969778486421 -0.08684008665493792 0.02 6.283185118013321 0.2874010183173681 8.19434894996596 -0.49999999983281096
8.216443199026571 0.015764867661616222 -0.08124150616239945 0.02 6.283185160322521 0.2799290246269237 8.194664247319192 -0.49999999988564287
8.21672817623358 0.014248860350463133 -0.07580036555765446 0.02 6.283185193963678 0.27205703023724936 8.194949224526205 -0.4999999999225979
8.216984943574658 0.012838367053902289 -0.0705246648280422 0.02 6.283185220533858 0.2637850364806127 8.195205991867285 -0.49999999994818045
8.217215541954142 0.011529918974151343 -0.06542240398754728 0.02 6.2831852413731575 0.25511304202474605 8.19543659024677 -0.4999999999657028
8.217421939700415 0.010319887313681164 -0.06050158302350894 0.02 6.283185257598976 0.24604104820191708 8.195642987993036 -0.4999999999775708
8.217606029365912 0.009204483274860564 -0.055770201941029995 0.02 6.283185270136903 0.23656905412394735 8.195827077658537 -0.4999999999855158
8.217769624527113 0.008179758060045117 -0.051236260740772366 0.02 6.283185279748365 0.22669706001288148 8.195990672819736 -0.4999999999907704
8.217914456584545 0.007241602871577157 -0.04690775942339798 0.02 6.2831852870552485 0.21642506586871946 8.196135504877171 -0.49999999999420036
8.218042171562784 0.006385748911963418 -0.04279269798068697 0.02 6.283185292561659 0.2057530721355505 8.19626321985541 -0.49999999999640954
8.218154326910451 0.0056077673833421215 -0.03889907643106483 0.02 6.283185296673032 0.19468107748110697 8.196375375203077 -0.49999999999781203
8.218252388341444 0.004903071549655635 -0.03523479168432431 0.02 6.283185299712804 0.18321423733702602 8.196473436634072 -0.49999999999868966
8.218337727931795 0.004266979517542069 -0.03180460160567833 0.02 6.283185301936838 0.1715095039322989 8.196558776224421 -0.49999999999922956
8.218411625728478 0.0036948898341826464 -0.028604484167971123 0.02 6.283185303545859 0.1600058718853603 8.196632674021107 -0.49999999999955497
8.218475272881287 0.003182357640429956 -0.025626609687634527 0.02 6.2831853046959685 0.14889372401682976 8.196696321173917 -0.49999999999974915
8.218529774842827 0.0027250980769721878 -0.022862978172888404 0.02 6.28318530550743 0.13818157573730616 8.196750823135455 -0.4999999999998626
8.218576154568513 0.0023189862843331355 -0.020305589631952614 0.02 6.283185306071967 0.1278694270467895 8.196797202861143 -0.4999999999999246
8.218615355716583 0.00196005740349392 -0.017946444041960774 0.02 6.283185306458784 0.117957279499592 8.196836404009215 -0.49999999999996186
8.218648245848083 0.0016445065750048116 -0.01577754142445542 0.02 6.283185306719473 0.10844513087526764 8.196869294140715 -0.4999999999999814
8.218675619626874 0.0013686889395181367 -0.01379088177433374 0.02 6.283185306892014 0.09933298250608402 8.196896667919505 -0.4999999999999903
8.218698202019633 0.001129119637965914 -0.011978465077611133 0.02 6.283185307003971 0.09062083483613037 8.196919250312265 -0.4999999999999964
8.218716651495846 9.224738106716757E-4 -0.01033229136471192 0.02 6.283185307075051 0.08230868564496063 8.19693769978848 -0.49999999999999817
8.218731563227822 7.455865987715526E-4 -0.008844360595006151 0.02 6.283185307119103 0.07439653848528849 8.196952611520455 -0.49999999999999906
8.218743472290674 5.95453142615554E-4 -0.00750667280779993 0.02 6.283185307145683 0.06688438936031105 8.196964520583306 -0.49999999999999994
8.21875285686234 4.692285832774701E-4 -0.006311227966904198 0.02 6.283185307161246 0.059772242044786594 8.196973905154971 -0.5000000000000018
8.21876014142356 3.6422806104496885E-4 -0.005250026111625061 0.02 6.283185307170056 0.053060092763956845 8.196981189716192 -0.5000000000000009
8.218765699957897 2.779267168406818E-4 -0.004315067210214352 0.02 6.283185307174857 0.04674794507053548 8.196986748250529 -0.5000000000000027
8.218769859151728 2.0795969151166105E-4 -0.0034983512664510386 0.02 6.283185307177359 0.04083579718816566 8.19699090744436 -0.5000000000000009
8.218772901594237 1.5212212547410786E-4 -0.0027918783018776594 0.02 6.2831853071786 0.03532364822866896 8.196993949886869 -0.5
8.21877506897743 1.0836915969036909E-4 -0.0021876482891869387 0.02 6.28318530717918 0.030211500634536037 8.196996117270064 -0.5
8.218776565296125 7.481593469194081E-5 -0.0016776612499214139 0.02 6.283185307179433 0.02549935196327624 8.196997613588756 -0.5
8.218777560047949 4.9737591201193254E-5 -0.0012539171745373778 0.02 6.283185307179533 0.0211872037692018 8.196998608340582 -0.500000000000001
8.218778191433351 3.1569270131370786E-5 -9.084160534911234E-4 0.02 6.28318530717957 0.01727505605231272 8.196999239725985 -0.5000000000000009
8.218778569555587 1.890611178723134E-5 -6.331579172069723E-4 0.02 6.283185307179582 0.013762906814207554 8.196999617848219 -0.500000000000001
8.218778779620733 1.0503257286131884E-5 -4.2014272505497274E-4 0.02 6.283185307179585 0.01065075960759998 8.196999827913364 -0.5000000000000009
8.218778885137676 5.275847136942957E-6 -2.6137050745944634E-4 0.02 6.283185307179585 0.00793861087977632 8.196999933430307 -0.4999999999999991
8.218778931118115 2.2990219505913956E-6 -1.4884125931757808E-4 0.02 6.283185307179586 0.005626462407093413 8.196999979410746 -0.5
8.218778947276569 8.079227065138639E-7 -7.455496220387658E-5 0.02 6.283185307179585 0.0037143148556850747 8.196999995569202 -0.5
8.218778951230366 1.9768986447843417E-7 -3.0511642101771486E-5 0.02 6.283185307179586 0.002202166005105255 8.196999999523 -0.5
8.218778951699651 2.346425276300579E-8 -8.71128058577142E-6 0.02 6.283185307179586 0.0010900180758000033 8.196999999992283 -0.5000000000000009
8.218778951707367 3.858247055177344E-10 -1.1539214028744027E-6 0.02 6.283185307179585 3.7786795914485083E-4 8.197 -0.5000000000000009
8.218778951707367 0.0 -1.929123527588672E-8 0.02 6.283185307179585 5.67315083799258E-5 8.197 -0.5000000000000009
